table_catalog,table_schema,table_name,column_name,data_type
rpt-network-plng,sitetracker_data,ST_PROJECT_RELATIONSHIPS_V,st_project_id,STRING
rpt-network-plng,sitetracker_data,ST_PROJECT_RELATIONSHIPS_V,phase_projects,STRING
rpt-network-plng,sitetracker_data,ST_PROJECT_RELATIONSHIPS_V,PHASE_PROJECT_TYPE,STRING
rpt-network-plng,sitetracker_data,ST_PROJECT_RELATIONSHIPS_V,PHASE_COUNT,BIGNUMERIC
rpt-network-plng,sitetracker_data,ST_PROJECT_RELATIONSHIPS_V,phase_project_complete_count,INT64
rpt-network-plng,sitetracker_data,ST_PROJECT_RELATIONSHIPS_V,phase_project_cancelled_count,INT64
rpt-network-plng,sitetracker_data,ST_PROJECT_RELATIONSHIPS_V,phase_project_url,STRING
rpt-network-plng,sitetracker_data,ST_PROJECT_RELATIONSHIPS_V,phase_fw_project_url,STRING
rpt-network-plng,sitetracker_data,ST_PROJECT_RELATIONSHIPS_V,site_projects,STRING
rpt-network-plng,sitetracker_data,ST_PROJECT_RELATIONSHIPS_V,site_project_type,STRING
rpt-network-plng,sitetracker_data,ST_PROJECT_RELATIONSHIPS_V,site_project_count,INT64
rpt-network-plng,sitetracker_data,ST_PROJECT_RELATIONSHIPS_V,site_project_complete_count,INT64
rpt-network-plng,sitetracker_data,ST_PROJECT_RELATIONSHIPS_V,site_project_cancelled_count,INT64
rpt-network-plng,sitetracker_data,ST_PROJECT_RELATIONSHIPS_V,site_project_url,STRING
rpt-network-plng,sitetracker_data,ST_PROJECT_RELATIONSHIPS_V,site_fw_project_url,STRING
rpt-network-plng,sitetracker_data,ST_PROJECT_RELATIONSHIPS_V,associated_projects,STRING
rpt-network-plng,sitetracker_data,ST_PROJECT_RELATIONSHIPS_V,associated_project_type,STRING
rpt-network-plng,sitetracker_data,ST_PROJECT_RELATIONSHIPS_V,associated_project_count,INT64
rpt-network-plng,sitetracker_data,ST_PROJECT_RELATIONSHIPS_V,associated_project_complete_count,INT64
rpt-network-plng,sitetracker_data,ST_PROJECT_RELATIONSHIPS_V,associated_project_cancelled_count,INT64
rpt-network-plng,sitetracker_data,ST_PROJECT_RELATIONSHIPS_V,associated_project_url,STRING
rpt-network-plng,sitetracker_data,ST_PROJECT_RELATIONSHIPS_V,associated_fw_project_url,STRING
rpt-network-plng,sitetracker_data,ST_PROJECT_RELATIONSHIPS_V,site_associated_projects,STRING
rpt-network-plng,sitetracker_data,ST_PROJECT_RELATIONSHIPS_V,site_associated_project_type,STRING
rpt-network-plng,sitetracker_data,ST_PROJECT_RELATIONSHIPS_V,site_associated_project_count,INT64
rpt-network-plng,sitetracker_data,ST_PROJECT_RELATIONSHIPS_V,site_associated_project_complete_count,INT64
rpt-network-plng,sitetracker_data,ST_PROJECT_RELATIONSHIPS_V,site_associated_project_cancelled_count,INT64
rpt-network-plng,sitetracker_data,ST_PROJECT_RELATIONSHIPS_V,site_associated_project_url,STRING
rpt-network-plng,sitetracker_data,ST_PROJECT_RELATIONSHIPS_V,site_associated_fw_project_url,STRING
rpt-network-plng,sitetracker_data,ST_PROJECT_RELATIONSHIPS_V,related_projects,STRING
rpt-network-plng,sitetracker_data,ST_PROJECT_RELATIONSHIPS_V,related_project_type,STRING
rpt-network-plng,sitetracker_data,ST_PROJECT_RELATIONSHIPS_V,related_project_count,INT64
rpt-network-plng,sitetracker_data,ST_PROJECT_RELATIONSHIPS_V,related_project_complete_count,INT64
rpt-network-plng,sitetracker_data,ST_PROJECT_RELATIONSHIPS_V,related_project_cancelled_count,INT64
rpt-network-plng,sitetracker_data,ST_PROJECT_RELATIONSHIPS_V,related_project_url,STRING
rpt-network-plng,sitetracker_data,ST_PROJECT_RELATIONSHIPS_V,related_fw_project_url,STRING
rpt-network-plng,sitetracker_data,ST_PROJECT_RELATIONSHIPS_V,qf_projects,STRING
rpt-network-plng,sitetracker_data,ST_PROJECT_RELATIONSHIPS_V,qf_project_count,INT64
rpt-network-plng,sitetracker_data,ST_PROJECT_RELATIONSHIPS_V,qf_project_url,STRING
rpt-network-plng,sitetracker_data,LDR_ST_GENERIC_V,ST_PROJECT_ID,STRING
rpt-network-plng,sitetracker_data,LDR_ST_GENERIC_V,PROJECT_TYPE,STRING
rpt-network-plng,sitetracker_data,LDR_ST_GENERIC_V,JOB_TYPE__C,STRING
rpt-network-plng,sitetracker_data,LDR_ST_GENERIC_V,ASSOC_PROJECT_NAME,STRING
rpt-network-plng,sitetracker_data,LDR_ST_GENERIC_V,ASSOC_ST_PROJECT_ID,STRING
rpt-network-plng,sitetracker_data,LDR_ST_GENERIC_V,ASSOC_PROJECT_TYPE,STRING
rpt-network-plng,sitetracker_data,LDR_ST_GENERIC_V,SITETRACKER__PROJECT_STATUS,STRING
rpt-network-plng,sitetracker_data,LDR_ST_GENERIC_V,SAP_SYSTEM_STATUS,STRING
rpt-network-plng,sitetracker_data,LDR_ST_GENERIC_V,CURRENT_OPEN_ACTIVITY,STRING
rpt-network-plng,sitetracker_data,LDR_ST_GENERIC_V,FURTHEST_COMPLETED_ACTIVITY,STRING
rpt-network-plng,sitetracker_data,LDR_ST_GENERIC_V,PROJECT_NAME,STRING
rpt-network-plng,sitetracker_data,LDR_ST_GENERIC_V,PROJECT_DESCRIPTION,STRING
rpt-network-plng,sitetracker_data,LDR_ST_GENERIC_V,HELD_ORDER_ID,STRING
rpt-network-plng,sitetracker_data,LDR_ST_GENERIC_V,WHY_NOW,STRING
rpt-network-plng,sitetracker_data,LDR_ST_GENERIC_V,WHY,STRING
rpt-network-plng,sitetracker_data,LDR_ST_GENERIC_V,ORIGINAL_ECD_NCD,TIMESTAMP
rpt-network-plng,sitetracker_data,LDR_ST_GENERIC_V,MECD,TIMESTAMP
rpt-network-plng,sitetracker_data,LDR_ST_GENERIC_V,FIREWORKS_PROJECT_NUMBER,STRING
rpt-network-plng,sitetracker_data,LDR_ST_GENERIC_V,ASSOCIATED_PROJECT,STRING
rpt-network-plng,sitetracker_data,LDR_ST_GENERIC_V,RESPONSIBLE_PERSON,STRING
rpt-network-plng,sitetracker_data,LDR_ST_GENERIC_V,SERVICE_AREA,STRING
rpt-network-plng,sitetracker_data,LDR_ST_GENERIC_V,COMPANY_CODE,STRING
rpt-network-plng,sitetracker_data,LDR_ST_GENERIC_V,CAPITAL_APPROVAL_CODE,STRING
rpt-network-plng,sitetracker_data,LDR_ST_GENERIC_V,CITY,STRING
rpt-network-plng,sitetracker_data,LDR_ST_GENERIC_V,COUNTY,STRING
rpt-network-plng,sitetracker_data,LDR_ST_GENERIC_V,STATE,STRING
rpt-network-plng,sitetracker_data,LDR_ST_GENERIC_V,LEGACY_COMPANY,STRING
rpt-network-plng,sitetracker_data,LDR_ST_GENERIC_V,EXCHANGE_NAME,STRING
rpt-network-plng,sitetracker_data,LDR_ST_GENERIC_V,EXCHANGE,STRING
rpt-network-plng,sitetracker_data,LDR_ST_GENERIC_V,PRIMARY_WIRE_CENTER_ID,STRING
rpt-network-plng,sitetracker_data,LDR_ST_GENERIC_V,PRIMARY_WIRE_CENTER_NAME,STRING
rpt-network-plng,sitetracker_data,LDR_ST_GENERIC_V,INVESTMENT_REASON,STRING
rpt-network-plng,sitetracker_data,LDR_ST_GENERIC_V,MARKET_CLUSTER,STRING
rpt-network-plng,sitetracker_data,LDR_ST_GENERIC_V,VERB_CODE_AND_DESCRIPTION,STRING
rpt-network-plng,sitetracker_data,LDR_ST_GENERIC_V,PROGRAM_NAME,STRING
rpt-network-plng,sitetracker_data,LDR_ST_GENERIC_V,SOW_FORM_ID,STRING
rpt-network-plng,sitetracker_data,LDR_ST_GENERIC_V,SOW_FORM,STRING
rpt-network-plng,sitetracker_data,LDR_ST_GENERIC_V,FLAG_FOR_DELETION,NUMERIC
rpt-network-plng,sitetracker_data,LDR_ST_GENERIC_V,FLAG_FOR_MIGRATION,NUMERIC
rpt-network-plng,sitetracker_data,LDR_ST_GENERIC_V,CREATE_PROJECT_A,TIMESTAMP
rpt-network-plng,sitetracker_data,LDR_ST_GENERIC_V,CREATE_PROJECT_F,TIMESTAMP
rpt-network-plng,sitetracker_data,LDR_ST_GENERIC_V,DATA_COLLECTION_A,TIMESTAMP
rpt-network-plng,sitetracker_data,LDR_ST_GENERIC_V,DATA_COLLECTION_F,TIMESTAMP
rpt-network-plng,sitetracker_data,LDR_ST_GENERIC_V,SCOPE_OF_WORK_REVIEW_A,TIMESTAMP
rpt-network-plng,sitetracker_data,LDR_ST_GENERIC_V,SCOPE_OF_WORK_REVIEW_F,TIMESTAMP
rpt-network-plng,sitetracker_data,LDR_ST_GENERIC_V,PRELIMINARY_NETWORK_DESIGN_A,TIMESTAMP
rpt-network-plng,sitetracker_data,LDR_ST_GENERIC_V,PRELIMINARY_NETWORK_DESIGN_F,TIMESTAMP
rpt-network-plng,sitetracker_data,LDR_ST_GENERIC_V,SUBMIT_FUNDING_REQUEST_A,TIMESTAMP
rpt-network-plng,sitetracker_data,LDR_ST_GENERIC_V,SUBMIT_FUNDING_REQUEST_F,TIMESTAMP
rpt-network-plng,sitetracker_data,LDR_ST_GENERIC_V,FUNDING_RECEIVED_A,TIMESTAMP
rpt-network-plng,sitetracker_data,LDR_ST_GENERIC_V,FUNDING_RECEIVED_F,TIMESTAMP
rpt-network-plng,sitetracker_data,LDR_ST_GENERIC_V,RELEASED_TO_CONSTRUCTION_A,TIMESTAMP
rpt-network-plng,sitetracker_data,LDR_ST_GENERIC_V,RELEASED_TO_CONSTRUCTION_F,TIMESTAMP
rpt-network-plng,sitetracker_data,LDR_ST_GENERIC_V,PERMITTING_RIGHT_OF_WAY_DEPEND_A,TIMESTAMP
rpt-network-plng,sitetracker_data,LDR_ST_GENERIC_V,PERMITTING_RIGHT_OF_WAY_DEPEN_F,TIMESTAMP
rpt-network-plng,sitetracker_data,LDR_ST_GENERIC_V,MATERIALS_RECEIVED_A,TIMESTAMP
rpt-network-plng,sitetracker_data,LDR_ST_GENERIC_V,MATERIALS_RECEIVED_F,TIMESTAMP
rpt-network-plng,sitetracker_data,LDR_ST_GENERIC_V,VENDOR_ASSIGNMENT_A,TIMESTAMP
rpt-network-plng,sitetracker_data,LDR_ST_GENERIC_V,VENDOR_ASSIGNMENT_F,TIMESTAMP
rpt-network-plng,sitetracker_data,LDR_ST_GENERIC_V,ISSUE_PRINTS_LEEP_E1F1_COMPLETE_A,TIMESTAMP
rpt-network-plng,sitetracker_data,LDR_ST_GENERIC_V,ISSUE_PRINTS_LEEP_E1F1_COMPLE1E_F,TIMESTAMP
rpt-network-plng,sitetracker_data,LDR_ST_GENERIC_V,IMPLEMENTATION_A,TIMESTAMP
rpt-network-plng,sitetracker_data,LDR_ST_GENERIC_V,IMPLEMENTATION_F,TIMESTAMP
rpt-network-plng,sitetracker_data,LDR_ST_GENERIC_V,PLACING_A,TIMESTAMP
rpt-network-plng,sitetracker_data,LDR_ST_GENERIC_V,PLACING_F,TIMESTAMP
rpt-network-plng,sitetracker_data,LDR_ST_GENERIC_V,SPLICING_A,TIMESTAMP
rpt-network-plng,sitetracker_data,LDR_ST_GENERIC_V,SPLICING_F,TIMESTAMP
rpt-network-plng,sitetracker_data,LDR_ST_GENERIC_V,TEST_TURN_UP_A,TIMESTAMP
rpt-network-plng,sitetracker_data,LDR_ST_GENERIC_V,TEST_TURN_UP_F,TIMESTAMP
rpt-network-plng,sitetracker_data,LDR_ST_GENERIC_V,WRECKING_RESTORAL_A,TIMESTAMP
rpt-network-plng,sitetracker_data,LDR_ST_GENERIC_V,WRECKING_RESTORAL_F,TIMESTAMP
rpt-network-plng,sitetracker_data,LDR_ST_GENERIC_V,UPLOAD_ASBUILTS_A,TIMESTAMP
rpt-network-plng,sitetracker_data,LDR_ST_GENERIC_V,UPLOAD_ASBUILTS_F,TIMESTAMP
rpt-network-plng,sitetracker_data,LDR_ST_GENERIC_V,RECORD_UPDATES_FINAL_POST_A,TIMESTAMP
rpt-network-plng,sitetracker_data,LDR_ST_GENERIC_V,RECORD_UPDATES_FINAL_POST_F,TIMESTAMP
rpt-network-plng,sitetracker_data,LDR_ST_GENERIC_V,FINALIZE_ALL_VENDOR_INVOICING_F,TIMESTAMP
rpt-network-plng,sitetracker_data,LDR_ST_GENERIC_V,FINALIZE_ALL_VENDOR_INVOICING_A,TIMESTAMP
rpt-network-plng,sitetracker_data,LDR_ST_GENERIC_V,TECHNICALLY_COMPLETE_A,TIMESTAMP
rpt-network-plng,sitetracker_data,LDR_ST_GENERIC_V,TECHNICALLY_COMPLETE_F,TIMESTAMP
rpt-network-plng,sitetracker_data,LDR_ST_GENERIC_V,CLOSE_FINANCIAL_TOOL_A,TIMESTAMP
rpt-network-plng,sitetracker_data,LDR_ST_GENERIC_V,CLOSE_FINANCIAL_TOOL_F,TIMESTAMP
rpt-network-plng,sitetracker_data,LDR_ST_GENERIC_V,DATE_AUDIT_COMPLETED,TIMESTAMP
rpt-network-plng,sitetracker_data,LDR_ST_GENERIC_V,DATE_AUDIT_STARTED,TIMESTAMP
rpt-network-plng,sitetracker_data,LDR_ST_GENERIC_V,PROJECT_AUDIT_COMMENTS,STRING
rpt-network-plng,sitetracker_data,LDR_ST_GENERIC_V,PROJECT_AUDIT_REQUESTED,NUMERIC
rpt-network-plng,sitetracker_data,LDR_ST_GENERIC_V,SITETRACKER__SITE,STRING
rpt-network-plng,sitetracker_data,LDR_ST_GENERIC_V,SEGMENT,STRING
rpt-network-plng,sitetracker_data,LDR_ST_GENERIC_V,ADDRESS,STRING
rpt-network-plng,sitetracker_data,LDR_ST_GENERIC_V,LONGITUDE,STRING
rpt-network-plng,sitetracker_data,LDR_ST_GENERIC_V,LATITUDE,STRING
rpt-network-plng,sitetracker_data,LDR_ST_GENERIC_V,SITETRACKER__PROJECT_STATUS_O1,NUMERIC
rpt-network-plng,sitetracker_data,LDR_ST_GENERIC_V,SITETRACKER__PROJECT_STATUS_OV,STRING
rpt-network-plng,sitetracker_data,LDR_ST_GENERIC_V,PROJECT_COMMENTS_HISTORY_LONG_TEXT,STRING
rpt-network-plng,sitetracker_data,LDR_ST_GENERIC_V,PROJECT_COMMENTS_LONG_TEXT,STRING
rpt-network-plng,sitetracker_data,LDR_ST_GENERIC_V,PLANNER,STRING
rpt-network-plng,sitetracker_data,LDR_ST_GENERIC_V,OSP_ENG,STRING
rpt-network-plng,sitetracker_data,LDR_ST_GENERIC_V,CONSTRUCTION_COORDINATOR,STRING
rpt-network-plng,sitetracker_data,LDR_ST_GENERIC_V,OSP_ENG_MANAGER,STRING
rpt-network-plng,sitetracker_data,LDR_ST_GENERIC_V,OSP_ENG_DIRECTOR,STRING
rpt-network-plng,sitetracker_data,LDR_ST_GENERIC_V,PROJECT_MANAGER,STRING
rpt-network-plng,sitetracker_data,LDR_ST_GENERIC_V,SPLICING_SUPERVISOR,STRING
rpt-network-plng,sitetracker_data,LDR_ST_GENERIC_V,CREATEDBY,STRING
rpt-network-plng,sitetracker_data,LDR_ST_GENERIC_V,CREATEDDATE,TIMESTAMP
rpt-network-plng,sitetracker_data,LDR_ST_GENERIC_V,F1_FOOTAGE_PLCG_COMPLETE,NUMERIC
rpt-network-plng,sitetracker_data,LDR_ST_GENERIC_V,F1_FOOTAGE_SPL_COMPLETE,NUMERIC
rpt-network-plng,sitetracker_data,LDR_ST_GENERIC_V,F1_PLCG_PERCENTAGE_COMPLETE,NUMERIC
rpt-network-plng,sitetracker_data,LDR_ST_GENERIC_V,F1_SPL_PERCENTAGE_COMPLETE,NUMERIC
rpt-network-plng,sitetracker_data,LDR_ST_GENERIC_V,F2_FOOTAGE_PLCG_COMPLETE,NUMERIC
rpt-network-plng,sitetracker_data,LDR_ST_GENERIC_V,F2_FOOTAGE_SPL_COMPLETE,NUMERIC
rpt-network-plng,sitetracker_data,LDR_ST_GENERIC_V,F2_PLCG_PERCENTAGE_COMPLETE,NUMERIC
rpt-network-plng,sitetracker_data,LDR_ST_GENERIC_V,F2_SPL_PERCENTAGE_COMPLETE,NUMERIC
rpt-network-plng,sitetracker_data,LDR_ST_GENERIC_V,TOTAL_FIBER_FOOTAGE,NUMERIC
rpt-network-plng,sitetracker_data,LDR_ST_GENERIC_V,TOTAL_FIBER_PLCG_FOOTAGE_COMPL,NUMERIC
rpt-network-plng,sitetracker_data,LDR_ST_GENERIC_V,TOTAL_FIBER_PLCG_PERCENTAGE,NUMERIC
rpt-network-plng,sitetracker_data,LDR_ST_GENERIC_V,TOTAL_FIBER_SPL_FOOTAGE_COMPLE,NUMERIC
rpt-network-plng,sitetracker_data,LDR_ST_GENERIC_V,TOTAL_FIBER_SPL_PERCENTAGE,NUMERIC
rpt-network-plng,sitetracker_data,LDR_ST_GENERIC_V,ST_PROJECT_URL,STRING
rpt-network-plng,sitetracker_data,LDR_ST_GENERIC_V,FW_PROJECT_URL,STRING
rpt-network-plng,sitetracker_data,LDR_ST_GENERIC_V,ID,STRING
rpt-network-plng,sitetracker_data,LDR_ST_GENERIC_V,META_LOAD_DTTM,DATE
rpt-network-plng,sitetracker_data,LDR_ST_FXP_SITES_V,ST_PROJECT_ID,STRING
rpt-network-plng,sitetracker_data,LDR_ST_FXP_SITES_V,PROJECT_TYPE,STRING
rpt-network-plng,sitetracker_data,LDR_ST_FXP_SITES_V,REGION,STRING
rpt-network-plng,sitetracker_data,LDR_ST_FXP_SITES_V,STATE,STRING
rpt-network-plng,sitetracker_data,LDR_ST_FXP_SITES_V,COUNTY,STRING
rpt-network-plng,sitetracker_data,LDR_ST_FXP_SITES_V,CITY,STRING
rpt-network-plng,sitetracker_data,LDR_ST_FXP_SITES_V,EXCHANGE_NAME,STRING
rpt-network-plng,sitetracker_data,LDR_ST_FXP_SITES_V,EXCHANGE,STRING
rpt-network-plng,sitetracker_data,LDR_ST_FXP_SITES_V,COMPANY_CODE,STRING
rpt-network-plng,sitetracker_data,LDR_ST_FXP_SITES_V,LEGACY_COMPANY,STRING
rpt-network-plng,sitetracker_data,LDR_ST_FXP_SITES_V,MARKET_CLUSTER,STRING
rpt-network-plng,sitetracker_data,LDR_ST_FXP_SITES_V,PRIMARY_WIRE_CENTER_ID,STRING
rpt-network-plng,sitetracker_data,LDR_ST_FXP_SITES_V,PRIMARY_WIRE_CENTER_NAME,STRING
rpt-network-plng,sitetracker_data,LDR_ST_FXP_SITES_V,FW_PROJECT_ID,STRING
rpt-network-plng,sitetracker_data,LDR_ST_FXP_SITES_V,OSP_ENGINEER_NAME,STRING
rpt-network-plng,sitetracker_data,LDR_ST_FXP_SITES_V,OSP_ENGINEER_CUID,STRING
rpt-network-plng,sitetracker_data,LDR_ST_FXP_SITES_V,CONSTRUCTION_COORDINATOR_NAME,STRING
rpt-network-plng,sitetracker_data,LDR_ST_FXP_SITES_V,CONSTRUCTION_COORDINATOR_CUID,STRING
rpt-network-plng,sitetracker_data,LDR_ST_FXP_SITES_V,GPON_PM_NAME,STRING
rpt-network-plng,sitetracker_data,LDR_ST_FXP_SITES_V,GPON_PM_CUID,STRING
rpt-network-plng,sitetracker_data,LDR_ST_FXP_SITES_V,IMPLEMENTATION_PM_NAME,STRING
rpt-network-plng,sitetracker_data,LDR_ST_FXP_SITES_V,IMPLEMENTATION_PM_CUID,STRING
rpt-network-plng,sitetracker_data,LDR_ST_FXP_SITES_V,MARKETING_PM_NAME,STRING
rpt-network-plng,sitetracker_data,LDR_ST_FXP_SITES_V,MARKETING_PM_CUID,STRING
rpt-network-plng,sitetracker_data,LDR_ST_FXP_SITES_V,OSP_ENG_DIRECTOR_NAME,STRING
rpt-network-plng,sitetracker_data,LDR_ST_FXP_SITES_V,OSP_ENG_DIRECTOR_CUID,STRING
rpt-network-plng,sitetracker_data,LDR_ST_FXP_SITES_V,OSP_MANAGER_NAME,STRING
rpt-network-plng,sitetracker_data,LDR_ST_FXP_SITES_V,OSP_MANAGER_CUID,STRING
rpt-network-plng,sitetracker_data,LDR_ST_FXP_SITES_V,PLANNER_NAME,STRING
rpt-network-plng,sitetracker_data,LDR_ST_FXP_SITES_V,PLANNER_CUID,STRING
rpt-network-plng,sitetracker_data,LDR_ST_FXP_SITES_V,PLANNING_MANAGER_NAME,STRING
rpt-network-plng,sitetracker_data,LDR_ST_FXP_SITES_V,PLANNING_MANAGER_CUID,STRING
rpt-network-plng,sitetracker_data,LDR_ST_FXP_SITES_V,RESPONSIBLE_PERSON_NAME,STRING
rpt-network-plng,sitetracker_data,LDR_ST_FXP_SITES_V,RESPONSIBLE_PERSON_CUID,STRING
rpt-network-plng,sitetracker_data,LDR_ST_FXP_SITES_V,SALES_ENGINEER_NAME,STRING
rpt-network-plng,sitetracker_data,LDR_ST_FXP_SITES_V,SALES_ENGINEER_CUID,STRING
rpt-network-plng,sitetracker_data,LDR_ST_FXP_SITES_V,SPLICING_SUPERVISOR_NAME,STRING
rpt-network-plng,sitetracker_data,LDR_ST_FXP_SITES_V,SPLICING_SUPERVISOR_CUID,STRING
rpt-network-plng,sitetracker_data,LDR_ST_FXP_SITES_V,ONA,STRING
rpt-network-plng,sitetracker_data,LDR_ST_FXP_SITES_V,ONA_CUID,STRING
rpt-network-plng,sitetracker_data,LDR_ST_FXP_SITES_V,LAST_MODIFIED_BY_NAME,STRING
rpt-network-plng,sitetracker_data,LDR_ST_FXP_SITES_V,LAST_MODIFIED_BY_CUID,STRING
rpt-network-plng,sitetracker_data,LDR_ST_FXP_SITES_V,SL_NAME,STRING
rpt-network-plng,sitetracker_data,LDR_ST_FXP_SITES_V,SL_CUID,STRING
rpt-network-plng,sitetracker_data,LDR_ST_FXP_SITES_V,ORIGINAL_ECD_NCD,TIMESTAMP
rpt-network-plng,sitetracker_data,LDR_ST_FXP_SITES_V,MODIFIED_ECD,TIMESTAMP
rpt-network-plng,sitetracker_data,LDR_ST_FXP_SITES_V,ECD_LOGIC,TIMESTAMP
rpt-network-plng,sitetracker_data,LDR_ST_FXP_SITES_V,ML_ECD_LOGIC,TIMESTAMP
rpt-network-plng,sitetracker_data,LDR_ST_FXP_SITES_V,ADDRESS,STRING
rpt-network-plng,sitetracker_data,LDR_ST_FXP_SITES_V,ADDRESS_QUALIFICATION,STRING
rpt-network-plng,sitetracker_data,LDR_ST_FXP_SITES_V,AERIAL_ATTACHMENT_REQUIRED,STRING
rpt-network-plng,sitetracker_data,LDR_ST_FXP_SITES_V,AID_TO_CONSTRUCTION_REQUIRED,STRING
rpt-network-plng,sitetracker_data,LDR_ST_FXP_SITES_V,APO_AUDIT_A,TIMESTAMP
rpt-network-plng,sitetracker_data,LDR_ST_FXP_SITES_V,APO_AUDIT_F,TIMESTAMP
rpt-network-plng,sitetracker_data,LDR_ST_FXP_SITES_V,ATC_APPROVED,STRING
rpt-network-plng,sitetracker_data,LDR_ST_FXP_SITES_V,ATC_COST_SENT_TO_DEVELOPER_A,TIMESTAMP
rpt-network-plng,sitetracker_data,LDR_ST_FXP_SITES_V,ATC_COST_SENT_TO_DEVELOPER_F,TIMESTAMP
rpt-network-plng,sitetracker_data,LDR_ST_FXP_SITES_V,ATC_RECEIVED_FROM_DEVELOPER_A,TIMESTAMP
rpt-network-plng,sitetracker_data,LDR_ST_FXP_SITES_V,ATC_RECEIVED_FROM_DEVELOPER_F,TIMESTAMP
rpt-network-plng,sitetracker_data,LDR_ST_FXP_SITES_V,BID_ACCEPTANCE_A,TIMESTAMP
rpt-network-plng,sitetracker_data,LDR_ST_FXP_SITES_V,BID_ACCEPTANCE_F,TIMESTAMP
rpt-network-plng,sitetracker_data,LDR_ST_FXP_SITES_V,BID_CREATION_A,TIMESTAMP
rpt-network-plng,sitetracker_data,LDR_ST_FXP_SITES_V,BID_CREATION_F,TIMESTAMP
rpt-network-plng,sitetracker_data,LDR_ST_FXP_SITES_V,BID_POSTING_A,TIMESTAMP
rpt-network-plng,sitetracker_data,LDR_ST_FXP_SITES_V,BID_POSTING_F,TIMESTAMP
rpt-network-plng,sitetracker_data,LDR_ST_FXP_SITES_V,BUILD_OR_NO_BUILD,STRING
rpt-network-plng,sitetracker_data,LDR_ST_FXP_SITES_V,BID_VS_LEC_VENDOR_ASSIGNMENT,STRING
rpt-network-plng,sitetracker_data,LDR_ST_FXP_SITES_V,BUILDER_EMAIL,STRING
rpt-network-plng,sitetracker_data,LDR_ST_FXP_SITES_V,BUILDER_NAME_SITE_NAME,STRING
rpt-network-plng,sitetracker_data,LDR_ST_FXP_SITES_V,BUILDER_PHONE,STRING
rpt-network-plng,sitetracker_data,LDR_ST_FXP_SITES_V,BUILDER_SITE_CONTACT_INFO,STRING
rpt-network-plng,sitetracker_data,LDR_ST_FXP_SITES_V,BURIED_AERIAL_CONDUIT,STRING
rpt-network-plng,sitetracker_data,LDR_ST_FXP_SITES_V,BUSINESS_CASE,STRING
rpt-network-plng,sitetracker_data,LDR_ST_FXP_SITES_V,CABLE_TYPE,STRING
rpt-network-plng,sitetracker_data,LDR_ST_FXP_SITES_V,CAD_DESIGN_COMPLETE_A,TIMESTAMP
rpt-network-plng,sitetracker_data,LDR_ST_FXP_SITES_V,CAD_DESIGN_COMPLETE_F,TIMESTAMP
rpt-network-plng,sitetracker_data,LDR_ST_FXP_SITES_V,CAD_DESIGN_STARTED_A,TIMESTAMP
rpt-network-plng,sitetracker_data,LDR_ST_FXP_SITES_V,CAD_DESIGN_STARTED_F,TIMESTAMP
rpt-network-plng,sitetracker_data,LDR_ST_FXP_SITES_V,CAPITAL_APPROVAL_CODE,STRING
rpt-network-plng,sitetracker_data,LDR_ST_FXP_SITES_V,CAPITAL_DESIGN_COMPLETE_A,TIMESTAMP
rpt-network-plng,sitetracker_data,LDR_ST_FXP_SITES_V,CAPITAL_DESIGN_COMPLETE_F,TIMESTAMP
rpt-network-plng,sitetracker_data,LDR_ST_FXP_SITES_V,CAPITAL_DESIGN_REQUEST_A,TIMESTAMP
rpt-network-plng,sitetracker_data,LDR_ST_FXP_SITES_V,CAPITAL_DESIGN_REQUEST_F,TIMESTAMP
rpt-network-plng,sitetracker_data,LDR_ST_FXP_SITES_V,CCID,STRING
rpt-network-plng,sitetracker_data,LDR_ST_FXP_SITES_V,CET_OPPORTUNITY_ID,STRING
rpt-network-plng,sitetracker_data,LDR_ST_FXP_SITES_V,CLOSE_FINANCIAL_TOOL_A,TIMESTAMP
rpt-network-plng,sitetracker_data,LDR_ST_FXP_SITES_V,CLOSE_FINANCIAL_TOOL_F,TIMESTAMP
rpt-network-plng,sitetracker_data,LDR_ST_FXP_SITES_V,CMS_REVIEW_E7_2_SHELVES_ONLY_A,TIMESTAMP
rpt-network-plng,sitetracker_data,LDR_ST_FXP_SITES_V,CMS_REVIEW_E7_2_SHELVES_ONLY_F,TIMESTAMP
rpt-network-plng,sitetracker_data,LDR_ST_FXP_SITES_V,CO_ADDRESS,STRING
rpt-network-plng,sitetracker_data,LDR_ST_FXP_SITES_V,CO_CLLI,STRING
rpt-network-plng,sitetracker_data,LDR_ST_FXP_SITES_V,CO_EQUIP_CLLI,STRING
rpt-network-plng,sitetracker_data,LDR_ST_FXP_SITES_V,COMMUNITY_OR_SERVING_AREA_NAME,STRING
rpt-network-plng,sitetracker_data,LDR_ST_FXP_SITES_V,COMPETITOR,STRING
rpt-network-plng,sitetracker_data,LDR_ST_FXP_SITES_V,CONSTRUCTION_CATEGORY_1,STRING
rpt-network-plng,sitetracker_data,LDR_ST_FXP_SITES_V,CONSTRUCTION_CATEGORY_2,STRING
rpt-network-plng,sitetracker_data,LDR_ST_FXP_SITES_V,CONSTRUCTION_COORD_SPLICING_SUPERVISOR,NUMERIC
rpt-network-plng,sitetracker_data,LDR_ST_FXP_SITES_V,CONSTRUCTION_FUNDED,STRING
rpt-network-plng,sitetracker_data,LDR_ST_FXP_SITES_V,CONSTRUCTION_VENDOR_1,STRING
rpt-network-plng,sitetracker_data,LDR_ST_FXP_SITES_V,CONSTRUCTION_VENDOR_2,STRING
rpt-network-plng,sitetracker_data,LDR_ST_FXP_SITES_V,CONTRACT_AGREEMENT_STATUS,STRING
rpt-network-plng,sitetracker_data,LDR_ST_FXP_SITES_V,COST_ESTIMATE_A,TIMESTAMP
rpt-network-plng,sitetracker_data,LDR_ST_FXP_SITES_V,COST_ESTIMATE_F,TIMESTAMP
rpt-network-plng,sitetracker_data,LDR_ST_FXP_SITES_V,COSTING_APPROVAL_UPLOADED,NUMERIC
rpt-network-plng,sitetracker_data,LDR_ST_FXP_SITES_V,CREATED_DATE,TIMESTAMP
rpt-network-plng,sitetracker_data,LDR_ST_FXP_SITES_V,CREATE_POLYGON_A,TIMESTAMP
rpt-network-plng,sitetracker_data,LDR_ST_FXP_SITES_V,CREATE_POLYGON_F,TIMESTAMP
rpt-network-plng,sitetracker_data,LDR_ST_FXP_SITES_V,CURRENT_OPEN_ACTIVITY,STRING
rpt-network-plng,sitetracker_data,LDR_ST_FXP_SITES_V,DATE_AUDIT_COMPLETED,TIMESTAMP
rpt-network-plng,sitetracker_data,LDR_ST_FXP_SITES_V,DATE_AUDIT_STARTED,TIMESTAMP
rpt-network-plng,sitetracker_data,LDR_ST_FXP_SITES_V,DATE_OF_POST,TIMESTAMP
rpt-network-plng,sitetracker_data,LDR_ST_FXP_SITES_V,DEV_TYPE,STRING
rpt-network-plng,sitetracker_data,LDR_ST_FXP_SITES_V,DEVELOPER_CONTACT_INFO,STRING
rpt-network-plng,sitetracker_data,LDR_ST_FXP_SITES_V,DEVELOPER_FINAL_PLATS_RECEIVED_A,TIMESTAMP
rpt-network-plng,sitetracker_data,LDR_ST_FXP_SITES_V,DEVELOPER_FINAL_PLATS_RECEIVED_F,TIMESTAMP
rpt-network-plng,sitetracker_data,LDR_ST_FXP_SITES_V,DEVELOPER_EMAIL,STRING
rpt-network-plng,sitetracker_data,LDR_ST_FXP_SITES_V,DEVELOPER_NAME,STRING
rpt-network-plng,sitetracker_data,LDR_ST_FXP_SITES_V,DEVELOPER_PHONE,STRING
rpt-network-plng,sitetracker_data,LDR_ST_FXP_SITES_V,DEVELOPMENT_ADDRESS,STRING
rpt-network-plng,sitetracker_data,LDR_ST_FXP_SITES_V,EASEMENT_REQUIRED,STRING
rpt-network-plng,sitetracker_data,LDR_ST_FXP_SITES_V,EASEMENT_ROW_RECEIVED_A,TIMESTAMP
rpt-network-plng,sitetracker_data,LDR_ST_FXP_SITES_V,EASEMENT_ROW_RECEIVED_F,TIMESTAMP
rpt-network-plng,sitetracker_data,LDR_ST_FXP_SITES_V,EASEMENT_ROW_REQUESTED_A,TIMESTAMP
rpt-network-plng,sitetracker_data,LDR_ST_FXP_SITES_V,EASEMENT_ROW_REQUESTED_F,TIMESTAMP
rpt-network-plng,sitetracker_data,LDR_ST_FXP_SITES_V,EASEMENT_ROW_REQUIRED,STRING
rpt-network-plng,sitetracker_data,LDR_ST_FXP_SITES_V,ENGINEER_REVIEWS_POLYGON_COMPLETE_A,TIMESTAMP
rpt-network-plng,sitetracker_data,LDR_ST_FXP_SITES_V,ENGINEER_REVIEWS_POLYGON_COMPLETE_F,TIMESTAMP
rpt-network-plng,sitetracker_data,LDR_ST_FXP_SITES_V,ENGINEERING_CATEGORY_1,STRING
rpt-network-plng,sitetracker_data,LDR_ST_FXP_SITES_V,ENGINEERING_CATEGORY_2,STRING
rpt-network-plng,sitetracker_data,LDR_ST_FXP_SITES_V,ENGINEERING_COMPLETE_A,TIMESTAMP
rpt-network-plng,sitetracker_data,LDR_ST_FXP_SITES_V,ENGINEERING_COMPLETE_F,TIMESTAMP
rpt-network-plng,sitetracker_data,LDR_ST_FXP_SITES_V,ENGINEERING_FUNDED,STRING
rpt-network-plng,sitetracker_data,LDR_ST_FXP_SITES_V,ENGINEERING_FUNDING_COMMENTS,STRING
rpt-network-plng,sitetracker_data,LDR_ST_FXP_SITES_V,ENGINEERING_STATE,STRING
rpt-network-plng,sitetracker_data,LDR_ST_FXP_SITES_V,ENGINEERING_VENDOR_1,STRING
rpt-network-plng,sitetracker_data,LDR_ST_FXP_SITES_V,ENGINEERING_VENDOR_2,STRING
rpt-network-plng,sitetracker_data,LDR_ST_FXP_SITES_V,F1_FOOTAGE_PLCG_COMPLETE,NUMERIC
rpt-network-plng,sitetracker_data,LDR_ST_FXP_SITES_V,F1_FOOTAGE_SPL_COMPLETE,NUMERIC
rpt-network-plng,sitetracker_data,LDR_ST_FXP_SITES_V,F1_PLCG_PERCENTAGE_COMPLETE,NUMERIC
rpt-network-plng,sitetracker_data,LDR_ST_FXP_SITES_V,F1_SPL_PERCENTAGE_COMPLETE,NUMERIC
rpt-network-plng,sitetracker_data,LDR_ST_FXP_SITES_V,F2_FOOTAGE_PLCG_COMPLETE,NUMERIC
rpt-network-plng,sitetracker_data,LDR_ST_FXP_SITES_V,F2_FOOTAGE_SPL_COMPLETE,NUMERIC
rpt-network-plng,sitetracker_data,LDR_ST_FXP_SITES_V,F2_PLCG_PERCENTAGE_COMPLETE,NUMERIC
rpt-network-plng,sitetracker_data,LDR_ST_FXP_SITES_V,F2_SPL_PERCENTAGE_COMPLETE,NUMERIC
rpt-network-plng,sitetracker_data,LDR_ST_FXP_SITES_V,FEED_FIBER_NAME_AND_COUNT,STRING
rpt-network-plng,sitetracker_data,LDR_ST_FXP_SITES_V,FEEDER_PLANNING_A,TIMESTAMP
rpt-network-plng,sitetracker_data,LDR_ST_FXP_SITES_V,FEEDER_PLANNING_F,TIMESTAMP
rpt-network-plng,sitetracker_data,LDR_ST_FXP_SITES_V,FIBER_DB_LOSS,STRING
rpt-network-plng,sitetracker_data,LDR_ST_FXP_SITES_V,FIBER_DISTANCE,STRING
rpt-network-plng,sitetracker_data,LDR_ST_FXP_SITES_V,FIELD_TYPE,STRING
rpt-network-plng,sitetracker_data,LDR_ST_FXP_SITES_V,FINALIZE_ALL_VENDOR_INVOICING_A,TIMESTAMP
rpt-network-plng,sitetracker_data,LDR_ST_FXP_SITES_V,FINALIZE_ALL_VENDOR_INVOICING_F,TIMESTAMP
rpt-network-plng,sitetracker_data,LDR_ST_FXP_SITES_V,FINALIZE_NETWORK_DESIGN_A,TIMESTAMP
rpt-network-plng,sitetracker_data,LDR_ST_FXP_SITES_V,FINALIZE_NETWORK_DESIGN_F,TIMESTAMP
rpt-network-plng,sitetracker_data,LDR_ST_FXP_SITES_V,FIRST_OCC_OUT_OF_SYNC_WITH_SALESFORCE,NUMERIC
rpt-network-plng,sitetracker_data,LDR_ST_FXP_SITES_V,FIRST_OCCUPANCY_TGT_DT,TIMESTAMP
rpt-network-plng,sitetracker_data,LDR_ST_FXP_SITES_V,FIRST_SERVICE_FIRE_ALARM_ELEVATOR,STRING
rpt-network-plng,sitetracker_data,LDR_ST_FXP_SITES_V,FLAG_FOR_DELETION,NUMERIC
rpt-network-plng,sitetracker_data,LDR_ST_FXP_SITES_V,FLAG_FOR_MIGRATION,NUMERIC
rpt-network-plng,sitetracker_data,LDR_ST_FXP_SITES_V,FRAME,STRING
rpt-network-plng,sitetracker_data,LDR_ST_FXP_SITES_V,FSAI_ADDRESS,STRING
rpt-network-plng,sitetracker_data,LDR_ST_FXP_SITES_V,FSAI_CLLI,STRING
rpt-network-plng,sitetracker_data,LDR_ST_FXP_SITES_V,FSAI_MANUFACTURER,STRING
rpt-network-plng,sitetracker_data,LDR_ST_FXP_SITES_V,FSAI_SIZE,STRING
rpt-network-plng,sitetracker_data,LDR_ST_FXP_SITES_V,FSAI_TAPER_DA_CODE,STRING
rpt-network-plng,sitetracker_data,LDR_ST_FXP_SITES_V,FSAI_TO_ONT_S,STRING
rpt-network-plng,sitetracker_data,LDR_ST_FXP_SITES_V,FTHGN_NAME_AND_COUNT,STRING
rpt-network-plng,sitetracker_data,LDR_ST_FXP_SITES_V,FUNDING_DOCUMENTS_PREP_PRECHECKS_A,TIMESTAMP
rpt-network-plng,sitetracker_data,LDR_ST_FXP_SITES_V,FUNDING_DOCUMENTS_PREP_PRECHECKS_F,TIMESTAMP
rpt-network-plng,sitetracker_data,LDR_ST_FXP_SITES_V,FUNDING_REQUEST_RECEIVED_A,TIMESTAMP
rpt-network-plng,sitetracker_data,LDR_ST_FXP_SITES_V,FUNDING_REQUEST_RECEIVED_F,TIMESTAMP
rpt-network-plng,sitetracker_data,LDR_ST_FXP_SITES_V,FUNDING_REQUEST_SUBMITTED_A,TIMESTAMP
rpt-network-plng,sitetracker_data,LDR_ST_FXP_SITES_V,FUNDING_REQUEST_SUBMITTED_F,TIMESTAMP
rpt-network-plng,sitetracker_data,LDR_ST_FXP_SITES_V,FURTHEST_COMPLETED_ACTIVITY,STRING
rpt-network-plng,sitetracker_data,LDR_ST_FXP_SITES_V,GEOSPATIAL_CHECKS_PASSED_A,TIMESTAMP
rpt-network-plng,sitetracker_data,LDR_ST_FXP_SITES_V,GEOSPATIAL_CHECKS_PASSED_F,TIMESTAMP
rpt-network-plng,sitetracker_data,LDR_ST_FXP_SITES_V,GEOSPATIAL_SUBMITTED_TO_BRAIN_A,TIMESTAMP
rpt-network-plng,sitetracker_data,LDR_ST_FXP_SITES_V,GEOSPATIAL_SUBMITTED_TO_BRAIN_F,TIMESTAMP
rpt-network-plng,sitetracker_data,LDR_ST_FXP_SITES_V,GOOGLE_ADDRESS_VALIDATION_FALLOUT_A,TIMESTAMP
rpt-network-plng,sitetracker_data,LDR_ST_FXP_SITES_V,GOOGLE_ADDRESS_VALIDATION_FALLOUT_F,TIMESTAMP
rpt-network-plng,sitetracker_data,LDR_ST_FXP_SITES_V,GOOGLE_UPDATE_REQUEST_A,TIMESTAMP
rpt-network-plng,sitetracker_data,LDR_ST_FXP_SITES_V,GOOGLE_UPDATE_REQUEST_F,TIMESTAMP
rpt-network-plng,sitetracker_data,LDR_ST_FXP_SITES_V,GRATIS,STRING
rpt-network-plng,sitetracker_data,LDR_ST_FXP_SITES_V,GRATIS_ORDER,STRING
rpt-network-plng,sitetracker_data,LDR_ST_FXP_SITES_V,HANDED_OFF_TO_ENGINEER_A,TIMESTAMP
rpt-network-plng,sitetracker_data,LDR_ST_FXP_SITES_V,HANDED_OFF_TO_ENGINEER_F,TIMESTAMP
rpt-network-plng,sitetracker_data,LDR_ST_FXP_SITES_V,HANDOFF_TO_PLANNING_A,TIMESTAMP
rpt-network-plng,sitetracker_data,LDR_ST_FXP_SITES_V,HANDOFF_TO_PLANNING_F,TIMESTAMP
rpt-network-plng,sitetracker_data,LDR_ST_FXP_SITES_V,HELD_ORDER_ID,STRING
rpt-network-plng,sitetracker_data,LDR_ST_FXP_SITES_V,HIGH_COST_REVIEW,STRING
rpt-network-plng,sitetracker_data,LDR_ST_FXP_SITES_V,IMP_LUS_OUT_OF_SYNC_WITH_SALESFORCE,NUMERIC
rpt-network-plng,sitetracker_data,LDR_ST_FXP_SITES_V,IMP_PM_OUT_OF_SYNC_WITH_SALESFORCE,NUMERIC
rpt-network-plng,sitetracker_data,LDR_ST_FXP_SITES_V,IMPLEMENTATION_A,TIMESTAMP
rpt-network-plng,sitetracker_data,LDR_ST_FXP_SITES_V,IMPLEMENTATION_F,TIMESTAMP
rpt-network-plng,sitetracker_data,LDR_ST_FXP_SITES_V,INVENTORY_COMPLETE_A,TIMESTAMP
rpt-network-plng,sitetracker_data,LDR_ST_FXP_SITES_V,INVENTORY_COMPLETE_F,TIMESTAMP
rpt-network-plng,sitetracker_data,LDR_ST_FXP_SITES_V,INVENTORY_STACK,STRING
rpt-network-plng,sitetracker_data,LDR_ST_FXP_SITES_V,INVESTMENT_REASON,STRING
rpt-network-plng,sitetracker_data,LDR_ST_FXP_SITES_V,JOINT_TRENCH_MEETING_DATE_A,TIMESTAMP
rpt-network-plng,sitetracker_data,LDR_ST_FXP_SITES_V,JOINT_TRENCH_MEETING_DATE_F,TIMESTAMP
rpt-network-plng,sitetracker_data,LDR_ST_FXP_SITES_V,JOINT_TRENCH_MEETING,STRING
rpt-network-plng,sitetracker_data,LDR_ST_FXP_SITES_V,JOINT_TRENCH_READY_DATE,TIMESTAMP
rpt-network-plng,sitetracker_data,LDR_ST_FXP_SITES_V,LANDBASE_REQUEST_COMPLETED_A,TIMESTAMP
rpt-network-plng,sitetracker_data,LDR_ST_FXP_SITES_V,LANDBASE_REQUEST_COMPLETED_F,TIMESTAMP
rpt-network-plng,sitetracker_data,LDR_ST_FXP_SITES_V,LAST_MODIFIED_DATE,TIMESTAMP
rpt-network-plng,sitetracker_data,LDR_ST_FXP_SITES_V,LATITUDE,STRING
rpt-network-plng,sitetracker_data,LDR_ST_FXP_SITES_V,LEEP_F1_PORTION_A,TIMESTAMP
rpt-network-plng,sitetracker_data,LDR_ST_FXP_SITES_V,LEEP_F1_PORTION_F,TIMESTAMP
rpt-network-plng,sitetracker_data,LDR_ST_FXP_SITES_V,LEEP_F2_PORTION_A,TIMESTAMP
rpt-network-plng,sitetracker_data,LDR_ST_FXP_SITES_V,LEEP_F2_PORTION_F,TIMESTAMP
rpt-network-plng,sitetracker_data,LDR_ST_FXP_SITES_V,LEN_ASSIGNMENTS,STRING
rpt-network-plng,sitetracker_data,LDR_ST_FXP_SITES_V,LOAD_KMZ_FILE_INTERVAL_TABLES_A,TIMESTAMP
rpt-network-plng,sitetracker_data,LDR_ST_FXP_SITES_V,LOAD_KMZ_FILE_INTERVAL_TABLES_F,TIMESTAMP
rpt-network-plng,sitetracker_data,LDR_ST_FXP_SITES_V,LONGITUDE,STRING
rpt-network-plng,sitetracker_data,LDR_ST_FXP_SITES_V,LU_MISSED_ON_COMPLETE,NUMERIC
rpt-network-plng,sitetracker_data,LDR_ST_FXP_SITES_V,MAKE_READY_CONSTRUCTION_EST_CMP_P,TIMESTAMP
rpt-network-plng,sitetracker_data,LDR_ST_FXP_SITES_V,MAKE_READY_CONSTRUCTION_EST_CMP_S,TIMESTAMP
rpt-network-plng,sitetracker_data,LDR_ST_FXP_SITES_V,MAKE_READY_COST_P,NUMERIC
rpt-network-plng,sitetracker_data,LDR_ST_FXP_SITES_V,MAKE_READY_COST_S,NUMERIC
rpt-network-plng,sitetracker_data,LDR_ST_FXP_SITES_V,MAKE_READY_ESTIMATE_RECEIVED_A,TIMESTAMP
rpt-network-plng,sitetracker_data,LDR_ST_FXP_SITES_V,MAKE_READY_ESTIMATE_RECEIVED_F,TIMESTAMP
rpt-network-plng,sitetracker_data,LDR_ST_FXP_SITES_V,MAKE_READY_PAYMENT_SUBMITTED_A,TIMESTAMP
rpt-network-plng,sitetracker_data,LDR_ST_FXP_SITES_V,MAKE_READY_PAYMENT_SUBMITTED_F,TIMESTAMP
rpt-network-plng,sitetracker_data,LDR_ST_FXP_SITES_V,MAKE_READY_REQUIRED,STRING
rpt-network-plng,sitetracker_data,LDR_ST_FXP_SITES_V,MANUAL_OLS_LOAD_LAYER_1_A,TIMESTAMP
rpt-network-plng,sitetracker_data,LDR_ST_FXP_SITES_V,MANUAL_OLS_LOAD_LAYER_1_F,TIMESTAMP
rpt-network-plng,sitetracker_data,LDR_ST_FXP_SITES_V,MANUAL_OLS_RECEIVED,TIMESTAMP
rpt-network-plng,sitetracker_data,LDR_ST_FXP_SITES_V,MATERIALS_RECEIVED_A,TIMESTAMP
rpt-network-plng,sitetracker_data,LDR_ST_FXP_SITES_V,MATERIALS_RECEIVED_F,TIMESTAMP
rpt-network-plng,sitetracker_data,LDR_ST_FXP_SITES_V,MKTG_PM_NAME,STRING
rpt-network-plng,sitetracker_data,LDR_ST_FXP_SITES_V,MKTG_PM_COMPANY_ADDRESS,STRING
rpt-network-plng,sitetracker_data,LDR_ST_FXP_SITES_V,MKTG_PM_CONTACT_COMPANY,STRING
rpt-network-plng,sitetracker_data,LDR_ST_FXP_SITES_V,MKTG_PM_CONTACT_EMAIL,STRING
rpt-network-plng,sitetracker_data,LDR_ST_FXP_SITES_V,MKTG_PM_CONTACT_PHONE,STRING
rpt-network-plng,sitetracker_data,LDR_ST_FXP_SITES_V,MKTG_PM_CONTACT_TYPE,STRING
rpt-network-plng,sitetracker_data,LDR_ST_FXP_SITES_V,NDS_PROJECT_NAME,STRING
rpt-network-plng,sitetracker_data,LDR_ST_FXP_SITES_V,NDS_PROJECT_NUMBER,STRING
rpt-network-plng,sitetracker_data,LDR_ST_FXP_SITES_V,NDS_QF_QM_ERROR_CLEANUP_A,TIMESTAMP
rpt-network-plng,sitetracker_data,LDR_ST_FXP_SITES_V,NDS_QF_QM_ERROR_CLEANUP_F,TIMESTAMP
rpt-network-plng,sitetracker_data,LDR_ST_FXP_SITES_V,NDS_USER_ID,STRING
rpt-network-plng,sitetracker_data,LDR_ST_FXP_SITES_V,NEW_OR_EXISTING_FSAI,STRING
rpt-network-plng,sitetracker_data,LDR_ST_FXP_SITES_V,NI_ACCEPTED_HANDOFF_A,TIMESTAMP
rpt-network-plng,sitetracker_data,LDR_ST_FXP_SITES_V,NI_ACCEPTED_HANDOFF_F,TIMESTAMP
rpt-network-plng,sitetracker_data,LDR_ST_FXP_SITES_V,NO_BUILD_COMMENTS,STRING
rpt-network-plng,sitetracker_data,LDR_ST_FXP_SITES_V,NO_BUILD_NOTIFICATION_A,TIMESTAMP
rpt-network-plng,sitetracker_data,LDR_ST_FXP_SITES_V,NO_BUILD_NOTIFICATION_F,TIMESTAMP
rpt-network-plng,sitetracker_data,LDR_ST_FXP_SITES_V,NO_BUILD_PUN_FORM_SUBMITTED_A,TIMESTAMP
rpt-network-plng,sitetracker_data,LDR_ST_FXP_SITES_V,NO_BUILD_PUN_FORM_SUBMITTED_F,TIMESTAMP
rpt-network-plng,sitetracker_data,LDR_ST_FXP_SITES_V,NOTIFY_MARKETING_A,TIMESTAMP
rpt-network-plng,sitetracker_data,LDR_ST_FXP_SITES_V,NOTIFY_MARKETING_F,TIMESTAMP
rpt-network-plng,sitetracker_data,LDR_ST_FXP_SITES_V,NUMBER_OF_BUILD_LUS,NUMERIC
rpt-network-plng,sitetracker_data,LDR_ST_FXP_SITES_V,NUMBER_OF_CONSTRUCTED_SERVICE_LOCATIONS,NUMERIC
rpt-network-plng,sitetracker_data,LDR_ST_FXP_SITES_V,NUMBER_OF_INVENTORIED_SERVICE_LOCATIONS,NUMERIC
rpt-network-plng,sitetracker_data,LDR_ST_FXP_SITES_V,NUM_OF_LUS,NUMERIC
rpt-network-plng,sitetracker_data,LDR_ST_FXP_SITES_V,NUMBER_OF_POLES_P,NUMERIC
rpt-network-plng,sitetracker_data,LDR_ST_FXP_SITES_V,NUMBER_OF_POLES_S,NUMERIC
rpt-network-plng,sitetracker_data,LDR_ST_FXP_SITES_V,ODIN_LAYER_2_3_TA_PATH_DEVICE_A,TIMESTAMP
rpt-network-plng,sitetracker_data,LDR_ST_FXP_SITES_V,ODIN_LAYER_2_3_TA_PATH_DEVICE_F,TIMESTAMP
rpt-network-plng,sitetracker_data,LDR_ST_FXP_SITES_V,ODIN_LOAD_LAYER_1_A,TIMESTAMP
rpt-network-plng,sitetracker_data,LDR_ST_FXP_SITES_V,ODIN_LOAD_LAYER_1_F,TIMESTAMP
rpt-network-plng,sitetracker_data,LDR_ST_FXP_SITES_V,ODIN_LOAD_LAYER_2_3_SASKTEL_LOAD_A,TIMESTAMP
rpt-network-plng,sitetracker_data,LDR_ST_FXP_SITES_V,ODIN_LOAD_LAYER_2_3_SASKTEL_LOAD_F,TIMESTAMP
rpt-network-plng,sitetracker_data,LDR_ST_FXP_SITES_V,NUM_OF_LUS_SOW,NUMERIC
rpt-network-plng,sitetracker_data,LDR_ST_FXP_SITES_V,NUM_OF_PERMITS_SUBMITTED_P,NUMERIC
rpt-network-plng,sitetracker_data,LDR_ST_FXP_SITES_V,NUM_OF_PERMITS_SUBMITTED_S,NUMERIC
rpt-network-plng,sitetracker_data,LDR_ST_FXP_SITES_V,NUM_OF_SPLITTERS_BEING_PLACED,NUMERIC
rpt-network-plng,sitetracker_data,LDR_ST_FXP_SITES_V,OFFER_CONFIRMATION_A,TIMESTAMP
rpt-network-plng,sitetracker_data,LDR_ST_FXP_SITES_V,OFFER_CONFIRMATION_F,TIMESTAMP
rpt-network-plng,sitetracker_data,LDR_ST_FXP_SITES_V,OLT,STRING
rpt-network-plng,sitetracker_data,LDR_ST_FXP_SITES_V,OLT_ADDRESS,STRING
rpt-network-plng,sitetracker_data,LDR_ST_FXP_SITES_V,OLT_CARD,STRING
rpt-network-plng,sitetracker_data,LDR_ST_FXP_SITES_V,OLT_CLLI,STRING
rpt-network-plng,sitetracker_data,LDR_ST_FXP_SITES_V,OLT_CONFIGURATION,STRING
rpt-network-plng,sitetracker_data,LDR_ST_FXP_SITES_V,OLT_COUNT,STRING
rpt-network-plng,sitetracker_data,LDR_ST_FXP_SITES_V,OLT_F1_FIBER_SPLITTER_ASSIGNMENT,STRING
rpt-network-plng,sitetracker_data,LDR_ST_FXP_SITES_V,OLT_LOCATION,STRING
rpt-network-plng,sitetracker_data,LDR_ST_FXP_SITES_V,OLT_MANUFACTURER_TYPE,STRING
rpt-network-plng,sitetracker_data,LDR_ST_FXP_SITES_V,OLT_PORTS,STRING
rpt-network-plng,sitetracker_data,LDR_ST_FXP_SITES_V,OLT_SHELF,STRING
rpt-network-plng,sitetracker_data,LDR_ST_FXP_SITES_V,OLT_TO_FSAI,STRING
rpt-network-plng,sitetracker_data,LDR_ST_FXP_SITES_V,OLT_TYPE,STRING
rpt-network-plng,sitetracker_data,LDR_ST_FXP_SITES_V,ON_TIME,STRING
rpt-network-plng,sitetracker_data,LDR_ST_FXP_SITES_V,ONT_TYPE,STRING
rpt-network-plng,sitetracker_data,LDR_ST_FXP_SITES_V,OPPORTUNITY_CREATED_A,TIMESTAMP
rpt-network-plng,sitetracker_data,LDR_ST_FXP_SITES_V,OPPORTUNITY_CREATED_F,TIMESTAMP
rpt-network-plng,sitetracker_data,LDR_ST_FXP_SITES_V,ORDER_MATERIALS_A,TIMESTAMP
rpt-network-plng,sitetracker_data,LDR_ST_FXP_SITES_V,ORDER_MATERIALS_F,TIMESTAMP
rpt-network-plng,sitetracker_data,LDR_ST_FXP_SITES_V,OSP_CONSTRUCTION_COMPLETE_A,TIMESTAMP
rpt-network-plng,sitetracker_data,LDR_ST_FXP_SITES_V,OSP_CONSTRUCTION_COMPLETE_F,TIMESTAMP
rpt-network-plng,sitetracker_data,LDR_ST_FXP_SITES_V,OSP_CONSTRUCTION_START_A,TIMESTAMP
rpt-network-plng,sitetracker_data,LDR_ST_FXP_SITES_V,OSP_CONSTRUCTION_START_F,TIMESTAMP
rpt-network-plng,sitetracker_data,LDR_ST_FXP_SITES_V,PARTIAL_RFS_RECEIVED,TIMESTAMP
rpt-network-plng,sitetracker_data,LDR_ST_FXP_SITES_V,PATH_TO_LAYER_1,STRING
rpt-network-plng,sitetracker_data,LDR_ST_FXP_SITES_V,PERMIT_FEE,NUMERIC
rpt-network-plng,sitetracker_data,LDR_ST_FXP_SITES_V,PERMIT_FEE_S,NUMERIC
rpt-network-plng,sitetracker_data,LDR_ST_FXP_SITES_V,PERMITS_RECEIVED_A,TIMESTAMP
rpt-network-plng,sitetracker_data,LDR_ST_FXP_SITES_V,PERMITS_RECEIVED_F,TIMESTAMP
rpt-network-plng,sitetracker_data,LDR_ST_FXP_SITES_V,PERMITS_REQUIRED,STRING
rpt-network-plng,sitetracker_data,LDR_ST_FXP_SITES_V,PERMITS_SUBMITTED_A,TIMESTAMP
rpt-network-plng,sitetracker_data,LDR_ST_FXP_SITES_V,PERMITS_SUBMITTED_F,TIMESTAMP
rpt-network-plng,sitetracker_data,LDR_ST_FXP_SITES_V,PERMITTING_RIGHT_OF_WAY_DEPENDENCIES_A,TIMESTAMP
rpt-network-plng,sitetracker_data,LDR_ST_FXP_SITES_V,PERMITTING_RIGHT_OF_WAY_DEPENDENCIES_F,TIMESTAMP
rpt-network-plng,sitetracker_data,LDR_ST_FXP_SITES_V,PHASE_LUS_OUT_OF_SYNC_WITH_SALESFORCE,NUMERIC
rpt-network-plng,sitetracker_data,LDR_ST_FXP_SITES_V,PHASE_S_IMPLEMENTATION_A,TIMESTAMP
rpt-network-plng,sitetracker_data,LDR_ST_FXP_SITES_V,PHASE_S_IMPLEMENTATION_F,TIMESTAMP
rpt-network-plng,sitetracker_data,LDR_ST_FXP_SITES_V,PLACING_A,TIMESTAMP
rpt-network-plng,sitetracker_data,LDR_ST_FXP_SITES_V,PLACING_F,TIMESTAMP
rpt-network-plng,sitetracker_data,LDR_ST_FXP_SITES_V,PLANNER_REVIEWS_OFFER_DECISION_A,TIMESTAMP
rpt-network-plng,sitetracker_data,LDR_ST_FXP_SITES_V,PLANNER_REVIEWS_OFFER_DECISION_F,TIMESTAMP
rpt-network-plng,sitetracker_data,LDR_ST_FXP_SITES_V,PLANNING_ACCEPTS_HANDOFF_A,TIMESTAMP
rpt-network-plng,sitetracker_data,LDR_ST_FXP_SITES_V,PLANNING_ACCEPTS_HANDOFF_F,TIMESTAMP
rpt-network-plng,sitetracker_data,LDR_ST_FXP_SITES_V,PLANNING_GATE_DECISION_A,TIMESTAMP
rpt-network-plng,sitetracker_data,LDR_ST_FXP_SITES_V,PLANNING_GATE_DECISION_F,TIMESTAMP
rpt-network-plng,sitetracker_data,LDR_ST_FXP_SITES_V,PLANNING_GATE_SUBMITTAL_A,TIMESTAMP
rpt-network-plng,sitetracker_data,LDR_ST_FXP_SITES_V,PLANNING_GATE_SUBMITTAL_F,TIMESTAMP
rpt-network-plng,sitetracker_data,LDR_ST_FXP_SITES_V,PLANNING_HANDOFF_COMPLETE_A,TIMESTAMP
rpt-network-plng,sitetracker_data,LDR_ST_FXP_SITES_V,PLANNING_HANDOFF_COMPLETE_F,TIMESTAMP
rpt-network-plng,sitetracker_data,LDR_ST_FXP_SITES_V,PLATS_UPLOADED,NUMERIC
rpt-network-plng,sitetracker_data,LDR_ST_FXP_SITES_V,POLES_DENIED_S,NUMERIC
rpt-network-plng,sitetracker_data,LDR_ST_FXP_SITES_V,POLYGON_ECD,TIMESTAMP
rpt-network-plng,sitetracker_data,LDR_ST_FXP_SITES_V,POLYGON_ID,STRING
rpt-network-plng,sitetracker_data,LDR_ST_FXP_SITES_V,POLYGON_IN_PRODUCTION_A,TIMESTAMP
rpt-network-plng,sitetracker_data,LDR_ST_FXP_SITES_V,POLYGON_IN_PRODUCTION_F,TIMESTAMP
rpt-network-plng,sitetracker_data,LDR_ST_FXP_SITES_V,POLYGON_IN_SERVICE,STRING
rpt-network-plng,sitetracker_data,LDR_ST_FXP_SITES_V,POLYGON_IN_SERVICE_DATE,TIMESTAMP
rpt-network-plng,sitetracker_data,LDR_ST_FXP_SITES_V,POLYGON_STATUS,STRING
rpt-network-plng,sitetracker_data,LDR_ST_FXP_SITES_V,POM_DECISION_A,TIMESTAMP
rpt-network-plng,sitetracker_data,LDR_ST_FXP_SITES_V,POM_DECISION_F,TIMESTAMP
rpt-network-plng,sitetracker_data,LDR_ST_FXP_SITES_V,POM_REVIEW_A,TIMESTAMP
rpt-network-plng,sitetracker_data,LDR_ST_FXP_SITES_V,POM_REVIEW_F,TIMESTAMP
rpt-network-plng,sitetracker_data,LDR_ST_FXP_SITES_V,PORTS,STRING
rpt-network-plng,sitetracker_data,LDR_ST_FXP_SITES_V,POWER_COMPANY_NAME,STRING
rpt-network-plng,sitetracker_data,LDR_ST_FXP_SITES_V,POWER_SOURCE,STRING
rpt-network-plng,sitetracker_data,LDR_ST_FXP_SITES_V,POWER_SOURCE_LOCATION,STRING
rpt-network-plng,sitetracker_data,LDR_ST_FXP_SITES_V,PREMISE_EQUIPMENT_INSTALLED_A,TIMESTAMP
rpt-network-plng,sitetracker_data,LDR_ST_FXP_SITES_V,PREMISE_EQUIPMENT_INSTALLED_F,TIMESTAMP
rpt-network-plng,sitetracker_data,LDR_ST_FXP_SITES_V,PREMISE_READY,TIMESTAMP
rpt-network-plng,sitetracker_data,LDR_ST_FXP_SITES_V,PRIMARY_POWER_COMPANY_NAME,STRING
rpt-network-plng,sitetracker_data,LDR_ST_FXP_SITES_V,PROGRAM_NAME,STRING
rpt-network-plng,sitetracker_data,LDR_ST_FXP_SITES_V,PROJECT_AUDIT_COMMENTS,STRING
rpt-network-plng,sitetracker_data,LDR_ST_FXP_SITES_V,PROJECT_AUDIT_REQUESTED,NUMERIC
rpt-network-plng,sitetracker_data,LDR_ST_FXP_SITES_V,PROJECT_BOUNDARY_CREATED_A,TIMESTAMP
rpt-network-plng,sitetracker_data,LDR_ST_FXP_SITES_V,PROJECT_BOUNDARY_CREATED_F,TIMESTAMP
rpt-network-plng,sitetracker_data,LDR_ST_FXP_SITES_V,PROJECT_COMMENTS_HISTORY_LONG_TEXT,STRING
rpt-network-plng,sitetracker_data,LDR_ST_FXP_SITES_V,PROJECT_COMMENTS_LONG_TEXT,STRING
rpt-network-plng,sitetracker_data,LDR_ST_FXP_SITES_V,PROJECT_DESCRIPTION,STRING
rpt-network-plng,sitetracker_data,LDR_ST_FXP_SITES_V,PROJECT_FIBER_AERIAL_FOOTAGE,NUMERIC
rpt-network-plng,sitetracker_data,LDR_ST_FXP_SITES_V,PROJECT_FIBER_BURIED_UG_FOOTAGE,NUMERIC
rpt-network-plng,sitetracker_data,LDR_ST_FXP_SITES_V,PROJECT_FIBER_FOOTAGE,NUMERIC
rpt-network-plng,sitetracker_data,LDR_ST_FXP_SITES_V,PROJECT_FIBER_PLCG_FOOTAGE_COMPLETE,NUMERIC
rpt-network-plng,sitetracker_data,LDR_ST_FXP_SITES_V,PROJECT_FIBER_PLCG_PERCENTAGE,NUMERIC
rpt-network-plng,sitetracker_data,LDR_ST_FXP_SITES_V,PROJECT_FIBER_SPL_FOOTAGE_COMPLETE,NUMERIC
rpt-network-plng,sitetracker_data,LDR_ST_FXP_SITES_V,PROJECT_FIBER_SPL_PERCENTAGE,NUMERIC
rpt-network-plng,sitetracker_data,LDR_ST_FXP_SITES_V,PROJECT_INITIATED_IN_SAP_FIREWORKS_A,TIMESTAMP
rpt-network-plng,sitetracker_data,LDR_ST_FXP_SITES_V,PROJECT_INITIATED_IN_SAP_FIREWORKS_F,TIMESTAMP
rpt-network-plng,sitetracker_data,LDR_ST_FXP_SITES_V,PROJECT_NAME,STRING
rpt-network-plng,sitetracker_data,LDR_ST_FXP_SITES_V,PROJECT_REDLINES_COMPLETED_A,TIMESTAMP
rpt-network-plng,sitetracker_data,LDR_ST_FXP_SITES_V,PROJECT_REDLINES_COMPLETED_F,TIMESTAMP
rpt-network-plng,sitetracker_data,LDR_ST_FXP_SITES_V,PROVISIONING_COMPLETE_A,TIMESTAMP
rpt-network-plng,sitetracker_data,LDR_ST_FXP_SITES_V,PROVISIONING_COMPLETE_F,TIMESTAMP
rpt-network-plng,sitetracker_data,LDR_ST_FXP_SITES_V,PTA_POLE_APPLICATION_SUBMITTED_A,TIMESTAMP
rpt-network-plng,sitetracker_data,LDR_ST_FXP_SITES_V,PTA_POLE_APPLICATION_SUBMITTED_F,TIMESTAMP
rpt-network-plng,sitetracker_data,LDR_ST_FXP_SITES_V,PTA_RECEIVED_FROM_POLE_OWNER_A,TIMESTAMP
rpt-network-plng,sitetracker_data,LDR_ST_FXP_SITES_V,PTA_RECEIVED_FROM_POLE_OWNER_F,TIMESTAMP
rpt-network-plng,sitetracker_data,LDR_ST_FXP_SITES_V,PTA_VENDOR_ASSIGNMENT_P,STRING
rpt-network-plng,sitetracker_data,LDR_ST_FXP_SITES_V,PTA_VENDOR_ASSIGNMENT_S,STRING
rpt-network-plng,sitetracker_data,LDR_ST_FXP_SITES_V,PTA_VENDOR_P,STRING
rpt-network-plng,sitetracker_data,LDR_ST_FXP_SITES_V,PTA_VENDOR_S,STRING
rpt-network-plng,sitetracker_data,LDR_ST_FXP_SITES_V,PUN_FORM_A,TIMESTAMP
rpt-network-plng,sitetracker_data,LDR_ST_FXP_SITES_V,PUN_FORM_F,TIMESTAMP
rpt-network-plng,sitetracker_data,LDR_ST_FXP_SITES_V,QF_AUTOMATION_POSTED_TO_TOP_A,TIMESTAMP
rpt-network-plng,sitetracker_data,LDR_ST_FXP_SITES_V,QF_AUTOMATION_POSTED_TO_TOP_F,TIMESTAMP
rpt-network-plng,sitetracker_data,LDR_ST_FXP_SITES_V,RECORD_UPDATES_FINAL_POST_A,TIMESTAMP
rpt-network-plng,sitetracker_data,LDR_ST_FXP_SITES_V,RECORD_UPDATES_FINAL_POST_F,TIMESTAMP
rpt-network-plng,sitetracker_data,LDR_ST_FXP_SITES_V,REDLINES_TO_DESIGN_A,TIMESTAMP
rpt-network-plng,sitetracker_data,LDR_ST_FXP_SITES_V,REDLINES_TO_DESIGN_F,TIMESTAMP
rpt-network-plng,sitetracker_data,LDR_ST_FXP_SITES_V,REJECT_FLAG,NUMERIC
rpt-network-plng,sitetracker_data,LDR_ST_FXP_SITES_V,RELATED_F1_FOOTAGE_PLCG_COMPLETE,NUMERIC
rpt-network-plng,sitetracker_data,LDR_ST_FXP_SITES_V,RELATED_F1_FOOTAGE_SPL_COMPLETE,NUMERIC
rpt-network-plng,sitetracker_data,LDR_ST_FXP_SITES_V,RELATED_F1_PLCG_PERCENTAGE_COMPLETE,NUMERIC
rpt-network-plng,sitetracker_data,LDR_ST_FXP_SITES_V,RELATED_F1_SPL_PERCENTAGE_COMPLETE,NUMERIC
rpt-network-plng,sitetracker_data,LDR_ST_FXP_SITES_V,RELATED_F2_FOOTAGE_PLCG_COMPLETE,NUMERIC
rpt-network-plng,sitetracker_data,LDR_ST_FXP_SITES_V,RELATED_F2_FOOTAGE_SPL_COMPLETE,NUMERIC
rpt-network-plng,sitetracker_data,LDR_ST_FXP_SITES_V,RELATED_F2_PLCG_PERCENTAGE_COMPLETE,NUMERIC
rpt-network-plng,sitetracker_data,LDR_ST_FXP_SITES_V,RELATED_F2_SPL_PERCENTAGE_COMPLETE,NUMERIC
rpt-network-plng,sitetracker_data,LDR_ST_FXP_SITES_V,RELATED_FIBER_AERIAL_FOOTAGE,NUMERIC
rpt-network-plng,sitetracker_data,LDR_ST_FXP_SITES_V,RELATED_FIBER_BURIED_UG_FOOTAGE,NUMERIC
rpt-network-plng,sitetracker_data,LDR_ST_FXP_SITES_V,RELATED_FIBER_FOOTAGE,NUMERIC
rpt-network-plng,sitetracker_data,LDR_ST_FXP_SITES_V,RELATED_FIBER_PLCG_FOOTAGE_COMPLETE,NUMERIC
rpt-network-plng,sitetracker_data,LDR_ST_FXP_SITES_V,RELATED_FIBER_PLCG_PERCENTAGE,NUMERIC
rpt-network-plng,sitetracker_data,LDR_ST_FXP_SITES_V,RELATED_FIBER_SPL_FOOTAGE_COMPLETE,NUMERIC
rpt-network-plng,sitetracker_data,LDR_ST_FXP_SITES_V,RELATED_FIBER_SPL_PERCENTAGE,NUMERIC
rpt-network-plng,sitetracker_data,LDR_ST_FXP_SITES_V,RELATED_PROJECT_S_IMPLEMENTATION_A,TIMESTAMP
rpt-network-plng,sitetracker_data,LDR_ST_FXP_SITES_V,RELATED_PROJECT_S_IMPLEMENTATION_F,TIMESTAMP
rpt-network-plng,sitetracker_data,LDR_ST_FXP_SITES_V,RELAY_RACK,STRING
rpt-network-plng,sitetracker_data,LDR_ST_FXP_SITES_V,RELEASED_TO_CONSTRUCTION_A,TIMESTAMP
rpt-network-plng,sitetracker_data,LDR_ST_FXP_SITES_V,RELEASED_TO_CONSTRUCTION_F,TIMESTAMP
rpt-network-plng,sitetracker_data,LDR_ST_FXP_SITES_V,REVIEW_CAPITAL_DESIGN_AND_ADD_F1_COS_A,TIMESTAMP
rpt-network-plng,sitetracker_data,LDR_ST_FXP_SITES_V,REVIEW_CAPITAL_DESIGN_AND_ADD_F1_COS_F,TIMESTAMP
rpt-network-plng,sitetracker_data,LDR_ST_FXP_SITES_V,REVIEW_IN_STAGING_A,TIMESTAMP
rpt-network-plng,sitetracker_data,LDR_ST_FXP_SITES_V,REVIEW_IN_STAGING_F,TIMESTAMP
rpt-network-plng,sitetracker_data,LDR_ST_FXP_SITES_V,SF_PHASE_RECORD,STRING
rpt-network-plng,sitetracker_data,LDR_ST_FXP_SITES_V,SALES_OSR_CONTACT,STRING
rpt-network-plng,sitetracker_data,LDR_ST_FXP_SITES_V,SF_IMPLEMENTATION_RECORD,STRING
rpt-network-plng,sitetracker_data,LDR_ST_FXP_SITES_V,SAP_SYSTEM_STATUS,STRING
rpt-network-plng,sitetracker_data,LDR_ST_FXP_SITES_V,SECONDARY_POWER_COMPANY_NAME,STRING
rpt-network-plng,sitetracker_data,LDR_ST_FXP_SITES_V,SEGMENT,STRING
rpt-network-plng,sitetracker_data,LDR_ST_FXP_SITES_V,SERVICE_AREA,STRING
rpt-network-plng,sitetracker_data,LDR_ST_FXP_SITES_V,SHELF,STRING
rpt-network-plng,sitetracker_data,LDR_ST_FXP_SITES_V,PROJECT_STATUS,STRING
rpt-network-plng,sitetracker_data,LDR_ST_FXP_SITES_V,PROJECT_STATUS_OVERRIDE,NUMERIC
rpt-network-plng,sitetracker_data,LDR_ST_FXP_SITES_V,PROJECT_STATUS_OVERRIDE_REASON,STRING
rpt-network-plng,sitetracker_data,LDR_ST_FXP_SITES_V,SITE_NAME,STRING
rpt-network-plng,sitetracker_data,LDR_ST_FXP_SITES_V,COST_CENTER,STRING
rpt-network-plng,sitetracker_data,LDR_ST_FXP_SITES_V,SITEWALK_CATEGORY_1,STRING
rpt-network-plng,sitetracker_data,LDR_ST_FXP_SITES_V,SITEWALK_CATEGORY_2,STRING
rpt-network-plng,sitetracker_data,LDR_ST_FXP_SITES_V,SITEWALK_COMPLETED_A,TIMESTAMP
rpt-network-plng,sitetracker_data,LDR_ST_FXP_SITES_V,SITEWALK_COMPLETED_F,TIMESTAMP
rpt-network-plng,sitetracker_data,LDR_ST_FXP_SITES_V,SITEWALK_HANDED_OFF_A,TIMESTAMP
rpt-network-plng,sitetracker_data,LDR_ST_FXP_SITES_V,SITEWALK_HANDED_OFF_F,TIMESTAMP
rpt-network-plng,sitetracker_data,LDR_ST_FXP_SITES_V,SITEWALK_REQUIRED,STRING
rpt-network-plng,sitetracker_data,LDR_ST_FXP_SITES_V,SITEWALK_START_A,TIMESTAMP
rpt-network-plng,sitetracker_data,LDR_ST_FXP_SITES_V,SITEWALK_START_F,TIMESTAMP
rpt-network-plng,sitetracker_data,LDR_ST_FXP_SITES_V,SITEWALK_VENDOR_1,STRING
rpt-network-plng,sitetracker_data,LDR_ST_FXP_SITES_V,SITEWALK_VENDOR_2,STRING
rpt-network-plng,sitetracker_data,LDR_ST_FXP_SITES_V,SOW_FORM,STRING
rpt-network-plng,sitetracker_data,LDR_ST_FXP_SITES_V,SPLICING_A,TIMESTAMP
rpt-network-plng,sitetracker_data,LDR_ST_FXP_SITES_V,SPLICING_F,TIMESTAMP
rpt-network-plng,sitetracker_data,LDR_ST_FXP_SITES_V,SPLITTER_SIZE,STRING
rpt-network-plng,sitetracker_data,LDR_ST_FXP_SITES_V,STAR_ID_1,STRING
rpt-network-plng,sitetracker_data,LDR_ST_FXP_SITES_V,STAR_ID_2,STRING
rpt-network-plng,sitetracker_data,LDR_ST_FXP_SITES_V,STAR_ID_3,STRING
rpt-network-plng,sitetracker_data,LDR_ST_FXP_SITES_V,STAR_ID_4,STRING
rpt-network-plng,sitetracker_data,LDR_ST_FXP_SITES_V,STAR_ID_5,STRING
rpt-network-plng,sitetracker_data,LDR_ST_FXP_SITES_V,STAR_ID_6,STRING
rpt-network-plng,sitetracker_data,LDR_ST_FXP_SITES_V,STAR_ID_7,STRING
rpt-network-plng,sitetracker_data,LDR_ST_FXP_SITES_V,STAR_ID_8,STRING
rpt-network-plng,sitetracker_data,LDR_ST_FXP_SITES_V,STAR_ID_9,STRING
rpt-network-plng,sitetracker_data,LDR_ST_FXP_SITES_V,STAR_ID_10,STRING
rpt-network-plng,sitetracker_data,LDR_ST_FXP_SITES_V,STAR_ID_11,STRING
rpt-network-plng,sitetracker_data,LDR_ST_FXP_SITES_V,STAR_ID_12,STRING
rpt-network-plng,sitetracker_data,LDR_ST_FXP_SITES_V,STAR_ID_13,STRING
rpt-network-plng,sitetracker_data,LDR_ST_FXP_SITES_V,STAR_ID_14,STRING
rpt-network-plng,sitetracker_data,LDR_ST_FXP_SITES_V,STAR_ID_15,STRING
rpt-network-plng,sitetracker_data,LDR_ST_FXP_SITES_V,STAR_ID_16,STRING
rpt-network-plng,sitetracker_data,LDR_ST_FXP_SITES_V,STAR_ID_17,STRING
rpt-network-plng,sitetracker_data,LDR_ST_FXP_SITES_V,STAR_ID_18,STRING
rpt-network-plng,sitetracker_data,LDR_ST_FXP_SITES_V,STAR_ID_19,STRING
rpt-network-plng,sitetracker_data,LDR_ST_FXP_SITES_V,STAR_ID_20,STRING
rpt-network-plng,sitetracker_data,LDR_ST_FXP_SITES_V,SUBMIT_CAPITAL_DESIGN_FOR_ASSESSMENT_A,TIMESTAMP
rpt-network-plng,sitetracker_data,LDR_ST_FXP_SITES_V,SUBMIT_CAPITAL_DESIGN_FOR_ASSESSMENT_F,TIMESTAMP
rpt-network-plng,sitetracker_data,LDR_ST_FXP_SITES_V,SUBMITS_PROPOSAL_TO_DEVELOPER_A,TIMESTAMP
rpt-network-plng,sitetracker_data,LDR_ST_FXP_SITES_V,SUBMITS_PROPOSAL_TO_DEVELOPER_F,TIMESTAMP
rpt-network-plng,sitetracker_data,LDR_ST_FXP_SITES_V,SUBMITTED_TO_PROD_A,TIMESTAMP
rpt-network-plng,sitetracker_data,LDR_ST_FXP_SITES_V,SUBMITTED_TO_PROD_F,TIMESTAMP
rpt-network-plng,sitetracker_data,LDR_ST_FXP_SITES_V,SUBMITTED_TO_STAGING_A,TIMESTAMP
rpt-network-plng,sitetracker_data,LDR_ST_FXP_SITES_V,SUBMITTED_TO_STAGING_F,TIMESTAMP
rpt-network-plng,sitetracker_data,LDR_ST_FXP_SITES_V,SUCCESS_IN_PROD_A,TIMESTAMP
rpt-network-plng,sitetracker_data,LDR_ST_FXP_SITES_V,SUCCESS_IN_PROD_F,TIMESTAMP
rpt-network-plng,sitetracker_data,LDR_ST_FXP_SITES_V,SERVICE_DELIVERY,STRING
rpt-network-plng,sitetracker_data,LDR_ST_FXP_SITES_V,TDM_REQUIRED,STRING
rpt-network-plng,sitetracker_data,LDR_ST_FXP_SITES_V,TECH_RESOURCES_IN_SALESFORCE,STRING
rpt-network-plng,sitetracker_data,LDR_ST_FXP_SITES_V,TECHNICALLY_COMPLETE_A,TIMESTAMP
rpt-network-plng,sitetracker_data,LDR_ST_FXP_SITES_V,TECHNICALLY_COMPLETE_F,TIMESTAMP
rpt-network-plng,sitetracker_data,LDR_ST_FXP_SITES_V,THIRD_PARTY_MAKE_READY_ESTIMATE_COMPLETE,TIMESTAMP
rpt-network-plng,sitetracker_data,LDR_ST_FXP_SITES_V,TID,STRING
rpt-network-plng,sitetracker_data,LDR_ST_FXP_SITES_V,TIE_PAIR_NAME,STRING
rpt-network-plng,sitetracker_data,LDR_ST_FXP_SITES_V,TIRKS_CIRCUITS_REQUESTED_A,TIMESTAMP
rpt-network-plng,sitetracker_data,LDR_ST_FXP_SITES_V,TIRKS_CIRCUITS_REQUESTED_F,TIMESTAMP
rpt-network-plng,sitetracker_data,LDR_ST_FXP_SITES_V,TIRKS_FIBER_INVENTORY_F1_SUBMITTED_A,TIMESTAMP
rpt-network-plng,sitetracker_data,LDR_ST_FXP_SITES_V,TIRKS_FIBER_INVENTORY_F1_SUBMITTED_F,TIMESTAMP
rpt-network-plng,sitetracker_data,LDR_ST_FXP_SITES_V,TOTAL_FIBER_AERIAL_FOOTAGE,NUMERIC
rpt-network-plng,sitetracker_data,LDR_ST_FXP_SITES_V,TOTAL_FIBER_BURIED_UG_FOOTAGE,NUMERIC
rpt-network-plng,sitetracker_data,LDR_ST_FXP_SITES_V,TOTAL_FIBER_FOOTAGE,NUMERIC
rpt-network-plng,sitetracker_data,LDR_ST_FXP_SITES_V,TOTAL_FIBER_PLCG_FOOTAGE_COMPLETE,NUMERIC
rpt-network-plng,sitetracker_data,LDR_ST_FXP_SITES_V,TOTAL_FIBER_PLCG_PERCENTAGE,NUMERIC
rpt-network-plng,sitetracker_data,LDR_ST_FXP_SITES_V,TOTAL_FIBER_SPL_FOOTAGE_COMPLETE,NUMERIC
rpt-network-plng,sitetracker_data,LDR_ST_FXP_SITES_V,TOTAL_FIBER_SPL_PERCENTAGE,NUMERIC
rpt-network-plng,sitetracker_data,LDR_ST_FXP_SITES_V,TOTAL_MAKE_READY_COST,NUMERIC
rpt-network-plng,sitetracker_data,LDR_ST_FXP_SITES_V,TOTAL_NUMBER_OF_POLES,NUMERIC
rpt-network-plng,sitetracker_data,LDR_ST_FXP_SITES_V,TOTAL_PERMIT_FEES,NUMERIC
rpt-network-plng,sitetracker_data,LDR_ST_FXP_SITES_V,TOTAL_PERMITS_SUBMITTED,NUMERIC
rpt-network-plng,sitetracker_data,LDR_ST_FXP_SITES_V,TOTAL_POLES_DENIED,NUMERIC
rpt-network-plng,sitetracker_data,LDR_ST_FXP_SITES_V,TRENCH_TYPE,STRING
rpt-network-plng,sitetracker_data,LDR_ST_FXP_SITES_V,TURNED_UP_MARKET_LAUNCH_A,TIMESTAMP
rpt-network-plng,sitetracker_data,LDR_ST_FXP_SITES_V,TURNED_UP_MARKET_LAUNCH_F,TIMESTAMP
rpt-network-plng,sitetracker_data,LDR_ST_FXP_SITES_V,UPLOAD_ASBUILTS_A,TIMESTAMP
rpt-network-plng,sitetracker_data,LDR_ST_FXP_SITES_V,UPLOAD_ASBUILTS_F,TIMESTAMP
rpt-network-plng,sitetracker_data,LDR_ST_FXP_SITES_V,VALIDATE_QUAL_TYPE_IN_THE_QF_PORTAL_A,TIMESTAMP
rpt-network-plng,sitetracker_data,LDR_ST_FXP_SITES_V,VALIDATE_QUAL_TYPE_IN_THE_QF_PORTAL_F,TIMESTAMP
rpt-network-plng,sitetracker_data,LDR_ST_FXP_SITES_V,VENDOR_ASSIGNMENT_A,TIMESTAMP
rpt-network-plng,sitetracker_data,LDR_ST_FXP_SITES_V,VENDOR_ASSIGNMENT_F,TIMESTAMP
rpt-network-plng,sitetracker_data,LDR_ST_FXP_SITES_V,VENDOR_COMMITMENT_CONFIRMED_A,TIMESTAMP
rpt-network-plng,sitetracker_data,LDR_ST_FXP_SITES_V,VENDOR_COMMITMENT_CONFIRMED_F,TIMESTAMP
rpt-network-plng,sitetracker_data,LDR_ST_FXP_SITES_V,VENDOR_CONTRACT_ASSIGNMENT,STRING
rpt-network-plng,sitetracker_data,LDR_ST_FXP_SITES_V,VENDOR_MATERIALS_ORDERED_A,TIMESTAMP
rpt-network-plng,sitetracker_data,LDR_ST_FXP_SITES_V,VENDOR_MATERIALS_ORDERED_F,TIMESTAMP
rpt-network-plng,sitetracker_data,LDR_ST_FXP_SITES_V,VENDOR_MATERIALS_RECEIVED_A,TIMESTAMP
rpt-network-plng,sitetracker_data,LDR_ST_FXP_SITES_V,VENDOR_MATERIALS_RECEIVED_F,TIMESTAMP
rpt-network-plng,sitetracker_data,LDR_ST_FXP_SITES_V,VERB_CODE_AND_DESCRIPTION,STRING
rpt-network-plng,sitetracker_data,LDR_ST_FXP_SITES_V,VERIFY_ACTUALS_A,TIMESTAMP
rpt-network-plng,sitetracker_data,LDR_ST_FXP_SITES_V,VERIFY_ACTUALS_F,TIMESTAMP
rpt-network-plng,sitetracker_data,LDR_ST_FXP_SITES_V,WHAT_JOB_PLACED_OLT,STRING
rpt-network-plng,sitetracker_data,LDR_ST_FXP_SITES_V,WHY,STRING
rpt-network-plng,sitetracker_data,LDR_ST_FXP_SITES_V,WHY_NOW,STRING
rpt-network-plng,sitetracker_data,LDR_ST_FXP_SITES_V,WON_1ST_HOME,STRING
rpt-network-plng,sitetracker_data,LDR_ST_FXP_SITES_V,WORK_TYPE,STRING
rpt-network-plng,sitetracker_data,LDR_ST_FXP_SITES_V,WRECKING_RESTORAL_A,TIMESTAMP
rpt-network-plng,sitetracker_data,LDR_ST_FXP_SITES_V,WRECKING_RESTORAL_F,TIMESTAMP
rpt-network-plng,sitetracker_data,LDR_ST_FXP_SITES_V,X3RD_PARTY_AERIAL_MAKE_READY_COMPLETED_A,TIMESTAMP
rpt-network-plng,sitetracker_data,LDR_ST_FXP_SITES_V,X3RD_PARTY_AERIAL_MAKE_READY_COMPLETED_F,TIMESTAMP
rpt-network-plng,sitetracker_data,LDR_ST_FXP_SITES_V,SITE_LAUNCH,STRING
rpt-network-plng,sitetracker_data,LDR_ST_FXP_SITES_V,ACTUAL_LAUNCH,TIMESTAMP
rpt-network-plng,sitetracker_data,LDR_ST_FXP_SITES_V,ST_PROJECT_URL,STRING
rpt-network-plng,sitetracker_data,LDR_ST_FXP_SITES_V,FW_PROJECT_URL,STRING
rpt-network-plng,sitetracker_data,LDR_ST_FXP_SITES_V,PHASE_PROJECTS,STRING
rpt-network-plng,sitetracker_data,LDR_ST_FXP_SITES_V,NUM_OF_PHASE_RECORDS,NUMERIC
rpt-network-plng,sitetracker_data,LDR_ST_FXP_SITES_V,RELATED_PROJECTS,STRING
rpt-network-plng,sitetracker_data,LDR_ST_FXP_SITES_V,ST_SITE_PHASE,STRING
rpt-network-plng,sitetracker_data,LDR_ST_FXP_SITES_V,META_LOAD_DTTM,DATE
rpt-network-plng,sitetracker_data,ST_FDS_V,OVER_BUDGET,NUMERIC
rpt-network-plng,sitetracker_data,ST_FDS_V,X3RD_PARTY_PROCESS_TRIGGERED_A,DATE
rpt-network-plng,sitetracker_data,ST_FDS_V,X3RD_PARTY_PROCESS_TRIGGERED_F,DATE
rpt-network-plng,sitetracker_data,ST_FDS_V,X3RD_PARTY_RECEIVED_A,DATE
rpt-network-plng,sitetracker_data,ST_FDS_V,X3RD_PARTY_RECEIVED_F,DATE
rpt-network-plng,sitetracker_data,ST_FDS_V,X3RD_PARTY_RECEIVED_SPECIAL_A,DATE
rpt-network-plng,sitetracker_data,ST_FDS_V,X3RD_PARTY_RECEIVED_SPECIAL_F,DATE
rpt-network-plng,sitetracker_data,ST_FDS_V,ADDRESS,STRING
rpt-network-plng,sitetracker_data,ST_FDS_V,ASSOCIATED_PROJECT,STRING
rpt-network-plng,sitetracker_data,ST_FDS_V,BAA_BEA_RECEIVED_A,DATE
rpt-network-plng,sitetracker_data,ST_FDS_V,BAA_BEA_RECEIVED_F,DATE
rpt-network-plng,sitetracker_data,ST_FDS_V,BAA_BEA_TRIGGERED_A,DATE
rpt-network-plng,sitetracker_data,ST_FDS_V,BAA_BEA_TRIGGERED_F,DATE
rpt-network-plng,sitetracker_data,ST_FDS_V,BUILD_TYPE_CHANGE_REASON,STRING
rpt-network-plng,sitetracker_data,ST_FDS_V,CAP_ID_AMOUNT,NUMERIC
rpt-network-plng,sitetracker_data,ST_FDS_V,CAP_ID_AVAILABLE_FUNDING,NUMERIC
rpt-network-plng,sitetracker_data,ST_FDS_V,CAPITAL_APPROVAL_CODE,STRING
rpt-network-plng,sitetracker_data,ST_FDS_V,CIRCUIT_DESIGN_COMP_DSC_ASP_LARGE_A,DATE
rpt-network-plng,sitetracker_data,ST_FDS_V,CIRCUIT_DESIGN_COMP_DSC_ASP_LARGE_F,DATE
rpt-network-plng,sitetracker_data,ST_FDS_V,CIRCUIT_DESIGN_COMP_DSC_ASP_SIMPLE_A,DATE
rpt-network-plng,sitetracker_data,ST_FDS_V,CIRCUIT_DESIGN_COMP_DSC_ASP_SIMPLE_F,DATE
rpt-network-plng,sitetracker_data,ST_FDS_V,CIRCUIT_DESIGN_COMP_DSC_ASP_SMALL_A,DATE
rpt-network-plng,sitetracker_data,ST_FDS_V,CIRCUIT_DESIGN_COMP_DSC_ASP_SMALL_F,DATE
rpt-network-plng,sitetracker_data,ST_FDS_V,CIRCUIT_DESIGN_COMP_DSC_ASP_SPECIAL_A,DATE
rpt-network-plng,sitetracker_data,ST_FDS_V,CIRCUIT_DESIGN_COMP_DSC_ASP_SPECIAL_F,DATE
rpt-network-plng,sitetracker_data,ST_FDS_V,CITY,STRING
rpt-network-plng,sitetracker_data,ST_FDS_V,CLOSE_FINANCIAL_TOOL_A,DATE
rpt-network-plng,sitetracker_data,ST_FDS_V,CLOSE_FINANCIAL_TOOL_F,DATE
rpt-network-plng,sitetracker_data,ST_FDS_V,CNU_PROCESS_TRIGGERED_A,DATE
rpt-network-plng,sitetracker_data,ST_FDS_V,CNU_PROCESS_TRIGGERED_F,DATE
rpt-network-plng,sitetracker_data,ST_FDS_V,CNU_RECEIVED_A,DATE
rpt-network-plng,sitetracker_data,ST_FDS_V,CNU_RECEIVED_F,DATE
rpt-network-plng,sitetracker_data,ST_FDS_V,COMPANY_CODE,STRING
rpt-network-plng,sitetracker_data,ST_FDS_V,CONSTRUCTION_COMPLETE_LARGE_A,DATE
rpt-network-plng,sitetracker_data,ST_FDS_V,CONSTRUCTION_COMPLETE_LARGE_F,DATE
rpt-network-plng,sitetracker_data,ST_FDS_V,CONSTRUCTION_COMPLETE_SMALL_A,DATE
rpt-network-plng,sitetracker_data,ST_FDS_V,CONSTRUCTION_COMPLETE_SMALL_F,DATE
rpt-network-plng,sitetracker_data,ST_FDS_V,CONSTRUCTION_COMPLETE_SPECIAL_A,DATE
rpt-network-plng,sitetracker_data,ST_FDS_V,CONSTRUCTION_COMPLETE_SPECIAL_F,DATE
rpt-network-plng,sitetracker_data,ST_FDS_V,CONSTRUCTION_COORDINATOR_CUID,STRING
rpt-network-plng,sitetracker_data,ST_FDS_V,CONSTRUCTION_COORDINATOR_NAME,STRING
rpt-network-plng,sitetracker_data,ST_FDS_V,COUNTY,STRING
rpt-network-plng,sitetracker_data,ST_FDS_V,CREATE_PROJECT_A,DATE
rpt-network-plng,sitetracker_data,ST_FDS_V,CREATE_PROJECT_F,DATE
rpt-network-plng,sitetracker_data,ST_FDS_V,CURRENT_OPEN_ACTIVITY,STRING
rpt-network-plng,sitetracker_data,ST_FDS_V,DATE_AUDIT_COMPLETED,DATE
rpt-network-plng,sitetracker_data,ST_FDS_V,DATE_AUDIT_STARTED,DATE
rpt-network-plng,sitetracker_data,ST_FDS_V,DSR,STRING
rpt-network-plng,sitetracker_data,ST_FDS_V,ECD_NCD_FOC_DATE_SET_A,DATE
rpt-network-plng,sitetracker_data,ST_FDS_V,ECD_NCD_FOC_DATE_SET_F,DATE
rpt-network-plng,sitetracker_data,ST_FDS_V,EQUIP_INVENTORY_IN_DATABASE_ACCEPTED,STRING
rpt-network-plng,sitetracker_data,ST_FDS_V,EXCHANGE,STRING
rpt-network-plng,sitetracker_data,ST_FDS_V,EXCHANGE_NAME,STRING
rpt-network-plng,sitetracker_data,ST_FDS_V,FIBER_CHAR_FQA_ACCEPTED_SMALL_A,DATE
rpt-network-plng,sitetracker_data,ST_FDS_V,FIBER_CHAR_FQA_ACCEPTED_SMALL_F,DATE
rpt-network-plng,sitetracker_data,ST_FDS_V,FIBER_CHAR_FQA_ACCEPTED_SPECIAL_A,DATE
rpt-network-plng,sitetracker_data,ST_FDS_V,FIBER_CHAR_FQA_ACCEPTED_SPECIAL_F,DATE
rpt-network-plng,sitetracker_data,ST_FDS_V,FIBER_CHAR_FQA_SUBMITTED_LARGE_A,DATE
rpt-network-plng,sitetracker_data,ST_FDS_V,FIBER_CHAR_FQA_SUBMITTED_LARGE_F,DATE
rpt-network-plng,sitetracker_data,ST_FDS_V,FIBER_CHAR_FQA_SUBMITTED_SMALL_A,DATE
rpt-network-plng,sitetracker_data,ST_FDS_V,FIBER_CHAR_FQA_SUBMITTED_SMALL_F,DATE
rpt-network-plng,sitetracker_data,ST_FDS_V,FIBER_CHAR_FQA_SUBMITTED_SPECIAL_A,DATE
rpt-network-plng,sitetracker_data,ST_FDS_V,FIBER_CHAR_FQA_SUBMITTED_SPECIAL_F,DATE
rpt-network-plng,sitetracker_data,ST_FDS_V,FIBER_CHAR_FQA_ACCEPTED_LARGE_A,DATE
rpt-network-plng,sitetracker_data,ST_FDS_V,FIBER_CHAR_FQA_ACCEPTED_LARGE_F,DATE
rpt-network-plng,sitetracker_data,ST_FDS_V,FIBER_INVENTORY_IN_DATABASE_ACCEPTED,STRING
rpt-network-plng,sitetracker_data,ST_FDS_V,FINALIZE_ALL_VENDOR_INVOICING_LARGE_A,DATE
rpt-network-plng,sitetracker_data,ST_FDS_V,FINALIZE_ALL_VENDOR_INVOICING_LARGE_F,DATE
rpt-network-plng,sitetracker_data,ST_FDS_V,FINALIZE_ALL_VENDOR_INVOICING_SIMPLE_A,DATE
rpt-network-plng,sitetracker_data,ST_FDS_V,FINALIZE_ALL_VENDOR_INVOICING_SIMPLE_F,DATE
rpt-network-plng,sitetracker_data,ST_FDS_V,FINALIZE_ALL_VENDOR_INVOICING_SMALL_A,DATE
rpt-network-plng,sitetracker_data,ST_FDS_V,FINALIZE_ALL_VENDOR_INVOICING_SMALL_F,DATE
rpt-network-plng,sitetracker_data,ST_FDS_V,FINALIZE_ALL_VENDOR_INVOICING_SPECIA_A,DATE
rpt-network-plng,sitetracker_data,ST_FDS_V,FINALIZE_ALL_VENDOR_INVOICING_SPECIA_F,DATE
rpt-network-plng,sitetracker_data,ST_FDS_V,FW_PROJECT_ID,STRING
rpt-network-plng,sitetracker_data,ST_FDS_V,FURTHEST_COMPLETED_ACTIVITY,STRING
rpt-network-plng,sitetracker_data,ST_FDS_V,HELD_ORDER_ID,STRING
rpt-network-plng,sitetracker_data,ST_FDS_V,INITIAL_BUDGET_PLAN_AMOUNT,NUMERIC
rpt-network-plng,sitetracker_data,ST_FDS_V,INVESTMENT_REASON,STRING
rpt-network-plng,sitetracker_data,ST_FDS_V,IS_BACK_HAUL_NEEDED,STRING
rpt-network-plng,sitetracker_data,ST_FDS_V,IS_FIBER_CHARACTERIZATION_FQA_NEEDED,STRING
rpt-network-plng,sitetracker_data,ST_FDS_V,KICK_OFF_ISP_ELECTRONIC_ENGINEERING_A,DATE
rpt-network-plng,sitetracker_data,ST_FDS_V,KICK_OFF_ISP_ELECTRONIC_ENGINEERING_F,DATE
rpt-network-plng,sitetracker_data,ST_FDS_V,LCON,STRING
rpt-network-plng,sitetracker_data,ST_FDS_V,LCON_PHONE,STRING
rpt-network-plng,sitetracker_data,ST_FDS_V,LEGACY_COMPANY,STRING
rpt-network-plng,sitetracker_data,ST_FDS_V,LOAD_ROUTE_SPECIAL_A,DATE
rpt-network-plng,sitetracker_data,ST_FDS_V,LOAD_ROUTE_A,DATE
rpt-network-plng,sitetracker_data,ST_FDS_V,LONGITUDE,STRING
rpt-network-plng,sitetracker_data,ST_FDS_V,MARKET_CLUSTER,STRING
rpt-network-plng,sitetracker_data,ST_FDS_V,MATERIALS_RECEIVED_A,DATE
rpt-network-plng,sitetracker_data,ST_FDS_V,MATERIALS_RECEIVED_F,DATE
rpt-network-plng,sitetracker_data,ST_FDS_V,MATERIALS_RECEIVED_ELECTRONICS_A,DATE
rpt-network-plng,sitetracker_data,ST_FDS_V,MATERIALS_RECEIVED_ELECTRONICS_F,DATE
rpt-network-plng,sitetracker_data,ST_FDS_V,OPEN_WORK_ORDERS_BIDS,STRING
rpt-network-plng,sitetracker_data,ST_FDS_V,ORDER_INFO,STRING
rpt-network-plng,sitetracker_data,ST_FDS_V,MODIFIED_ECD,DATE
rpt-network-plng,sitetracker_data,ST_FDS_V,ORIGINAL_ECD_NCD,DATE
rpt-network-plng,sitetracker_data,ST_FDS_V,MAX_ECD_MECD,DATE
rpt-network-plng,sitetracker_data,ST_FDS_V,OSP_ENGINEER_CUID,STRING
rpt-network-plng,sitetracker_data,ST_FDS_V,OSP_ENGINEER_NAME,STRING
rpt-network-plng,sitetracker_data,ST_FDS_V,OSP_ENG_DIRECTOR_CUID,STRING
rpt-network-plng,sitetracker_data,ST_FDS_V,OSP_ENG_DIRECTOR_NAME,STRING
rpt-network-plng,sitetracker_data,ST_FDS_V,OSP_MANAGER_CUID,STRING
rpt-network-plng,sitetracker_data,ST_FDS_V,OSP_MANAGER_NAME,STRING
rpt-network-plng,sitetracker_data,ST_FDS_V,SITETRACKER_PM_NAME,STRING
rpt-network-plng,sitetracker_data,ST_FDS_V,PERMITTING_RIGHT_OF_WAY_LARGE_F,DATE
rpt-network-plng,sitetracker_data,ST_FDS_V,PERMITTING_RIGHT_OF_WAY_LARGE_A,DATE
rpt-network-plng,sitetracker_data,ST_FDS_V,PERMITTING_RIGHT_OF_WAY_SMALL_F,DATE
rpt-network-plng,sitetracker_data,ST_FDS_V,PERMITTING_RIGHT_OF_WAY_SMALL_A,DATE
rpt-network-plng,sitetracker_data,ST_FDS_V,PERMITTING_RIGHT_OF_WAY_SPECIAL_A,DATE
rpt-network-plng,sitetracker_data,ST_FDS_V,PERMITTING_RIGHT_OF_WAY_SPECIAL_F,DATE
rpt-network-plng,sitetracker_data,ST_FDS_V,PLACING_LARGE_A,DATE
rpt-network-plng,sitetracker_data,ST_FDS_V,PLACING_LARGE_F,DATE
rpt-network-plng,sitetracker_data,ST_FDS_V,PLACING_SIMPLE_A,DATE
rpt-network-plng,sitetracker_data,ST_FDS_V,PLACING_SIMPLE_F,DATE
rpt-network-plng,sitetracker_data,ST_FDS_V,PLACING_SMALL_A,DATE
rpt-network-plng,sitetracker_data,ST_FDS_V,PLACING_SMALL_F,DATE
rpt-network-plng,sitetracker_data,ST_FDS_V,PLACING_SPECIAL_A,DATE
rpt-network-plng,sitetracker_data,ST_FDS_V,PLACING_SPECIAL_F,DATE
rpt-network-plng,sitetracker_data,ST_FDS_V,TOTAL_PLANNED_AMOUNT,NUMERIC
rpt-network-plng,sitetracker_data,ST_FDS_V,PLANNER_CUID,STRING
rpt-network-plng,sitetracker_data,ST_FDS_V,PLANNER_NAME,STRING
rpt-network-plng,sitetracker_data,ST_FDS_V,PLANNING_MANAGER_CUID,STRING
rpt-network-plng,sitetracker_data,ST_FDS_V,PLANNING_MANAGER_NAME,STRING
rpt-network-plng,sitetracker_data,ST_FDS_V,PM_MANAGER,STRING
rpt-network-plng,sitetracker_data,ST_FDS_V,PM_CCM,STRING
rpt-network-plng,sitetracker_data,ST_FDS_V,PRELIMINARY_NETWORK_DESIGN_A,DATE
rpt-network-plng,sitetracker_data,ST_FDS_V,PRELIMINARY_NETWORK_DESIGN_F,DATE
rpt-network-plng,sitetracker_data,ST_FDS_V,PRIMARY_WIRE_CENTER_ID,STRING
rpt-network-plng,sitetracker_data,ST_FDS_V,PRIMARY_WIRE_CENTER_NAME,STRING
rpt-network-plng,sitetracker_data,ST_FDS_V,PROGRAM_NAME,STRING
rpt-network-plng,sitetracker_data,ST_FDS_V,PROJECT_AUDIT_COMMENTS,STRING
rpt-network-plng,sitetracker_data,ST_FDS_V,PROJECT_AUDIT_REQUESTED,NUMERIC
rpt-network-plng,sitetracker_data,ST_FDS_V,PROJECT_COMMENTS_LONG_TEXT,INT64
rpt-network-plng,sitetracker_data,ST_FDS_V,PROJECT_COMMENTS_HISTORY_LONG,INT64
rpt-network-plng,sitetracker_data,ST_FDS_V,PROJECT_DESCRIPTION,STRING
rpt-network-plng,sitetracker_data,ST_FDS_V,ST_PROJECT_ID,STRING
rpt-network-plng,sitetracker_data,ST_FDS_V,ST_PROJECT_URL,STRING
rpt-network-plng,sitetracker_data,ST_FDS_V,PROJECT_INITIATED_IN_SAP,STRING
rpt-network-plng,sitetracker_data,ST_FDS_V,PROJECT_KICK_OFF_COMPLETED_A,DATE
rpt-network-plng,sitetracker_data,ST_FDS_V,PROJECT_KICK_OFF_COMPLETED_F,DATE
rpt-network-plng,sitetracker_data,ST_FDS_V,PROJECT_NAME,STRING
rpt-network-plng,sitetracker_data,ST_FDS_V,PROJECT_STATUS_OVERRIDE,NUMERIC
rpt-network-plng,sitetracker_data,ST_FDS_V,PROJECT_STATUS_OVERRIDE_REASON,STRING
rpt-network-plng,sitetracker_data,ST_FDS_V,PROJECT_TYPE,STRING
rpt-network-plng,sitetracker_data,ST_FDS_V,RECORD_UPDATES_FINAL_POST_LARGE_A,DATE
rpt-network-plng,sitetracker_data,ST_FDS_V,RECORD_UPDATES_FINAL_POST_LARGE_F,DATE
rpt-network-plng,sitetracker_data,ST_FDS_V,RECORD_UPDATES_FINAL_POST_SIMPLE_A,DATE
rpt-network-plng,sitetracker_data,ST_FDS_V,RECORD_UPDATES_FINAL_POST_SIMPLE_F,DATE
rpt-network-plng,sitetracker_data,ST_FDS_V,RECORD_UPDATES_FINAL_POST_SMALL_A,DATE
rpt-network-plng,sitetracker_data,ST_FDS_V,RECORD_UPDATES_FINAL_POST_SMALL_F,DATE
rpt-network-plng,sitetracker_data,ST_FDS_V,RECORD_UPDATES_FINAL_POST_SPECIAL_A,DATE
rpt-network-plng,sitetracker_data,ST_FDS_V,RECORD_UPDATES_FINAL_POST_SPECIAL_F,DATE
rpt-network-plng,sitetracker_data,ST_FDS_V,RELEASE_ORD_TO_DATA_DSC_OMC_LARGE_A,DATE
rpt-network-plng,sitetracker_data,ST_FDS_V,RELEASE_ORD_TO_DATA_DSC_OMC_LARGE_F,DATE
rpt-network-plng,sitetracker_data,ST_FDS_V,RELEASE_ORD_TO_DATA_DSC_OMC_SIMPLE_A,DATE
rpt-network-plng,sitetracker_data,ST_FDS_V,RELEASE_ORD_TO_DATA_DSC_OMC_SIMPLE_F,DATE
rpt-network-plng,sitetracker_data,ST_FDS_V,RELEASE_ORD_TO_DATA_DSC_OMC_SMALL_A,DATE
rpt-network-plng,sitetracker_data,ST_FDS_V,RELEASE_ORD_TO_DATA_DSC_OMC_SPECIAL_A,DATE
rpt-network-plng,sitetracker_data,ST_FDS_V,RELEASE_ORD_TO_DATA_DSC_OMC_SMALL_F,DATE
rpt-network-plng,sitetracker_data,ST_FDS_V,RELEASE_ORD_TO_DATA_DSC_OMC_SPECIAL_F,DATE
rpt-network-plng,sitetracker_data,ST_FDS_V,RELEASED_TO_CONSTRUCTION_A,DATE
rpt-network-plng,sitetracker_data,ST_FDS_V,RELEASED_TO_CONSTRUCTION_F,DATE
rpt-network-plng,sitetracker_data,ST_FDS_V,RESPONSIBLE_PERSON_CUID,STRING
rpt-network-plng,sitetracker_data,ST_FDS_V,RESPONSIBLE_PERSON_NAME,STRING
rpt-network-plng,sitetracker_data,ST_FDS_V,REVIEW_PRINTS_ASSIGN_JOB_SPECIAL_A,DATE
rpt-network-plng,sitetracker_data,ST_FDS_V,REVIEW_PRINTS_ASSIGN_JOB_SPECIAL_F,DATE
rpt-network-plng,sitetracker_data,ST_FDS_V,REVIEW_PRINTS_ACCEPT_ASSIGN_JOB_A,DATE
rpt-network-plng,sitetracker_data,ST_FDS_V,REVIEW_PRINTS_ACCEPT_ASSIGN_JOB_F,DATE
rpt-network-plng,sitetracker_data,ST_FDS_V,SAP_SYSTEM_STATUS,STRING
rpt-network-plng,sitetracker_data,ST_FDS_V,SCOPE_OF_WORK_DEFINED_A,DATE
rpt-network-plng,sitetracker_data,ST_FDS_V,SCOPE_OF_WORK_DEFINED_F,DATE
rpt-network-plng,sitetracker_data,ST_FDS_V,SEGMENT,STRING
rpt-network-plng,sitetracker_data,ST_FDS_V,SELECT_CORRECT_BUILD_TYPE,STRING
rpt-network-plng,sitetracker_data,ST_FDS_V,SERVICE_AREA,STRING
rpt-network-plng,sitetracker_data,ST_FDS_V,SITE_NAME,STRING
rpt-network-plng,sitetracker_data,ST_FDS_V,SITE_SURVEY_COMPLETE_A,DATE
rpt-network-plng,sitetracker_data,ST_FDS_V,SITE_SURVEY_COMPLETE_F,DATE
rpt-network-plng,sitetracker_data,ST_FDS_V,SITE_SURVEY_ISSUED_TO_FIELD_A,DATE
rpt-network-plng,sitetracker_data,ST_FDS_V,SITE_SURVEY_ISSUED_TO_FIELD_F,DATE
rpt-network-plng,sitetracker_data,ST_FDS_V,SITE_SURVEY_SCHEDULED_A,DATE
rpt-network-plng,sitetracker_data,ST_FDS_V,SITE_SURVEY_SCHEDULED_F,DATE
rpt-network-plng,sitetracker_data,ST_FDS_V,PROJECT_STATUS,STRING
rpt-network-plng,sitetracker_data,ST_FDS_V,SOURCE,STRING
rpt-network-plng,sitetracker_data,ST_FDS_V,SOW_AND_FUNDING_HAS_BEEN_CONFIRMED_A,DATE
rpt-network-plng,sitetracker_data,ST_FDS_V,SOW_AND_FUNDING_HAS_BEEN_CONFIRMED_F,DATE
rpt-network-plng,sitetracker_data,ST_FDS_V,SOW_FORM,STRING
rpt-network-plng,sitetracker_data,ST_FDS_V,SPLICING_LARGE_A,DATE
rpt-network-plng,sitetracker_data,ST_FDS_V,SPLICING_LARGE_F,DATE
rpt-network-plng,sitetracker_data,ST_FDS_V,SPLICING_SMALL_A,DATE
rpt-network-plng,sitetracker_data,ST_FDS_V,SPLICING_SMALL_F,DATE
rpt-network-plng,sitetracker_data,ST_FDS_V,SPLICING_SPECIAL_A,DATE
rpt-network-plng,sitetracker_data,ST_FDS_V,SPLICING_SPECIAL_F,DATE
rpt-network-plng,sitetracker_data,ST_FDS_V,SPLICING_SUPERVISOR_CUID,STRING
rpt-network-plng,sitetracker_data,ST_FDS_V,STATE,STRING
rpt-network-plng,sitetracker_data,ST_FDS_V,TECHNICALLY_COMPLETE_LARGE_A,DATE
rpt-network-plng,sitetracker_data,ST_FDS_V,TECHNICALLY_COMPLETE_LARGE_F,DATE
rpt-network-plng,sitetracker_data,ST_FDS_V,TECHNICALLY_COMPLETE_SIMPLE_A,DATE
rpt-network-plng,sitetracker_data,ST_FDS_V,TECHNICALLY_COMPLETE_SIMPLE_F,DATE
rpt-network-plng,sitetracker_data,ST_FDS_V,TECHNICALLY_COMPLETE_SMALL_A,DATE
rpt-network-plng,sitetracker_data,ST_FDS_V,TECHNICALLY_COMPLETE_SMALL_F,DATE
rpt-network-plng,sitetracker_data,ST_FDS_V,TECHNICALLY_COMPLETE_SPECIAL_A,DATE
rpt-network-plng,sitetracker_data,ST_FDS_V,TECHNICALLY_COMPLETE_SPECIAL_F,DATE
rpt-network-plng,sitetracker_data,ST_FDS_V,TERM,NUMERIC
rpt-network-plng,sitetracker_data,ST_FDS_V,TOTAL_APPROVED_BUDGET_PLAN_AMOUNT,NUMERIC
rpt-network-plng,sitetracker_data,ST_FDS_V,UPLOAD_ASBUILTS_LARGE_A,DATE
rpt-network-plng,sitetracker_data,ST_FDS_V,UPLOAD_ASBUILTS_LARGE_F,DATE
rpt-network-plng,sitetracker_data,ST_FDS_V,UPLOAD_ASBUILTS_SIMPLE_A,DATE
rpt-network-plng,sitetracker_data,ST_FDS_V,UPLOAD_ASBUILTS_SIMPLE_F,DATE
rpt-network-plng,sitetracker_data,ST_FDS_V,UPLOAD_ASBUILTS_SMALL_A,DATE
rpt-network-plng,sitetracker_data,ST_FDS_V,UPLOAD_ASBUILTS_SMALL_F,DATE
rpt-network-plng,sitetracker_data,ST_FDS_V,UPLOAD_ASBUILTS_SPECIAL_A,DATE
rpt-network-plng,sitetracker_data,ST_FDS_V,UPLOAD_ASBUILTS_SPECIAL_F,DATE
rpt-network-plng,sitetracker_data,ST_FDS_V,VALIDATE_ROUTE_A,DATE
rpt-network-plng,sitetracker_data,ST_FDS_V,VALIDATE_ROUTE_F,DATE
rpt-network-plng,sitetracker_data,ST_FDS_V,VALIDATE_ROUTE_SPECIAL_A,DATE
rpt-network-plng,sitetracker_data,ST_FDS_V,VALIDATE_ROUTE_SPECIAL_F,DATE
rpt-network-plng,sitetracker_data,ST_FDS_V,VENDOR_CONTRACT_ASSIGNMENT,INT64
rpt-network-plng,sitetracker_data,ST_FDS_V,VERB_CODE_AND_DESCRIPTION,STRING
rpt-network-plng,sitetracker_data,ST_FDS_V,VERIFY_ACTUALS_LARGE_A,DATE
rpt-network-plng,sitetracker_data,ST_FDS_V,VERIFY_ACTUALS_LARGE_F,DATE
rpt-network-plng,sitetracker_data,ST_FDS_V,VERIFY_ACTUALS_SIMPLE_A,DATE
rpt-network-plng,sitetracker_data,ST_FDS_V,VERIFY_ACTUALS_SIMPLE_F,DATE
rpt-network-plng,sitetracker_data,ST_FDS_V,VERIFY_ACTUALS_SMALL_A,DATE
rpt-network-plng,sitetracker_data,ST_FDS_V,VERIFY_ACTUALS_SMALL_F,DATE
rpt-network-plng,sitetracker_data,ST_FDS_V,VERIFY_ACTUALS_SPECIAL_A,DATE
rpt-network-plng,sitetracker_data,ST_FDS_V,VERIFY_ACTUALS_SPECIAL_F,DATE
rpt-network-plng,sitetracker_data,ST_FDS_V,WFMT_PROJECT_ID,STRING
rpt-network-plng,sitetracker_data,ST_FDS_V,WHY,INT64
rpt-network-plng,sitetracker_data,ST_FDS_V,WHY_NOW,INT64
rpt-network-plng,sitetracker_data,ST_FDS_V,WRECKING_RESTORAL_LARGE_A,DATE
rpt-network-plng,sitetracker_data,ST_FDS_V,WRECKING_RESTORAL_LARGE_F,DATE
rpt-network-plng,sitetracker_data,ST_FDS_V,WRECKING_RESTORAL_SPECIAL_A,DATE
rpt-network-plng,sitetracker_data,ST_FDS_V,WRECKING_RESTORAL_SPECIAL_F,DATE
rpt-network-plng,sitetracker_data,ST_FDS_V,META_LOAD_DATE_TIME,TIMESTAMP
rpt-network-plng,sitetracker_data,ST_FXP_CORP_CUSTOM_V,ST_PROJECT_ID,STRING
rpt-network-plng,sitetracker_data,ST_FXP_CORP_CUSTOM_V,SITE_ST_PROJECT_ID,STRING
rpt-network-plng,sitetracker_data,ST_FXP_CORP_CUSTOM_V,phase_number_of_build_lus,NUMERIC
rpt-network-plng,sitetracker_data,ST_FXP_CORP_CUSTOM_V,phase_number_of_constructed_service_locations,NUMERIC
rpt-network-plng,sitetracker_data,ST_FXP_CORP_CUSTOM_V,phase_number_of_inventoried_service_locations,NUMERIC
rpt-network-plng,sitetracker_data,ST_FXP_CORP_CUSTOM_V,phase_num_of_lus,NUMERIC
rpt-network-plng,sitetracker_data,ST_FXP_CORP_CUSTOM_V,Accepted_By_Construction_Age_Bucket,STRING
rpt-network-plng,sitetracker_data,ST_FXP_CORP_CUSTOM_V,CAD_Design_Completed_Age_Bucket,STRING
rpt-network-plng,sitetracker_data,ST_FXP_CORP_CUSTOM_V,CAD_Design_Started_Age_Bucket,STRING
rpt-network-plng,sitetracker_data,ST_FXP_CORP_CUSTOM_V,Easement_ROW_Received_Age_Bucket,STRING
rpt-network-plng,sitetracker_data,ST_FXP_CORP_CUSTOM_V,Easement_ROW_Request_Age_Bucket,STRING
rpt-network-plng,sitetracker_data,ST_FXP_CORP_CUSTOM_V,Engineering_Complete_Age_Bucket,STRING
rpt-network-plng,sitetracker_data,ST_FXP_CORP_CUSTOM_V,Finalize_Network_Design_Age_Bucket,STRING
rpt-network-plng,sitetracker_data,ST_FXP_CORP_CUSTOM_V,Funding_Documents_Prep_And_Paychecks_Age_Bucket,STRING
rpt-network-plng,sitetracker_data,ST_FXP_CORP_CUSTOM_V,Funding_Request_Received_Age_Bucket,STRING
rpt-network-plng,sitetracker_data,ST_FXP_CORP_CUSTOM_V,Funding_Request_Submitted_Age_Bucket,STRING
rpt-network-plng,sitetracker_data,ST_FXP_CORP_CUSTOM_V,Geospatial_Checks_Passed_Age_Bucket,STRING
rpt-network-plng,sitetracker_data,ST_FXP_CORP_CUSTOM_V,Geospatial_Submitted_to_BRAIN_Age_Bucket,STRING
rpt-network-plng,sitetracker_data,ST_FXP_CORP_CUSTOM_V,Inventory_Complete_AGING_BUCKET,STRING
rpt-network-plng,sitetracker_data,ST_FXP_CORP_CUSTOM_V,Make_Ready_Estimate_Received_Age_Bucket,STRING
rpt-network-plng,sitetracker_data,ST_FXP_CORP_CUSTOM_V,Make_Ready_Payment_Submitted_Age_Bucket,STRING
rpt-network-plng,sitetracker_data,ST_FXP_CORP_CUSTOM_V,Market_Launch_Age_Bucket,STRING
rpt-network-plng,sitetracker_data,ST_FXP_CORP_CUSTOM_V,Materials_Ordered_Age_Bucket,STRING
rpt-network-plng,sitetracker_data,ST_FXP_CORP_CUSTOM_V,Materials_Received_Age_Bucket,STRING
rpt-network-plng,sitetracker_data,ST_FXP_CORP_CUSTOM_V,NI_ACCEPTED_HANDOFF_Bucket,STRING
rpt-network-plng,sitetracker_data,ST_FXP_CORP_CUSTOM_V,OSP_Construction_Complete_Age_Bucket,STRING
rpt-network-plng,sitetracker_data,ST_FXP_CORP_CUSTOM_V,OSP_Construction_Start_Age_Bucket,STRING
rpt-network-plng,sitetracker_data,ST_FXP_CORP_CUSTOM_V,Permits_Received_Age_Bucket,STRING
rpt-network-plng,sitetracker_data,ST_FXP_CORP_CUSTOM_V,Permits_ROW_Age_Bucket,STRING
rpt-network-plng,sitetracker_data,ST_FXP_CORP_CUSTOM_V,Permits_Submitted_Age_Bucket,STRING
rpt-network-plng,sitetracker_data,ST_FXP_CORP_CUSTOM_V,Placing_Age_Bucket,STRING
rpt-network-plng,sitetracker_data,ST_FXP_CORP_CUSTOM_V,PLANNING_GATE_DECISION_Bucket,STRING
rpt-network-plng,sitetracker_data,ST_FXP_CORP_CUSTOM_V,Premise_Equipment_Installed_Age_Bucket,STRING
rpt-network-plng,sitetracker_data,ST_FXP_CORP_CUSTOM_V,Project_Redlines_Completed_Age_Bucket,STRING
rpt-network-plng,sitetracker_data,ST_FXP_CORP_CUSTOM_V,Provisioning_Complete_Age_Bucket,STRING
rpt-network-plng,sitetracker_data,ST_FXP_CORP_CUSTOM_V,PTA_RECEIVED_FROM_POLE_OWNER_AGE_BUCKET,STRING
rpt-network-plng,sitetracker_data,ST_FXP_CORP_CUSTOM_V,PTA_POLE_APPLICATION_SUBMITTED_AGING_BUCKET,STRING
rpt-network-plng,sitetracker_data,ST_FXP_CORP_CUSTOM_V,PTA_Application_Received_Age_Bucket,STRING
rpt-network-plng,sitetracker_data,ST_FXP_CORP_CUSTOM_V,QF_Automation_Posted_to_Top_AGING_BUCKET,STRING
rpt-network-plng,sitetracker_data,ST_FXP_CORP_CUSTOM_V,Redlines_to_Design_Age_Bucket,STRING
rpt-network-plng,sitetracker_data,ST_FXP_CORP_CUSTOM_V,Released_to_Construction_Age_Bucket,STRING
rpt-network-plng,sitetracker_data,ST_FXP_CORP_CUSTOM_V,Sitewalk_Completed_Age_Bucket,STRING
rpt-network-plng,sitetracker_data,ST_FXP_CORP_CUSTOM_V,Sitewalk_Handed_Off_Age_Bucket,STRING
rpt-network-plng,sitetracker_data,ST_FXP_CORP_CUSTOM_V,Sitewalk_Start_Age_Bucket,STRING
rpt-network-plng,sitetracker_data,ST_FXP_CORP_CUSTOM_V,Splicing_Age_Bucket,STRING
rpt-network-plng,sitetracker_data,ST_FXP_CORP_CUSTOM_V,Tirks_Circuits_Requested_7_9_Age_Bucket,STRING
rpt-network-plng,sitetracker_data,ST_FXP_CORP_CUSTOM_V,Tirks_Fiber_Inventory_F1_Submitted_Age_Bucket,STRING
rpt-network-plng,sitetracker_data,ST_FXP_CORP_CUSTOM_V,Vendor_Assignment_Age_Bucket,STRING
rpt-network-plng,sitetracker_data,ST_FXP_CORP_CUSTOM_V,Vendor_Commitment_Confirmed_Age_Bucket,STRING
rpt-network-plng,sitetracker_data,ST_FXP_CORP_CUSTOM_V,Vendor_Materials_Ordered_Age_Bucket,STRING
rpt-network-plng,sitetracker_data,ST_FXP_CORP_CUSTOM_V,Vendor_Materials_Received_Age_Bucket,STRING
rpt-network-plng,sitetracker_data,ST_FXP_CORP_CUSTOM_V,Vendor_Resources_Secured_Age_Bucket,STRING
rpt-network-plng,sitetracker_data,ST_FXP_CORP_CUSTOM_V,x3rd_Party_Make_Ready_Complete_Age_Bucket,STRING
rpt-network-plng,sitetracker_data,ST_FXP_CORP_CUSTOM_V,OSP_Construction_Complete_Aging,INT64
rpt-network-plng,sitetracker_data,ST_FXP_CORP_CUSTOM_V,Funding_Request_Received_Aging,INT64
rpt-network-plng,sitetracker_data,ST_FXP_CORP_CUSTOM_V,Funding_Request_Submitted_Aging,INT64
rpt-network-plng,sitetracker_data,ST_FXP_CORP_CUSTOM_V,Market_Launch_Aging,INT64
rpt-network-plng,sitetracker_data,ST_FXP_CORP_CUSTOM_V,Materials_Ordered_Aging,INT64
rpt-network-plng,sitetracker_data,ST_FXP_CORP_CUSTOM_V,Materials_Received_Aging,INT64
rpt-network-plng,sitetracker_data,ST_FXP_CORP_CUSTOM_V,Permits_ROW_Aging,INT64
rpt-network-plng,sitetracker_data,ST_FXP_CORP_CUSTOM_V,Permits_Submitted_Aging,INT64
rpt-network-plng,sitetracker_data,ST_FXP_CORP_CUSTOM_V,PTA_Application_Received_Aging,INT64
rpt-network-plng,sitetracker_data,ST_FXP_CORP_CUSTOM_V,PTA_Application_Submitted_Aging,INT64
rpt-network-plng,sitetracker_data,ST_FXP_CORP_CUSTOM_V,Released_to_Construction_Aging,INT64
rpt-network-plng,sitetracker_data,ST_FXP_CORP_CUSTOM_V,Site_Survey_Aging,INT64
rpt-network-plng,sitetracker_data,ST_FXP_CORP_CUSTOM_V,Vendor_Materials_Ordered_Aging,INT64
rpt-network-plng,sitetracker_data,ST_FXP_CORP_CUSTOM_V,Vendor_Materials_Received_Aging,INT64
rpt-network-plng,sitetracker_data,ST_FXP_CORP_CUSTOM_V,Vendor_Resources_Secured_Aging,INT64
rpt-network-plng,sitetracker_data,ST_FXP_CORP_CUSTOM_V,x3rd_Party_Make_Ready_Aging,INT64
rpt-network-plng,sitetracker_data,ST_FXP_CORP_CUSTOM_V,OSP_Construction_Complete_F_ex,STRING
rpt-network-plng,sitetracker_data,ST_FXP_CORP_CUSTOM_V,Funding_Request_Received_F_ex,STRING
rpt-network-plng,sitetracker_data,ST_FXP_CORP_CUSTOM_V,Funding_Request_Submitted_F_ex,STRING
rpt-network-plng,sitetracker_data,ST_FXP_CORP_CUSTOM_V,Market_Launch_F_ex,STRING
rpt-network-plng,sitetracker_data,ST_FXP_CORP_CUSTOM_V,Materials_Ordered_F_ex,STRING
rpt-network-plng,sitetracker_data,ST_FXP_CORP_CUSTOM_V,Materials_Received_F_ex,STRING
rpt-network-plng,sitetracker_data,ST_FXP_CORP_CUSTOM_V,OSP_CONSTRUCTION_START_F_EX,STRING
rpt-network-plng,sitetracker_data,ST_FXP_CORP_CUSTOM_V,Permits_ROW_F_ex,STRING
rpt-network-plng,sitetracker_data,ST_FXP_CORP_CUSTOM_V,Permits_Submitted_F_ex,STRING
rpt-network-plng,sitetracker_data,ST_FXP_CORP_CUSTOM_V,PTA_Application_Received_F_ex,STRING
rpt-network-plng,sitetracker_data,ST_FXP_CORP_CUSTOM_V,PTA_Application_Submitted_F_ex,STRING
rpt-network-plng,sitetracker_data,ST_FXP_CORP_CUSTOM_V,Released_to_Construction_F_ex,STRING
rpt-network-plng,sitetracker_data,ST_FXP_CORP_CUSTOM_V,Site_Survey_F_ex,STRING
rpt-network-plng,sitetracker_data,ST_FXP_CORP_CUSTOM_V,Vendor_Materials_Ordered_F_ex,STRING
rpt-network-plng,sitetracker_data,ST_FXP_CORP_CUSTOM_V,Vendor_Materials_Received_F_ex,STRING
rpt-network-plng,sitetracker_data,ST_FXP_CORP_CUSTOM_V,Vendor_Resources_Secured_F_ex,STRING
rpt-network-plng,sitetracker_data,ST_FXP_CORP_CUSTOM_V,x3rd_Party_Make_Ready_F_ex,STRING
rpt-network-plng,sitetracker_data,ST_FXP_CORP_CUSTOM_V,MAKE_READY_PYMT_SUB_YN,STRING
rpt-network-plng,sitetracker_data,ST_FXP_CORP_CUSTOM_V,MAT_ORDERED_YN,STRING
rpt-network-plng,sitetracker_data,ST_FXP_CORP_CUSTOM_V,MAT_REC_YN,STRING
rpt-network-plng,sitetracker_data,ST_FXP_CORP_CUSTOM_V,MR_AERIAL_COMPLETE_YN,STRING
rpt-network-plng,sitetracker_data,ST_FXP_CORP_CUSTOM_V,PERMIT_RECEIVED_YN,STRING
rpt-network-plng,sitetracker_data,ST_FXP_CORP_CUSTOM_V,SITE_VISIT_COMP_YN,STRING
rpt-network-plng,sitetracker_data,ST_FXP_CORP_CUSTOM_V,VENDOR_ASSIGNED_YN,STRING
rpt-network-plng,sitetracker_data,ST_FXP_CORP_CUSTOM_V,I_CONST_COMP_INV_COMP,INTERVAL
rpt-network-plng,sitetracker_data,ST_FXP_CORP_CUSTOM_V,I_CONST_SECTION,INTERVAL
rpt-network-plng,sitetracker_data,ST_FXP_CORP_CUSTOM_V,I_CONST_START_FINISH,INTERVAL
rpt-network-plng,sitetracker_data,ST_FXP_CORP_CUSTOM_V,I_CREATE_CLOSE,INTERVAL
rpt-network-plng,sitetracker_data,ST_FXP_CORP_CUSTOM_V,I_CREATE_TECO,INTERVAL
rpt-network-plng,sitetracker_data,ST_FXP_CORP_CUSTOM_V,I_E_ROW_SECTION,INTERVAL
rpt-network-plng,sitetracker_data,ST_FXP_CORP_CUSTOM_V,I_ENG_SECTION,INTERVAL
rpt-network-plng,sitetracker_data,ST_FXP_CORP_CUSTOM_V,I_FIN_FUND_TO_ENG_START,INTERVAL
rpt-network-plng,sitetracker_data,ST_FXP_CORP_CUSTOM_V,I_FIN_FUND_TO_MKRDY,INTERVAL
rpt-network-plng,sitetracker_data,ST_FXP_CORP_CUSTOM_V,I_FIN_FUND_TO_PERMIT_SUB,INTERVAL
rpt-network-plng,sitetracker_data,ST_FXP_CORP_CUSTOM_V,I_FIN_REV_SECTION,INTERVAL
rpt-network-plng,sitetracker_data,ST_FXP_CORP_CUSTOM_V,I_NI_ACCEPT_CLOSE,INTERVAL
rpt-network-plng,sitetracker_data,ST_FXP_CORP_CUSTOM_V,I_NI_ACCEPT_CONST_COMP,INTERVAL
rpt-network-plng,sitetracker_data,ST_FXP_CORP_CUSTOM_V,I_NI_ACCEPT_CONST_FUND,INTERVAL
rpt-network-plng,sitetracker_data,ST_FXP_CORP_CUSTOM_V,I_NI_ACCEPT_CONST_START,INTERVAL
rpt-network-plng,sitetracker_data,ST_FXP_CORP_CUSTOM_V,I_NI_ACCEPT_INV_COMP,INTERVAL
rpt-network-plng,sitetracker_data,ST_FXP_CORP_CUSTOM_V,I_NI_ACCEPT_MRK_LAUNCH,INTERVAL
rpt-network-plng,sitetracker_data,ST_FXP_CORP_CUSTOM_V,I_NI_ACCEPT_PERMITS,INTERVAL
rpt-network-plng,sitetracker_data,ST_FXP_CORP_CUSTOM_V,I_NI_ACCEPT_PRE_ENG,INTERVAL
rpt-network-plng,sitetracker_data,ST_FXP_CORP_CUSTOM_V,I_NI_ACCEPT_TECO,INTERVAL
rpt-network-plng,sitetracker_data,ST_FXP_CORP_CUSTOM_V,I_PERMITS_SECTION,INTERVAL
rpt-network-plng,sitetracker_data,ST_FXP_CORP_CUSTOM_V,I_PLAN_HANDOFF_NI_ACCEPT,INTERVAL
rpt-network-plng,sitetracker_data,ST_FXP_CORP_CUSTOM_V,I_PLANNING_SECTION,INTERVAL
rpt-network-plng,sitetracker_data,ST_FXP_CORP_CUSTOM_V,I_POLES_SECTION,INTERVAL
rpt-network-plng,sitetracker_data,ST_FXP_CORP_CUSTOM_V,I_PRE_ENG_SECTION,INTERVAL
rpt-network-plng,sitetracker_data,ST_FXP_CORP_CUSTOM_V,I_PRE_ENG_TO_FUND_START,INTERVAL
rpt-network-plng,sitetracker_data,ST_FXP_CORP_CUSTOM_V,I_PROJ_CLOSE_OUT_SECTION,INTERVAL
rpt-network-plng,sitetracker_data,ST_FXP_CORP_CUSTOM_V,I_QF_INV_SECTION,INTERVAL
rpt-network-plng,sitetracker_data,ST_FXP_CORP_CUSTOM_V,I_QF_MAPS_SECTION,INTERVAL
rpt-network-plng,sitetracker_data,ST_FXP_CORP_CUSTOM_V,I_QF_POLY_SECTION,INTERVAL
rpt-network-plng,sitetracker_data,ST_FXP_CORP_CUSTOM_V,I_TECO_CLOSE,INTERVAL
rpt-network-plng,sitetracker_data,ST_FXP_CORP_CUSTOM_V,I_TURN_UP_SECTION,INTERVAL
rpt-network-plng,sitetracker_data,ST_FXP_CORP_CUSTOM_V,Sitewalk_Handed_Off_Jeopardy,STRING
rpt-network-plng,sitetracker_data,ST_FXP_CORP_CUSTOM_V,Sitewalk_Start_Jeopardy,STRING
rpt-network-plng,sitetracker_data,ST_FXP_CORP_CUSTOM_V,Sitewalk_Completed_Jeopardy,STRING
rpt-network-plng,sitetracker_data,ST_FXP_CORP_CUSTOM_V,Project_Redlines_Completed_Jeopardy,STRING
rpt-network-plng,sitetracker_data,ST_FXP_CORP_CUSTOM_V,Redlines_to_Design_Jeopardy,STRING
rpt-network-plng,sitetracker_data,ST_FXP_CORP_CUSTOM_V,CAD_Design_Started_Jeopardy,STRING
rpt-network-plng,sitetracker_data,ST_FXP_CORP_CUSTOM_V,CAD_Design_Completed_Jeopardy,STRING
rpt-network-plng,sitetracker_data,ST_FXP_CORP_CUSTOM_V,Funding_Doc_Prep_and_Prechecks_Jeopardy,STRING
rpt-network-plng,sitetracker_data,ST_FXP_CORP_CUSTOM_V,Geospatial_Submitted_to_BRAIN_Jeopardy,STRING
rpt-network-plng,sitetracker_data,ST_FXP_CORP_CUSTOM_V,Geospatial_Checks_Passed_Jeopardy,STRING
rpt-network-plng,sitetracker_data,ST_FXP_CORP_CUSTOM_V,Funding_Request_Submitted_Jeopardy,STRING
rpt-network-plng,sitetracker_data,ST_FXP_CORP_CUSTOM_V,Funding_Request_Received_Jeopardy,STRING
rpt-network-plng,sitetracker_data,ST_FXP_CORP_CUSTOM_V,Finalize_Network_Design_Jeopardy,STRING
rpt-network-plng,sitetracker_data,ST_FXP_CORP_CUSTOM_V,Permits_Submitted_Jeopardy,STRING
rpt-network-plng,sitetracker_data,ST_FXP_CORP_CUSTOM_V,Permits_Received_Jeopardy,STRING
rpt-network-plng,sitetracker_data,ST_FXP_CORP_CUSTOM_V,Easement_ROW_Requested_Jeopardy,STRING
rpt-network-plng,sitetracker_data,ST_FXP_CORP_CUSTOM_V,Easement_ROW_Received_Jeopardy,STRING
rpt-network-plng,sitetracker_data,ST_FXP_CORP_CUSTOM_V,PTA_Application_Submitted_Jeopardy,STRING
rpt-network-plng,sitetracker_data,ST_FXP_CORP_CUSTOM_V,PTA_Received_from_Pole_Owner_Jeopardy,STRING
rpt-network-plng,sitetracker_data,ST_FXP_CORP_CUSTOM_V,Make_Ready_Estimate_Received_Jeopardy,STRING
rpt-network-plng,sitetracker_data,ST_FXP_CORP_CUSTOM_V,Make_Ready_Payment_Submitted_Jeopardy,STRING
rpt-network-plng,sitetracker_data,ST_FXP_CORP_CUSTOM_V,Xrd_Party_Make_Ready_Jeopardy,STRING
rpt-network-plng,sitetracker_data,ST_FXP_CORP_CUSTOM_V,Materials_Ordered_Jeopardy,STRING
rpt-network-plng,sitetracker_data,ST_FXP_CORP_CUSTOM_V,Materials_Received_Jeopardy,STRING
rpt-network-plng,sitetracker_data,ST_FXP_CORP_CUSTOM_V,Vendor_Assignment_Jeopardy,STRING
rpt-network-plng,sitetracker_data,ST_FXP_CORP_CUSTOM_V,Vendor_Commitment_Confirmed_Jeopardy,STRING
rpt-network-plng,sitetracker_data,ST_FXP_CORP_CUSTOM_V,Vendor_Materials_Ordered_Jeopardy,STRING
rpt-network-plng,sitetracker_data,ST_FXP_CORP_CUSTOM_V,Vendor_Materials_Received_Jeopardy,STRING
rpt-network-plng,sitetracker_data,ST_FXP_CORP_CUSTOM_V,Engineering_Complete_Jeopardy,STRING
rpt-network-plng,sitetracker_data,ST_FXP_CORP_CUSTOM_V,OSP_Construction_Start_Jeopardy,STRING
rpt-network-plng,sitetracker_data,ST_FXP_CORP_CUSTOM_V,Accepted_By_Construction_Jeopardy,STRING
rpt-network-plng,sitetracker_data,ST_FXP_CORP_CUSTOM_V,Placing_Jeopardy,STRING
rpt-network-plng,sitetracker_data,ST_FXP_CORP_CUSTOM_V,Splicing_Jeopardy,STRING
rpt-network-plng,sitetracker_data,ST_FXP_CORP_CUSTOM_V,Premise_Equipment_Installed_Jeopardy,STRING
rpt-network-plng,sitetracker_data,ST_FXP_CORP_CUSTOM_V,OSP_Construction_Complete_Jeopardy,STRING
rpt-network-plng,sitetracker_data,ST_FXP_CORP_CUSTOM_V,Tirks_Fiber_Inventory_F1_Submitted_Jeopardy,STRING
rpt-network-plng,sitetracker_data,ST_FXP_CORP_CUSTOM_V,Tirks_Circuits_Requested_7_9_Jeopardy,STRING
rpt-network-plng,sitetracker_data,ST_FXP_CORP_CUSTOM_V,QF_Automation_Posted_to_Top_Jeopardy,STRING
rpt-network-plng,sitetracker_data,ST_FXP_CORP_CUSTOM_V,Inventory_Complete_Jeopardy,STRING
rpt-network-plng,sitetracker_data,ST_FXP_CORP_CUSTOM_V,Turned_Up_Market_Launch_Jeopardy,STRING
rpt-network-plng,sitetracker_data,ST_FXP_CORP_CUSTOM_V,META_LOAD_DTTM,DATE
rpt-network-plng,sitetracker_data,TMP_ST_SOW_DAMAGES_AND_MTC_T,ST_PROJECT_ID,STRING
rpt-network-plng,sitetracker_data,TMP_ST_SOW_DAMAGES_AND_MTC_T,ST_INTERNAL_PROJECT_ID,STRING
rpt-network-plng,sitetracker_data,TMP_ST_SOW_DAMAGES_AND_MTC_T,ST_PROJECT_TYPE,STRING
rpt-network-plng,sitetracker_data,TMP_ST_SOW_DAMAGES_AND_MTC_T,ACTIVITY_CAUSING_DAMAGE,STRING
rpt-network-plng,sitetracker_data,TMP_ST_SOW_DAMAGES_AND_MTC_T,ADDITONAL_DETAILS_FOR_SCOPE_OF,STRING
rpt-network-plng,sitetracker_data,TMP_ST_SOW_DAMAGES_AND_MTC_T,ALT_BILL_TO_EMAIL,STRING
rpt-network-plng,sitetracker_data,TMP_ST_SOW_DAMAGES_AND_MTC_T,ALT_BILL_TO_PARTY,STRING
rpt-network-plng,sitetracker_data,TMP_ST_SOW_DAMAGES_AND_MTC_T,ALT_BILL_TO_PARTY_ADDRESS,STRING
rpt-network-plng,sitetracker_data,TMP_ST_SOW_DAMAGES_AND_MTC_T,ALT_BILL_TO_PARTY_CITY,STRING
rpt-network-plng,sitetracker_data,TMP_ST_SOW_DAMAGES_AND_MTC_T,ALT_BILL_TO_PARTY_INSURANCE_COMPANY,STRING
rpt-network-plng,sitetracker_data,TMP_ST_SOW_DAMAGES_AND_MTC_T,ALT_BILL_TO_PARTY_PHONE,STRING
rpt-network-plng,sitetracker_data,TMP_ST_SOW_DAMAGES_AND_MTC_T,ALT_BILL_TO_PARTY_STATE,STRING
rpt-network-plng,sitetracker_data,TMP_ST_SOW_DAMAGES_AND_MTC_T,ALT_BILL_TO_PARTY_ZIP,STRING
rpt-network-plng,sitetracker_data,TMP_ST_SOW_DAMAGES_AND_MTC_T,ARBITRATION_DATE,TIMESTAMP
rpt-network-plng,sitetracker_data,TMP_ST_SOW_DAMAGES_AND_MTC_T,ARBITRATION_DECISION,STRING
rpt-network-plng,sitetracker_data,TMP_ST_SOW_DAMAGES_AND_MTC_T,ARBITRATION_REQUEST_DATE,TIMESTAMP
rpt-network-plng,sitetracker_data,TMP_ST_SOW_DAMAGES_AND_MTC_T,ARE_THERE_DARK_FIBER_CUSTOMERS,STRING
rpt-network-plng,sitetracker_data,TMP_ST_SOW_DAMAGES_AND_MTC_T,ASSIGNED_TO,STRING
rpt-network-plng,sitetracker_data,TMP_ST_SOW_DAMAGES_AND_MTC_T,ATTORNEY_ASSIGNED,STRING
rpt-network-plng,sitetracker_data,TMP_ST_SOW_DAMAGES_AND_MTC_T,BILL_TO_OTHER,STRING
rpt-network-plng,sitetracker_data,TMP_ST_SOW_DAMAGES_AND_MTC_T,BILL_TO,STRING
rpt-network-plng,sitetracker_data,TMP_ST_SOW_DAMAGES_AND_MTC_T,BILLED_AMOUNT_FORMULA,NUMERIC
rpt-network-plng,sitetracker_data,TMP_ST_SOW_DAMAGES_AND_MTC_T,BILLED_DATE,TIMESTAMP
rpt-network-plng,sitetracker_data,TMP_ST_SOW_DAMAGES_AND_MTC_T,BILLING_CLOSURE_CODES,STRING
rpt-network-plng,sitetracker_data,TMP_ST_SOW_DAMAGES_AND_MTC_T,BILLING_HOLD_DATE,TIMESTAMP
rpt-network-plng,sitetracker_data,TMP_ST_SOW_DAMAGES_AND_MTC_T,BILLING_SYSTEM_INVOICE_DATE,TIMESTAMP
rpt-network-plng,sitetracker_data,TMP_ST_SOW_DAMAGES_AND_MTC_T,BILLING_SYSTEM_INVOICE,STRING
rpt-network-plng,sitetracker_data,TMP_ST_SOW_DAMAGES_AND_MTC_T,CMSBSWCUPS_TOTAL_1,NUMERIC
rpt-network-plng,sitetracker_data,TMP_ST_SOW_DAMAGES_AND_MTC_T,CMSBSWCUPS_TOTAL_2,NUMERIC
rpt-network-plng,sitetracker_data,TMP_ST_SOW_DAMAGES_AND_MTC_T,CMS_BSW_CUPS_NUMBER_1,STRING
rpt-network-plng,sitetracker_data,TMP_ST_SOW_DAMAGES_AND_MTC_T,CMS_BSW_CUPS_NUMBER_2,STRING
rpt-network-plng,sitetracker_data,TMP_ST_SOW_DAMAGES_AND_MTC_T,CMS_CONTRACTOR_COST_FORMULA,NUMERIC
rpt-network-plng,sitetracker_data,TMP_ST_SOW_DAMAGES_AND_MTC_T,CMS_JOB,STRING
rpt-network-plng,sitetracker_data,TMP_ST_SOW_DAMAGES_AND_MTC_T,CMS_PURPOSE_OR_TYPE,STRING
rpt-network-plng,sitetracker_data,TMP_ST_SOW_DAMAGES_AND_MTC_T,CABLE_FIBER_COUNT_DESCRIPTION_1,STRING
rpt-network-plng,sitetracker_data,TMP_ST_SOW_DAMAGES_AND_MTC_T,CABLE_FIBER_COUNT_DESCRIPTION_2,STRING
rpt-network-plng,sitetracker_data,TMP_ST_SOW_DAMAGES_AND_MTC_T,CABLE_FIBER_COUNT_DESCRIPTION_3,STRING
rpt-network-plng,sitetracker_data,TMP_ST_SOW_DAMAGES_AND_MTC_T,CABLE_FIBER_COUNT_DESCRIPTION_4,STRING
rpt-network-plng,sitetracker_data,TMP_ST_SOW_DAMAGES_AND_MTC_T,CABLE_FIBER_COUNT_DESCRIPTION_5,STRING
rpt-network-plng,sitetracker_data,TMP_ST_SOW_DAMAGES_AND_MTC_T,CLAIM_CANCELLED_REASON,STRING
rpt-network-plng,sitetracker_data,TMP_ST_SOW_DAMAGES_AND_MTC_T,CLAIM_CLASS_TYPE,STRING
rpt-network-plng,sitetracker_data,TMP_ST_SOW_DAMAGES_AND_MTC_T,CLAIM_CLOSED_REASON,STRING
rpt-network-plng,sitetracker_data,TMP_ST_SOW_DAMAGES_AND_MTC_T,CLAIM_NO_BILLING_REASON,STRING
rpt-network-plng,sitetracker_data,TMP_ST_SOW_DAMAGES_AND_MTC_T,CLAIM_STATUS,STRING
rpt-network-plng,sitetracker_data,TMP_ST_SOW_DAMAGES_AND_MTC_T,CLAIMS_JUMPER_NUMBER,STRING
rpt-network-plng,sitetracker_data,TMP_ST_SOW_DAMAGES_AND_MTC_T,CLOSE_DATE,TIMESTAMP
rpt-network-plng,sitetracker_data,TMP_ST_SOW_DAMAGES_AND_MTC_T,CLOSED_DATE,TIMESTAMP
rpt-network-plng,sitetracker_data,TMP_ST_SOW_DAMAGES_AND_MTC_T,COLLECTION_COMMISSION,NUMERIC
rpt-network-plng,sitetracker_data,TMP_ST_SOW_DAMAGES_AND_MTC_T,COLLECTION_VENDOR_BILL_SENT,TIMESTAMP
rpt-network-plng,sitetracker_data,TMP_ST_SOW_DAMAGES_AND_MTC_T,COMMISSION_AMOUNT,NUMERIC
rpt-network-plng,sitetracker_data,TMP_ST_SOW_DAMAGES_AND_MTC_T,COMMISSION_OVERRIDE_REASON,STRING
rpt-network-plng,sitetracker_data,TMP_ST_SOW_DAMAGES_AND_MTC_T,COMMISSION_PAID_DATE,TIMESTAMP
rpt-network-plng,sitetracker_data,TMP_ST_SOW_DAMAGES_AND_MTC_T,COMMISSION_PERCENTAGE_CATEGORY,STRING
rpt-network-plng,sitetracker_data,TMP_ST_SOW_DAMAGES_AND_MTC_T,COST_1,NUMERIC
rpt-network-plng,sitetracker_data,TMP_ST_SOW_DAMAGES_AND_MTC_T,COST_2,NUMERIC
rpt-network-plng,sitetracker_data,TMP_ST_SOW_DAMAGES_AND_MTC_T,COST_3,NUMERIC
rpt-network-plng,sitetracker_data,TMP_ST_SOW_DAMAGES_AND_MTC_T,COST_4,NUMERIC
rpt-network-plng,sitetracker_data,TMP_ST_SOW_DAMAGES_AND_MTC_T,COST_5,NUMERIC
rpt-network-plng,sitetracker_data,TMP_ST_SOW_DAMAGES_AND_MTC_T,COST_CENTER,STRING
rpt-network-plng,sitetracker_data,TMP_ST_SOW_DAMAGES_AND_MTC_T,COST_DISPUTE,STRING
rpt-network-plng,sitetracker_data,TMP_ST_SOW_DAMAGES_AND_MTC_T,COST_RECOVERY_MOVED_BACK,NUMERIC
rpt-network-plng,sitetracker_data,TMP_ST_SOW_DAMAGES_AND_MTC_T,COST_RECOVERY_NOTES,STRING
rpt-network-plng,sitetracker_data,TMP_ST_SOW_DAMAGES_AND_MTC_T,COUNT_SIZE_1,NUMERIC
rpt-network-plng,sitetracker_data,TMP_ST_SOW_DAMAGES_AND_MTC_T,COUNT_SIZE_2,NUMERIC
rpt-network-plng,sitetracker_data,TMP_ST_SOW_DAMAGES_AND_MTC_T,COUNT_SIZE_3,NUMERIC
rpt-network-plng,sitetracker_data,TMP_ST_SOW_DAMAGES_AND_MTC_T,COUNT_SIZE_4,NUMERIC
rpt-network-plng,sitetracker_data,TMP_ST_SOW_DAMAGES_AND_MTC_T,COUNT_SIZE_5,NUMERIC
rpt-network-plng,sitetracker_data,TMP_ST_SOW_DAMAGES_AND_MTC_T,DC_CREATED_BY,STRING
rpt-network-plng,sitetracker_data,TMP_ST_SOW_DAMAGES_AND_MTC_T,DCT_NUMBER,STRING
rpt-network-plng,sitetracker_data,TMP_ST_SOW_DAMAGES_AND_MTC_T,DAMAGE_ADDRESS,STRING
rpt-network-plng,sitetracker_data,TMP_ST_SOW_DAMAGES_AND_MTC_T,DAMAGE_CITY,STRING
rpt-network-plng,sitetracker_data,TMP_ST_SOW_DAMAGES_AND_MTC_T,DAMAGE_COUNTY,STRING
rpt-network-plng,sitetracker_data,TMP_ST_SOW_DAMAGES_AND_MTC_T,DAMAGE_DATE,TIMESTAMP
rpt-network-plng,sitetracker_data,TMP_ST_SOW_DAMAGES_AND_MTC_T,DAMAGE_INVESTIGATION_FEE,NUMERIC
rpt-network-plng,sitetracker_data,TMP_ST_SOW_DAMAGES_AND_MTC_T,DAMAGE_INVESTIGATION_RECEIVED,TIMESTAMP
rpt-network-plng,sitetracker_data,TMP_ST_SOW_DAMAGES_AND_MTC_T,DAMAGE_INVESTIGATION_RESPONSE,STRING
rpt-network-plng,sitetracker_data,TMP_ST_SOW_DAMAGES_AND_MTC_T,DAMAGE_INVESTIGATION_SUB_RESPONSE,STRING
rpt-network-plng,sitetracker_data,TMP_ST_SOW_DAMAGES_AND_MTC_T,DAMAGE_STATE_SOL_YEARS,NUMERIC
rpt-network-plng,sitetracker_data,TMP_ST_SOW_DAMAGES_AND_MTC_T,DAMAGE_STATE,STRING
rpt-network-plng,sitetracker_data,TMP_ST_SOW_DAMAGES_AND_MTC_T,DAMAGER_ADDRESS,STRING
rpt-network-plng,sitetracker_data,TMP_ST_SOW_DAMAGES_AND_MTC_T,DAMAGER_CATEGORY_OTHER,STRING
rpt-network-plng,sitetracker_data,TMP_ST_SOW_DAMAGES_AND_MTC_T,DAMAGER_CATEGORY,STRING
rpt-network-plng,sitetracker_data,TMP_ST_SOW_DAMAGES_AND_MTC_T,DAMAGER_CITY,STRING
rpt-network-plng,sitetracker_data,TMP_ST_SOW_DAMAGES_AND_MTC_T,DAMAGER_EMAIL,STRING
rpt-network-plng,sitetracker_data,TMP_ST_SOW_DAMAGES_AND_MTC_T,DAMAGER_INSURANCE_CO,STRING
rpt-network-plng,sitetracker_data,TMP_ST_SOW_DAMAGES_AND_MTC_T,DAMAGER_KNOWN,STRING
rpt-network-plng,sitetracker_data,TMP_ST_SOW_DAMAGES_AND_MTC_T,DAMAGER_NAME,STRING
rpt-network-plng,sitetracker_data,TMP_ST_SOW_DAMAGES_AND_MTC_T,DAMAGER_PHONE,STRING
rpt-network-plng,sitetracker_data,TMP_ST_SOW_DAMAGES_AND_MTC_T,DAMAGER_STATE,STRING
rpt-network-plng,sitetracker_data,TMP_ST_SOW_DAMAGES_AND_MTC_T,DAMAGER_WORKING_FOR_LUMEN,STRING
rpt-network-plng,sitetracker_data,TMP_ST_SOW_DAMAGES_AND_MTC_T,DAMAGER_ZIP,STRING
rpt-network-plng,sitetracker_data,TMP_ST_SOW_DAMAGES_AND_MTC_T,DAMAGER_A_LUMEN_CUSTOMER,STRING
rpt-network-plng,sitetracker_data,TMP_ST_SOW_DAMAGES_AND_MTC_T,DAMAGER_A_MUNI_OR_GOV_ENTITY,STRING
rpt-network-plng,sitetracker_data,TMP_ST_SOW_DAMAGES_AND_MTC_T,DAMAGING_COMPANY,STRING
rpt-network-plng,sitetracker_data,TMP_ST_SOW_DAMAGES_AND_MTC_T,DARK_FIBER_COMPANY_COUNT,STRING
rpt-network-plng,sitetracker_data,TMP_ST_SOW_DAMAGES_AND_MTC_T,DATE_PAID,TIMESTAMP
rpt-network-plng,sitetracker_data,TMP_ST_SOW_DAMAGES_AND_MTC_T,DATE_SENT_TO_ATTORNEY,TIMESTAMP
rpt-network-plng,sitetracker_data,TMP_ST_SOW_DAMAGES_AND_MTC_T,DATE_WORK_PERFORMED,TIMESTAMP
rpt-network-plng,sitetracker_data,TMP_ST_SOW_DAMAGES_AND_MTC_T,DATE_WORK_STARTED_1,TIMESTAMP
rpt-network-plng,sitetracker_data,TMP_ST_SOW_DAMAGES_AND_MTC_T,DATE_WORK_STARTED_2,TIMESTAMP
rpt-network-plng,sitetracker_data,TMP_ST_SOW_DAMAGES_AND_MTC_T,DATE_WORK_STARTED_3,TIMESTAMP
rpt-network-plng,sitetracker_data,TMP_ST_SOW_DAMAGES_AND_MTC_T,DATE_WORK_STARTED_4,TIMESTAMP
rpt-network-plng,sitetracker_data,TMP_ST_SOW_DAMAGES_AND_MTC_T,DATE_WORK_STARTED_5,TIMESTAMP
rpt-network-plng,sitetracker_data,TMP_ST_SOW_DAMAGES_AND_MTC_T,DATE_WORK_STOPPED_1,TIMESTAMP
rpt-network-plng,sitetracker_data,TMP_ST_SOW_DAMAGES_AND_MTC_T,DATE_WORK_STOPPED_2,TIMESTAMP
rpt-network-plng,sitetracker_data,TMP_ST_SOW_DAMAGES_AND_MTC_T,DATE_WORK_STOPPED_3,TIMESTAMP
rpt-network-plng,sitetracker_data,TMP_ST_SOW_DAMAGES_AND_MTC_T,DATE_WORK_STOPPED_4,TIMESTAMP
rpt-network-plng,sitetracker_data,TMP_ST_SOW_DAMAGES_AND_MTC_T,DATE_WORK_STOPPED_5,TIMESTAMP
rpt-network-plng,sitetracker_data,TMP_ST_SOW_DAMAGES_AND_MTC_T,DAYS_IN_STATUS,NUMERIC
rpt-network-plng,sitetracker_data,TMP_ST_SOW_DAMAGES_AND_MTC_T,DENIAL_WRITE_OFF_REVIEW_DATE,TIMESTAMP
rpt-network-plng,sitetracker_data,TMP_ST_SOW_DAMAGES_AND_MTC_T,DESCRIPTION_OF_EMERGENCY_REPAIR,STRING
rpt-network-plng,sitetracker_data,TMP_ST_SOW_DAMAGES_AND_MTC_T,DIG_TICKET_FOR_LOCATION,STRING
rpt-network-plng,sitetracker_data,TMP_ST_SOW_DAMAGES_AND_MTC_T,DISCOVERY_DATE,TIMESTAMP
rpt-network-plng,sitetracker_data,TMP_ST_SOW_DAMAGES_AND_MTC_T,DISCOVERY_NEEDED,STRING
rpt-network-plng,sitetracker_data,TMP_ST_SOW_DAMAGES_AND_MTC_T,DIVISION,STRING
rpt-network-plng,sitetracker_data,TMP_ST_SOW_DAMAGES_AND_MTC_T,DOES_THIS_INVOLVE_CAPITAL_EXPENDITURES,STRING
rpt-network-plng,sitetracker_data,TMP_ST_SOW_DAMAGES_AND_MTC_T,DUCTS_OWNED_BY_ADD_COMPANIES,STRING
rpt-network-plng,sitetracker_data,TMP_ST_SOW_DAMAGES_AND_MTC_T,EMPLOYEE_HOURS,NUMERIC
rpt-network-plng,sitetracker_data,TMP_ST_SOW_DAMAGES_AND_MTC_T,EMPLOYEE_NAME_1,STRING
rpt-network-plng,sitetracker_data,TMP_ST_SOW_DAMAGES_AND_MTC_T,EMPLOYEE_NAME_2,STRING
rpt-network-plng,sitetracker_data,TMP_ST_SOW_DAMAGES_AND_MTC_T,EMPLOYEE_NAME_3,STRING
rpt-network-plng,sitetracker_data,TMP_ST_SOW_DAMAGES_AND_MTC_T,EMPLOYEE_NAME_4,STRING
rpt-network-plng,sitetracker_data,TMP_ST_SOW_DAMAGES_AND_MTC_T,EMPLOYEE_NAME_5,STRING
rpt-network-plng,sitetracker_data,TMP_ST_SOW_DAMAGES_AND_MTC_T,EMPLOYEE_NAME,STRING
rpt-network-plng,sitetracker_data,TMP_ST_SOW_DAMAGES_AND_MTC_T,END_USER_CONTACT_INFO,STRING
rpt-network-plng,sitetracker_data,TMP_ST_SOW_DAMAGES_AND_MTC_T,ENTERED_ON_MOBILE_OR_BROWSER,STRING
rpt-network-plng,sitetracker_data,TMP_ST_SOW_DAMAGES_AND_MTC_T,EQUIPMENT_CAUSING_DAMAGE,STRING
rpt-network-plng,sitetracker_data,TMP_ST_SOW_DAMAGES_AND_MTC_T,ESTIMATED_CAPITAL_COST,NUMERIC
rpt-network-plng,sitetracker_data,TMP_ST_SOW_DAMAGES_AND_MTC_T,FRM_ADDRESS,STRING
rpt-network-plng,sitetracker_data,TMP_ST_SOW_DAMAGES_AND_MTC_T,FRM_APPROVAL_STATUS,STRING
rpt-network-plng,sitetracker_data,TMP_ST_SOW_DAMAGES_AND_MTC_T,FRM_CITY,STRING
rpt-network-plng,sitetracker_data,TMP_ST_SOW_DAMAGES_AND_MTC_T,FRM_COUNTRY,STRING
rpt-network-plng,sitetracker_data,TMP_ST_SOW_DAMAGES_AND_MTC_T,FRM_EXCHANGE_COUNTY,STRING
rpt-network-plng,sitetracker_data,TMP_ST_SOW_DAMAGES_AND_MTC_T,FRM_LEGACY_COMPANY,STRING
rpt-network-plng,sitetracker_data,TMP_ST_SOW_DAMAGES_AND_MTC_T,FRM_NOTES,STRING
rpt-network-plng,sitetracker_data,TMP_ST_SOW_DAMAGES_AND_MTC_T,FRM_OTHER_COUNTRY,STRING
rpt-network-plng,sitetracker_data,TMP_ST_SOW_DAMAGES_AND_MTC_T,FRM_SOW,STRING
rpt-network-plng,sitetracker_data,TMP_ST_SOW_DAMAGES_AND_MTC_T,FRM_STATE,STRING
rpt-network-plng,sitetracker_data,TMP_ST_SOW_DAMAGES_AND_MTC_T,FRM_TYPE_OF_FACILITIES,STRING
rpt-network-plng,sitetracker_data,TMP_ST_SOW_DAMAGES_AND_MTC_T,FRM_SUBTYPE_OF_FACILITIES,STRING
rpt-network-plng,sitetracker_data,TMP_ST_SOW_DAMAGES_AND_MTC_T,FACILITY_TYPE_1,STRING
rpt-network-plng,sitetracker_data,TMP_ST_SOW_DAMAGES_AND_MTC_T,FACILITY_TYPE_2,STRING
rpt-network-plng,sitetracker_data,TMP_ST_SOW_DAMAGES_AND_MTC_T,FACILITY_TYPE_3,STRING
rpt-network-plng,sitetracker_data,TMP_ST_SOW_DAMAGES_AND_MTC_T,FACILITY_TYPE_4,STRING
rpt-network-plng,sitetracker_data,TMP_ST_SOW_DAMAGES_AND_MTC_T,FACILITY_TYPE_5,STRING
rpt-network-plng,sitetracker_data,TMP_ST_SOW_DAMAGES_AND_MTC_T,FINANCIAL_DOCUMENTS_ATTACHED,STRING
rpt-network-plng,sitetracker_data,TMP_ST_SOW_DAMAGES_AND_MTC_T,FIREWORKS_ACTUALS,NUMERIC
rpt-network-plng,sitetracker_data,TMP_ST_SOW_DAMAGES_AND_MTC_T,FIREWORKS_ADJUSTMENT,NUMERIC
rpt-network-plng,sitetracker_data,TMP_ST_SOW_DAMAGES_AND_MTC_T,FIREWORKS_BILLED_FORMULA,NUMERIC
rpt-network-plng,sitetracker_data,TMP_ST_SOW_DAMAGES_AND_MTC_T,FLAT_RATE_BILLING,STRING
rpt-network-plng,sitetracker_data,TMP_ST_SOW_DAMAGES_AND_MTC_T,FLAT_RATE_PRICING,NUMERIC
rpt-network-plng,sitetracker_data,TMP_ST_SOW_DAMAGES_AND_MTC_T,GA_FEE,NUMERIC
rpt-network-plng,sitetracker_data,TMP_ST_SOW_DAMAGES_AND_MTC_T,HAS_WORK_BEEN_COMPLETED,STRING
rpt-network-plng,sitetracker_data,TMP_ST_SOW_DAMAGES_AND_MTC_T,HOURS_WORKED_1,NUMERIC
rpt-network-plng,sitetracker_data,TMP_ST_SOW_DAMAGES_AND_MTC_T,HOURS_WORKED_2,NUMERIC
rpt-network-plng,sitetracker_data,TMP_ST_SOW_DAMAGES_AND_MTC_T,HOURS_WORKED_3,NUMERIC
rpt-network-plng,sitetracker_data,TMP_ST_SOW_DAMAGES_AND_MTC_T,HOURS_WORKED_4,NUMERIC
rpt-network-plng,sitetracker_data,TMP_ST_SOW_DAMAGES_AND_MTC_T,HOURS_WORKED_5,NUMERIC
rpt-network-plng,sitetracker_data,TMP_ST_SOW_DAMAGES_AND_MTC_T,HOW_DID_DAMAGE_OCCUR,STRING
rpt-network-plng,sitetracker_data,TMP_ST_SOW_DAMAGES_AND_MTC_T,HOW_WAS_DAMAGER_IDENTIFIED,STRING
rpt-network-plng,sitetracker_data,TMP_ST_SOW_DAMAGES_AND_MTC_T,HOW_WAS_THE_REPAIR_COMPLETED,STRING
rpt-network-plng,sitetracker_data,TMP_ST_SOW_DAMAGES_AND_MTC_T,INTERNAL_ATTORNEY_ASSIGNED,STRING
rpt-network-plng,sitetracker_data,TMP_ST_SOW_DAMAGES_AND_MTC_T,INTERNAL_MATERIALS_1,STRING
rpt-network-plng,sitetracker_data,TMP_ST_SOW_DAMAGES_AND_MTC_T,INTERNAL_MATERIALS_2,STRING
rpt-network-plng,sitetracker_data,TMP_ST_SOW_DAMAGES_AND_MTC_T,INTERNAL_MATERIALS_3,STRING
rpt-network-plng,sitetracker_data,TMP_ST_SOW_DAMAGES_AND_MTC_T,INTERNAL_MATERIALS_4,STRING
rpt-network-plng,sitetracker_data,TMP_ST_SOW_DAMAGES_AND_MTC_T,INTERNAL_MATERIALS_5,STRING
rpt-network-plng,sitetracker_data,TMP_ST_SOW_DAMAGES_AND_MTC_T,IS_THIS_A_JOINT_OR_SHARED_DUCT,STRING
rpt-network-plng,sitetracker_data,TMP_ST_SOW_DAMAGES_AND_MTC_T,IS_THIS_A_SERVICE_AFFECTING_DAMAGE,STRING
rpt-network-plng,sitetracker_data,TMP_ST_SOW_DAMAGES_AND_MTC_T,JURISDICTION,STRING
rpt-network-plng,sitetracker_data,TMP_ST_SOW_DAMAGES_AND_MTC_T,LABOR_COST_1,NUMERIC
rpt-network-plng,sitetracker_data,TMP_ST_SOW_DAMAGES_AND_MTC_T,LABOR_COST_2,NUMERIC
rpt-network-plng,sitetracker_data,TMP_ST_SOW_DAMAGES_AND_MTC_T,LABOR_COST_3,NUMERIC
rpt-network-plng,sitetracker_data,TMP_ST_SOW_DAMAGES_AND_MTC_T,LABOR_COST_4,NUMERIC
rpt-network-plng,sitetracker_data,TMP_ST_SOW_DAMAGES_AND_MTC_T,LABOR_COST_5,NUMERIC
rpt-network-plng,sitetracker_data,TMP_ST_SOW_DAMAGES_AND_MTC_T,LABOR_RATE_1,NUMERIC
rpt-network-plng,sitetracker_data,TMP_ST_SOW_DAMAGES_AND_MTC_T,LABOR_RATE_2,NUMERIC
rpt-network-plng,sitetracker_data,TMP_ST_SOW_DAMAGES_AND_MTC_T,LABOR_RATE_3,NUMERIC
rpt-network-plng,sitetracker_data,TMP_ST_SOW_DAMAGES_AND_MTC_T,LABOR_RATE_4,NUMERIC
rpt-network-plng,sitetracker_data,TMP_ST_SOW_DAMAGES_AND_MTC_T,LABOR_RATE_5,NUMERIC
rpt-network-plng,sitetracker_data,TMP_ST_SOW_DAMAGES_AND_MTC_T,LEGACY_COMPANY_1,STRING
rpt-network-plng,sitetracker_data,TMP_ST_SOW_DAMAGES_AND_MTC_T,LEGACY_COMPANY_2,STRING
rpt-network-plng,sitetracker_data,TMP_ST_SOW_DAMAGES_AND_MTC_T,LEGACY_COMPANY_3,STRING
rpt-network-plng,sitetracker_data,TMP_ST_SOW_DAMAGES_AND_MTC_T,LEGACY_COMPANY_4,STRING
rpt-network-plng,sitetracker_data,TMP_ST_SOW_DAMAGES_AND_MTC_T,LEGACY_COMPANY_5,STRING
rpt-network-plng,sitetracker_data,TMP_ST_SOW_DAMAGES_AND_MTC_T,LEGAL_REVIEW_DATE,TIMESTAMP
rpt-network-plng,sitetracker_data,TMP_ST_SOW_DAMAGES_AND_MTC_T,LIABILITY_ACCEPTED,STRING
rpt-network-plng,sitetracker_data,TMP_ST_SOW_DAMAGES_AND_MTC_T,LITIGATION_NOTES,STRING
rpt-network-plng,sitetracker_data,TMP_ST_SOW_DAMAGES_AND_MTC_T,LITIGATION_STATUS,STRING
rpt-network-plng,sitetracker_data,TMP_ST_SOW_DAMAGES_AND_MTC_T,LOCATE_COMPANY_TYPE,STRING
rpt-network-plng,sitetracker_data,TMP_ST_SOW_DAMAGES_AND_MTC_T,LOCATE_COMPANY,STRING
rpt-network-plng,sitetracker_data,TMP_ST_SOW_DAMAGES_AND_MTC_T,LOCATE_INVESTIGATION_CODE,STRING
rpt-network-plng,sitetracker_data,TMP_ST_SOW_DAMAGES_AND_MTC_T,LOCATE_INVESTIGATION_FEE,NUMERIC
rpt-network-plng,sitetracker_data,TMP_ST_SOW_DAMAGES_AND_MTC_T,LOCATE_TICKET_NUMBER,STRING
rpt-network-plng,sitetracker_data,TMP_ST_SOW_DAMAGES_AND_MTC_T,LOCATION_DETAILS,STRING
rpt-network-plng,sitetracker_data,TMP_ST_SOW_DAMAGES_AND_MTC_T,LOCATION_MOBILE_APP_USED,STRING
rpt-network-plng,sitetracker_data,TMP_ST_SOW_DAMAGES_AND_MTC_T,LOCATOR_NOTICE_SENT,TIMESTAMP
rpt-network-plng,sitetracker_data,TMP_ST_SOW_DAMAGES_AND_MTC_T,LOSS_OF_USE,NUMERIC
rpt-network-plng,sitetracker_data,TMP_ST_SOW_DAMAGES_AND_MTC_T,MATERIAL_COSTS,NUMERIC
rpt-network-plng,sitetracker_data,TMP_ST_SOW_DAMAGES_AND_MTC_T,MATERIAL_TYPE_1,STRING
rpt-network-plng,sitetracker_data,TMP_ST_SOW_DAMAGES_AND_MTC_T,MATERIAL_TYPE_2,STRING
rpt-network-plng,sitetracker_data,TMP_ST_SOW_DAMAGES_AND_MTC_T,MATERIAL_TYPE_3,STRING
rpt-network-plng,sitetracker_data,TMP_ST_SOW_DAMAGES_AND_MTC_T,MATERIAL_TYPE_4,STRING
rpt-network-plng,sitetracker_data,TMP_ST_SOW_DAMAGES_AND_MTC_T,MATERIAL_TYPE_5,STRING
rpt-network-plng,sitetracker_data,TMP_ST_SOW_DAMAGES_AND_MTC_T,MOBILE_APP_RECORD_GUID,STRING
rpt-network-plng,sitetracker_data,TMP_ST_SOW_DAMAGES_AND_MTC_T,MOBILE_CLAIM_NUMBER,STRING
rpt-network-plng,sitetracker_data,TMP_ST_SOW_DAMAGES_AND_MTC_T,MOBILE_CREATE_DATE,TIMESTAMP
rpt-network-plng,sitetracker_data,TMP_ST_SOW_DAMAGES_AND_MTC_T,NEAREST_INTERSECTION,STRING
rpt-network-plng,sitetracker_data,TMP_ST_SOW_DAMAGES_AND_MTC_T,NO_BILL_CLOSURE_CODES,STRING
rpt-network-plng,sitetracker_data,TMP_ST_SOW_DAMAGES_AND_MTC_T,NOTICE_LETTER_SENT_DATE,TIMESTAMP
rpt-network-plng,sitetracker_data,TMP_ST_SOW_DAMAGES_AND_MTC_T,NOTICE_LETTER,STRING
rpt-network-plng,sitetracker_data,TMP_ST_SOW_DAMAGES_AND_MTC_T,OTHERNO_BILL_DESCRIPTION,STRING
rpt-network-plng,sitetracker_data,TMP_ST_SOW_DAMAGES_AND_MTC_T,OTHER_NO_BILL_CLOSURE_CODE,STRING
rpt-network-plng,sitetracker_data,TMP_ST_SOW_DAMAGES_AND_MTC_T,OTHER_REPAIR_TYPE,STRING
rpt-network-plng,sitetracker_data,TMP_ST_SOW_DAMAGES_AND_MTC_T,OUTAGE_CREDITS,NUMERIC
rpt-network-plng,sitetracker_data,TMP_ST_SOW_DAMAGES_AND_MTC_T,OVERRIDE_DAMAGE_INVESTIGATION,NUMERIC
rpt-network-plng,sitetracker_data,TMP_ST_SOW_DAMAGES_AND_MTC_T,OVERRIDE_G_A_FEE,NUMERIC
rpt-network-plng,sitetracker_data,TMP_ST_SOW_DAMAGES_AND_MTC_T,PAID_AMOUNT,NUMERIC
rpt-network-plng,sitetracker_data,TMP_ST_SOW_DAMAGES_AND_MTC_T,PAID_DATE,TIMESTAMP
rpt-network-plng,sitetracker_data,TMP_ST_SOW_DAMAGES_AND_MTC_T,PAYMENT_PLAN_APPROVAL_DATE,TIMESTAMP
rpt-network-plng,sitetracker_data,TMP_ST_SOW_DAMAGES_AND_MTC_T,PAYMENT_PLAN,STRING
rpt-network-plng,sitetracker_data,TMP_ST_SOW_DAMAGES_AND_MTC_T,PAYMENT_PLAN_TERMS,STRING
rpt-network-plng,sitetracker_data,TMP_ST_SOW_DAMAGES_AND_MTC_T,PAYMENT_RELEASE_DOCUMENT_DATE,TIMESTAMP
rpt-network-plng,sitetracker_data,TMP_ST_SOW_DAMAGES_AND_MTC_T,POLICE_REPORT_CALLED_IN,STRING
rpt-network-plng,sitetracker_data,TMP_ST_SOW_DAMAGES_AND_MTC_T,POLICE_REPORT_RECEIVED,TIMESTAMP
rpt-network-plng,sitetracker_data,TMP_ST_SOW_DAMAGES_AND_MTC_T,POLICE_REPORT_REQUESTED,TIMESTAMP
rpt-network-plng,sitetracker_data,TMP_ST_SOW_DAMAGES_AND_MTC_T,PREVENTABLE_CLASS,STRING
rpt-network-plng,sitetracker_data,TMP_ST_SOW_DAMAGES_AND_MTC_T,PREVENTABLE_DATE,TIMESTAMP
rpt-network-plng,sitetracker_data,TMP_ST_SOW_DAMAGES_AND_MTC_T,PRODUCT_TYPE,STRING
rpt-network-plng,sitetracker_data,TMP_ST_SOW_DAMAGES_AND_MTC_T,PROJECT_TYPE,STRING
rpt-network-plng,sitetracker_data,TMP_ST_SOW_DAMAGES_AND_MTC_T,READY_FOR_APPROVAL,NUMERIC
rpt-network-plng,sitetracker_data,TMP_ST_SOW_DAMAGES_AND_MTC_T,REBILL_DATE,TIMESTAMP
rpt-network-plng,sitetracker_data,TMP_ST_SOW_DAMAGES_AND_MTC_T,REBILLED_TO,STRING
rpt-network-plng,sitetracker_data,TMP_ST_SOW_DAMAGES_AND_MTC_T,RECOVERED_BY,STRING
rpt-network-plng,sitetracker_data,TMP_ST_SOW_DAMAGES_AND_MTC_T,RECOVERED_NET,NUMERIC
rpt-network-plng,sitetracker_data,TMP_ST_SOW_DAMAGES_AND_MTC_T,REFERRED_TO_DATE,TIMESTAMP
rpt-network-plng,sitetracker_data,TMP_ST_SOW_DAMAGES_AND_MTC_T,REFERRED_TO,STRING
rpt-network-plng,sitetracker_data,TMP_ST_SOW_DAMAGES_AND_MTC_T,REGION,STRING
rpt-network-plng,sitetracker_data,TMP_ST_SOW_DAMAGES_AND_MTC_T,RELATED_FW_OR_CMSCUPS_NUMBER,STRING
rpt-network-plng,sitetracker_data,TMP_ST_SOW_DAMAGES_AND_MTC_T,REPAIR_TICKET_NUMBER,STRING
rpt-network-plng,sitetracker_data,TMP_ST_SOW_DAMAGES_AND_MTC_T,REPAIR_TYPE,STRING
rpt-network-plng,sitetracker_data,TMP_ST_SOW_DAMAGES_AND_MTC_T,REPORT_NUMBER,STRING
rpt-network-plng,sitetracker_data,TMP_ST_SOW_DAMAGES_AND_MTC_T,REPORT_TYPE_1,STRING
rpt-network-plng,sitetracker_data,TMP_ST_SOW_DAMAGES_AND_MTC_T,REPORT_TYPE_2,STRING
rpt-network-plng,sitetracker_data,TMP_ST_SOW_DAMAGES_AND_MTC_T,REPORT_TYPE_3,STRING
rpt-network-plng,sitetracker_data,TMP_ST_SOW_DAMAGES_AND_MTC_T,REPORT_TYPE_4,STRING
rpt-network-plng,sitetracker_data,TMP_ST_SOW_DAMAGES_AND_MTC_T,REPORT_TYPE_5,STRING
rpt-network-plng,sitetracker_data,TMP_ST_SOW_DAMAGES_AND_MTC_T,REQUESTED_MONTHYEAR_OF_SPEND,TIMESTAMP
rpt-network-plng,sitetracker_data,TMP_ST_SOW_DAMAGES_AND_MTC_T,ROOT_CAUSE,STRING
rpt-network-plng,sitetracker_data,TMP_ST_SOW_DAMAGES_AND_MTC_T,SOL_DATE,TIMESTAMP
rpt-network-plng,sitetracker_data,TMP_ST_SOW_DAMAGES_AND_MTC_T,SROEMAIL,STRING
rpt-network-plng,sitetracker_data,TMP_ST_SOW_DAMAGES_AND_MTC_T,SRO_NAME,STRING
rpt-network-plng,sitetracker_data,TMP_ST_SOW_DAMAGES_AND_MTC_T,STB_FINANCIALLY_ACTIONABLE_DATE,TIMESTAMP
rpt-network-plng,sitetracker_data,TMP_ST_SOW_DAMAGES_AND_MTC_T,STB_RETURN_TO_FIELD_DATE,TIMESTAMP
rpt-network-plng,sitetracker_data,TMP_ST_SOW_DAMAGES_AND_MTC_T,STB_RETURN_TO_LOCATOR_DATE,TIMESTAMP
rpt-network-plng,sitetracker_data,TMP_ST_SOW_DAMAGES_AND_MTC_T,SCOPE_DETAILS,STRING
rpt-network-plng,sitetracker_data,TMP_ST_SOW_DAMAGES_AND_MTC_T,SENT_TO_IRU,TIMESTAMP
rpt-network-plng,sitetracker_data,TMP_ST_SOW_DAMAGES_AND_MTC_T,SETTLED_AMOUNT,NUMERIC
rpt-network-plng,sitetracker_data,TMP_ST_SOW_DAMAGES_AND_MTC_T,SETTLED_DATE,TIMESTAMP
rpt-network-plng,sitetracker_data,TMP_ST_SOW_DAMAGES_AND_MTC_T,SETTLED_PAYMENT_IN_PROCESS_DATE,TIMESTAMP
rpt-network-plng,sitetracker_data,TMP_ST_SOW_DAMAGES_AND_MTC_T,SETTLEMENT_PERCENTAGE,NUMERIC
rpt-network-plng,sitetracker_data,TMP_ST_SOW_DAMAGES_AND_MTC_T,SEVERITY_OF_ISSUE,STRING
rpt-network-plng,sitetracker_data,TMP_ST_SOW_DAMAGES_AND_MTC_T,SITETRACKER_LOCATOR,STRING
rpt-network-plng,sitetracker_data,TMP_ST_SOW_DAMAGES_AND_MTC_T,STATUS_CODE,STRING
rpt-network-plng,sitetracker_data,TMP_ST_SOW_DAMAGES_AND_MTC_T,STATUS_LAST_CHANGED_DATE,TIMESTAMP
rpt-network-plng,sitetracker_data,TMP_ST_SOW_DAMAGES_AND_MTC_T,SUBMITTER_NAME,STRING
rpt-network-plng,sitetracker_data,TMP_ST_SOW_DAMAGES_AND_MTC_T,SUIT_FILED_DATE,TIMESTAMP
rpt-network-plng,sitetracker_data,TMP_ST_SOW_DAMAGES_AND_MTC_T,TEAMS_APP,STRING
rpt-network-plng,sitetracker_data,TMP_ST_SOW_DAMAGES_AND_MTC_T,TOTAL_LABOR_COST,NUMERIC
rpt-network-plng,sitetracker_data,TMP_ST_SOW_DAMAGES_AND_MTC_T,TOTAL_MATERIAL_COST,NUMERIC
rpt-network-plng,sitetracker_data,TMP_ST_SOW_DAMAGES_AND_MTC_T,TOTAL_PROJECT_AMOUNT,NUMERIC
rpt-network-plng,sitetracker_data,TMP_ST_SOW_DAMAGES_AND_MTC_T,UPDATED_ASBUILTS_FROM_EVENT,STRING
rpt-network-plng,sitetracker_data,TMP_ST_SOW_DAMAGES_AND_MTC_T,USER_NAME,STRING
rpt-network-plng,sitetracker_data,TMP_ST_SOW_DAMAGES_AND_MTC_T,USER_EMAIL,STRING
rpt-network-plng,sitetracker_data,TMP_ST_SOW_DAMAGES_AND_MTC_T,USER_MOBILE_NUMBER,STRING
rpt-network-plng,sitetracker_data,TMP_ST_SOW_DAMAGES_AND_MTC_T,USER_MRO_NAME,STRING
rpt-network-plng,sitetracker_data,TMP_ST_SOW_DAMAGES_AND_MTC_T,USER_MRO_EMAIL,STRING
rpt-network-plng,sitetracker_data,TMP_ST_SOW_DAMAGES_AND_MTC_T,USER_MRO_MOBILE_NUMBER,STRING
rpt-network-plng,sitetracker_data,TMP_ST_SOW_DAMAGES_AND_MTC_T,USER_SRO_MOBILE_NUMBER,STRING
rpt-network-plng,sitetracker_data,TMP_ST_SOW_DAMAGES_AND_MTC_T,VENDOR_INVOICED_DATE,TIMESTAMP
rpt-network-plng,sitetracker_data,TMP_ST_SOW_DAMAGES_AND_MTC_T,WHO_HIRED_DAMAGING_CONTRACTOR,STRING
rpt-network-plng,sitetracker_data,TMP_ST_SOW_DAMAGES_AND_MTC_T,WHO_OWNS_THE_DUCTS_OR_ADD_CABLES,STRING
rpt-network-plng,sitetracker_data,TMP_ST_SOW_DAMAGES_AND_MTC_T,WHO_SHOULD_RECEIVE_BILL,STRING
rpt-network-plng,sitetracker_data,TMP_ST_SOW_DAMAGES_AND_MTC_T,WITNESS_COMPANY,STRING
rpt-network-plng,sitetracker_data,TMP_ST_SOW_DAMAGES_AND_MTC_T,WITNESS_NAME,STRING
rpt-network-plng,sitetracker_data,TMP_ST_SOW_DAMAGES_AND_MTC_T,WITNESS_PHONE_NUMBER,STRING
rpt-network-plng,sitetracker_data,TMP_ST_SOW_DAMAGES_AND_MTC_T,X3RD_PARTY_INVOICED_DATE,TIMESTAMP
rpt-network-plng,sitetracker_data,TMP_ST_SOW_DAMAGES_AND_MTC_T,XRD_PARTY_FEES,NUMERIC
rpt-network-plng,sitetracker_data,TMP_ST_SOW_DAMAGES_AND_MTC_T,DAMAGE_CLAIMS_NUMBER_AUTO,STRING
rpt-network-plng,sitetracker_data,TMP_ST_SOW_DAMAGES_AND_MTC_T,META_LOAD_DATE,DATE
rpt-network-plng,sitetracker_data,LDR_ST_SOW_DAMAGES_AND_MTC_V,ST_PROJECT_ID,STRING
rpt-network-plng,sitetracker_data,LDR_ST_SOW_DAMAGES_AND_MTC_V,ST_INTERNAL_PROJECT_ID,STRING
rpt-network-plng,sitetracker_data,LDR_ST_SOW_DAMAGES_AND_MTC_V,ST_PROJECT_TYPE,STRING
rpt-network-plng,sitetracker_data,LDR_ST_SOW_DAMAGES_AND_MTC_V,ACTIVITY_CAUSING_DAMAGE,STRING
rpt-network-plng,sitetracker_data,LDR_ST_SOW_DAMAGES_AND_MTC_V,ADDITONAL_DETAILS_FOR_SCOPE_OF,STRING
rpt-network-plng,sitetracker_data,LDR_ST_SOW_DAMAGES_AND_MTC_V,ALT_BILL_TO_EMAIL,STRING
rpt-network-plng,sitetracker_data,LDR_ST_SOW_DAMAGES_AND_MTC_V,ALT_BILL_TO_PARTY,STRING
rpt-network-plng,sitetracker_data,LDR_ST_SOW_DAMAGES_AND_MTC_V,ALT_BILL_TO_PARTY_ADDRESS,STRING
rpt-network-plng,sitetracker_data,LDR_ST_SOW_DAMAGES_AND_MTC_V,ALT_BILL_TO_PARTY_CITY,STRING
rpt-network-plng,sitetracker_data,LDR_ST_SOW_DAMAGES_AND_MTC_V,ALT_BILL_TO_PARTY_INSURANCE_COMPANY,STRING
rpt-network-plng,sitetracker_data,LDR_ST_SOW_DAMAGES_AND_MTC_V,ALT_BILL_TO_PARTY_PHONE,STRING
rpt-network-plng,sitetracker_data,LDR_ST_SOW_DAMAGES_AND_MTC_V,ALT_BILL_TO_PARTY_STATE,STRING
rpt-network-plng,sitetracker_data,LDR_ST_SOW_DAMAGES_AND_MTC_V,ALT_BILL_TO_PARTY_ZIP,STRING
rpt-network-plng,sitetracker_data,LDR_ST_SOW_DAMAGES_AND_MTC_V,ARBITRATION_DATE,TIMESTAMP
rpt-network-plng,sitetracker_data,LDR_ST_SOW_DAMAGES_AND_MTC_V,ARBITRATION_DECISION,STRING
rpt-network-plng,sitetracker_data,LDR_ST_SOW_DAMAGES_AND_MTC_V,ARBITRATION_REQUEST_DATE,TIMESTAMP
rpt-network-plng,sitetracker_data,LDR_ST_SOW_DAMAGES_AND_MTC_V,ARE_THERE_DARK_FIBER_CUSTOMERS,STRING
rpt-network-plng,sitetracker_data,LDR_ST_SOW_DAMAGES_AND_MTC_V,ASSIGNED_TO,STRING
rpt-network-plng,sitetracker_data,LDR_ST_SOW_DAMAGES_AND_MTC_V,ATTORNEY_ASSIGNED,STRING
rpt-network-plng,sitetracker_data,LDR_ST_SOW_DAMAGES_AND_MTC_V,BILL_TO_OTHER,STRING
rpt-network-plng,sitetracker_data,LDR_ST_SOW_DAMAGES_AND_MTC_V,BILL_TO,STRING
rpt-network-plng,sitetracker_data,LDR_ST_SOW_DAMAGES_AND_MTC_V,BILLED_AMOUNT_FORMULA,NUMERIC
rpt-network-plng,sitetracker_data,LDR_ST_SOW_DAMAGES_AND_MTC_V,BILLED_DATE,TIMESTAMP
rpt-network-plng,sitetracker_data,LDR_ST_SOW_DAMAGES_AND_MTC_V,BILLING_CLOSURE_CODES,STRING
rpt-network-plng,sitetracker_data,LDR_ST_SOW_DAMAGES_AND_MTC_V,BILLING_HOLD_DATE,TIMESTAMP
rpt-network-plng,sitetracker_data,LDR_ST_SOW_DAMAGES_AND_MTC_V,BILLING_SYSTEM_INVOICE_DATE,TIMESTAMP
rpt-network-plng,sitetracker_data,LDR_ST_SOW_DAMAGES_AND_MTC_V,BILLING_SYSTEM_INVOICE,STRING
rpt-network-plng,sitetracker_data,LDR_ST_SOW_DAMAGES_AND_MTC_V,CMSBSWCUPS_TOTAL_1,NUMERIC
rpt-network-plng,sitetracker_data,LDR_ST_SOW_DAMAGES_AND_MTC_V,CMSBSWCUPS_TOTAL_2,NUMERIC
rpt-network-plng,sitetracker_data,LDR_ST_SOW_DAMAGES_AND_MTC_V,CMS_BSW_CUPS_NUMBER_1,STRING
rpt-network-plng,sitetracker_data,LDR_ST_SOW_DAMAGES_AND_MTC_V,CMS_BSW_CUPS_NUMBER_2,STRING
rpt-network-plng,sitetracker_data,LDR_ST_SOW_DAMAGES_AND_MTC_V,CMS_CONTRACTOR_COST_FORMULA,NUMERIC
rpt-network-plng,sitetracker_data,LDR_ST_SOW_DAMAGES_AND_MTC_V,CMS_JOB,STRING
rpt-network-plng,sitetracker_data,LDR_ST_SOW_DAMAGES_AND_MTC_V,CMS_PURPOSE_OR_TYPE,STRING
rpt-network-plng,sitetracker_data,LDR_ST_SOW_DAMAGES_AND_MTC_V,CABLE_FIBER_COUNT_DESCRIPTION_1,STRING
rpt-network-plng,sitetracker_data,LDR_ST_SOW_DAMAGES_AND_MTC_V,CABLE_FIBER_COUNT_DESCRIPTION_2,STRING
rpt-network-plng,sitetracker_data,LDR_ST_SOW_DAMAGES_AND_MTC_V,CABLE_FIBER_COUNT_DESCRIPTION_3,STRING
rpt-network-plng,sitetracker_data,LDR_ST_SOW_DAMAGES_AND_MTC_V,CABLE_FIBER_COUNT_DESCRIPTION_4,STRING
rpt-network-plng,sitetracker_data,LDR_ST_SOW_DAMAGES_AND_MTC_V,CABLE_FIBER_COUNT_DESCRIPTION_5,STRING
rpt-network-plng,sitetracker_data,LDR_ST_SOW_DAMAGES_AND_MTC_V,CLAIM_CANCELLED_REASON,STRING
rpt-network-plng,sitetracker_data,LDR_ST_SOW_DAMAGES_AND_MTC_V,CLAIM_CLASS_TYPE,STRING
rpt-network-plng,sitetracker_data,LDR_ST_SOW_DAMAGES_AND_MTC_V,CLAIM_CLOSED_REASON,STRING
rpt-network-plng,sitetracker_data,LDR_ST_SOW_DAMAGES_AND_MTC_V,CLAIM_NO_BILLING_REASON,STRING
rpt-network-plng,sitetracker_data,LDR_ST_SOW_DAMAGES_AND_MTC_V,CLAIM_STATUS,STRING
rpt-network-plng,sitetracker_data,LDR_ST_SOW_DAMAGES_AND_MTC_V,CLAIMS_JUMPER_NUMBER,STRING
rpt-network-plng,sitetracker_data,LDR_ST_SOW_DAMAGES_AND_MTC_V,CLOSE_DATE,TIMESTAMP
rpt-network-plng,sitetracker_data,LDR_ST_SOW_DAMAGES_AND_MTC_V,CLOSED_DATE,TIMESTAMP
rpt-network-plng,sitetracker_data,LDR_ST_SOW_DAMAGES_AND_MTC_V,COLLECTION_COMMISSION,NUMERIC
rpt-network-plng,sitetracker_data,LDR_ST_SOW_DAMAGES_AND_MTC_V,COLLECTION_VENDOR_BILL_SENT,TIMESTAMP
rpt-network-plng,sitetracker_data,LDR_ST_SOW_DAMAGES_AND_MTC_V,COMMISSION_AMOUNT,NUMERIC
rpt-network-plng,sitetracker_data,LDR_ST_SOW_DAMAGES_AND_MTC_V,COMMISSION_OVERRIDE_REASON,STRING
rpt-network-plng,sitetracker_data,LDR_ST_SOW_DAMAGES_AND_MTC_V,COMMISSION_PAID_DATE,TIMESTAMP
rpt-network-plng,sitetracker_data,LDR_ST_SOW_DAMAGES_AND_MTC_V,COMMISSION_PERCENTAGE_CATEGORY,STRING
rpt-network-plng,sitetracker_data,LDR_ST_SOW_DAMAGES_AND_MTC_V,COST_1,NUMERIC
rpt-network-plng,sitetracker_data,LDR_ST_SOW_DAMAGES_AND_MTC_V,COST_2,NUMERIC
rpt-network-plng,sitetracker_data,LDR_ST_SOW_DAMAGES_AND_MTC_V,COST_3,NUMERIC
rpt-network-plng,sitetracker_data,LDR_ST_SOW_DAMAGES_AND_MTC_V,COST_4,NUMERIC
rpt-network-plng,sitetracker_data,LDR_ST_SOW_DAMAGES_AND_MTC_V,COST_5,NUMERIC
rpt-network-plng,sitetracker_data,LDR_ST_SOW_DAMAGES_AND_MTC_V,COST_CENTER,STRING
rpt-network-plng,sitetracker_data,LDR_ST_SOW_DAMAGES_AND_MTC_V,COST_DISPUTE,STRING
rpt-network-plng,sitetracker_data,LDR_ST_SOW_DAMAGES_AND_MTC_V,COST_RECOVERY_MOVED_BACK,NUMERIC
rpt-network-plng,sitetracker_data,LDR_ST_SOW_DAMAGES_AND_MTC_V,COST_RECOVERY_NOTES,STRING
rpt-network-plng,sitetracker_data,LDR_ST_SOW_DAMAGES_AND_MTC_V,COUNT_SIZE_1,NUMERIC
rpt-network-plng,sitetracker_data,LDR_ST_SOW_DAMAGES_AND_MTC_V,COUNT_SIZE_2,NUMERIC
rpt-network-plng,sitetracker_data,LDR_ST_SOW_DAMAGES_AND_MTC_V,COUNT_SIZE_3,NUMERIC
rpt-network-plng,sitetracker_data,LDR_ST_SOW_DAMAGES_AND_MTC_V,COUNT_SIZE_4,NUMERIC
rpt-network-plng,sitetracker_data,LDR_ST_SOW_DAMAGES_AND_MTC_V,COUNT_SIZE_5,NUMERIC
rpt-network-plng,sitetracker_data,LDR_ST_SOW_DAMAGES_AND_MTC_V,DC_CREATED_BY,STRING
rpt-network-plng,sitetracker_data,LDR_ST_SOW_DAMAGES_AND_MTC_V,DCT_NUMBER,STRING
rpt-network-plng,sitetracker_data,LDR_ST_SOW_DAMAGES_AND_MTC_V,DAMAGE_ADDRESS,STRING
rpt-network-plng,sitetracker_data,LDR_ST_SOW_DAMAGES_AND_MTC_V,DAMAGE_CITY,STRING
rpt-network-plng,sitetracker_data,LDR_ST_SOW_DAMAGES_AND_MTC_V,DAMAGE_COUNTY,STRING
rpt-network-plng,sitetracker_data,LDR_ST_SOW_DAMAGES_AND_MTC_V,DAMAGE_DATE,TIMESTAMP
rpt-network-plng,sitetracker_data,LDR_ST_SOW_DAMAGES_AND_MTC_V,DAMAGE_INVESTIGATION_FEE,NUMERIC
rpt-network-plng,sitetracker_data,LDR_ST_SOW_DAMAGES_AND_MTC_V,DAMAGE_INVESTIGATION_RECEIVED,TIMESTAMP
rpt-network-plng,sitetracker_data,LDR_ST_SOW_DAMAGES_AND_MTC_V,DAMAGE_INVESTIGATION_RESPONSE,STRING
rpt-network-plng,sitetracker_data,LDR_ST_SOW_DAMAGES_AND_MTC_V,DAMAGE_INVESTIGATION_SUB_RESPONSE,STRING
rpt-network-plng,sitetracker_data,LDR_ST_SOW_DAMAGES_AND_MTC_V,DAMAGE_STATE_SOL_YEARS,NUMERIC
rpt-network-plng,sitetracker_data,LDR_ST_SOW_DAMAGES_AND_MTC_V,DAMAGE_STATE,STRING
rpt-network-plng,sitetracker_data,LDR_ST_SOW_DAMAGES_AND_MTC_V,DAMAGER_ADDRESS,STRING
rpt-network-plng,sitetracker_data,LDR_ST_SOW_DAMAGES_AND_MTC_V,DAMAGER_CATEGORY_OTHER,STRING
rpt-network-plng,sitetracker_data,LDR_ST_SOW_DAMAGES_AND_MTC_V,DAMAGER_CATEGORY,STRING
rpt-network-plng,sitetracker_data,LDR_ST_SOW_DAMAGES_AND_MTC_V,DAMAGER_CITY,STRING
rpt-network-plng,sitetracker_data,LDR_ST_SOW_DAMAGES_AND_MTC_V,DAMAGER_EMAIL,STRING
rpt-network-plng,sitetracker_data,LDR_ST_SOW_DAMAGES_AND_MTC_V,DAMAGER_INSURANCE_CO,STRING
rpt-network-plng,sitetracker_data,LDR_ST_SOW_DAMAGES_AND_MTC_V,DAMAGER_KNOWN,STRING
rpt-network-plng,sitetracker_data,LDR_ST_SOW_DAMAGES_AND_MTC_V,DAMAGER_NAME,STRING
rpt-network-plng,sitetracker_data,LDR_ST_SOW_DAMAGES_AND_MTC_V,DAMAGER_PHONE,STRING
rpt-network-plng,sitetracker_data,LDR_ST_SOW_DAMAGES_AND_MTC_V,DAMAGER_STATE,STRING
rpt-network-plng,sitetracker_data,LDR_ST_SOW_DAMAGES_AND_MTC_V,DAMAGER_WORKING_FOR_LUMEN,STRING
rpt-network-plng,sitetracker_data,LDR_ST_SOW_DAMAGES_AND_MTC_V,DAMAGER_ZIP,STRING
rpt-network-plng,sitetracker_data,LDR_ST_SOW_DAMAGES_AND_MTC_V,DAMAGER_A_LUMEN_CUSTOMER,STRING
rpt-network-plng,sitetracker_data,LDR_ST_SOW_DAMAGES_AND_MTC_V,DAMAGER_A_MUNI_OR_GOV_ENTITY,STRING
rpt-network-plng,sitetracker_data,LDR_ST_SOW_DAMAGES_AND_MTC_V,DAMAGING_COMPANY,STRING
rpt-network-plng,sitetracker_data,LDR_ST_SOW_DAMAGES_AND_MTC_V,DARK_FIBER_COMPANY_COUNT,STRING
rpt-network-plng,sitetracker_data,LDR_ST_SOW_DAMAGES_AND_MTC_V,DATE_PAID,TIMESTAMP
rpt-network-plng,sitetracker_data,LDR_ST_SOW_DAMAGES_AND_MTC_V,DATE_SENT_TO_ATTORNEY,TIMESTAMP
rpt-network-plng,sitetracker_data,LDR_ST_SOW_DAMAGES_AND_MTC_V,DATE_WORK_PERFORMED,TIMESTAMP
rpt-network-plng,sitetracker_data,LDR_ST_SOW_DAMAGES_AND_MTC_V,DATE_WORK_STARTED_1,TIMESTAMP
rpt-network-plng,sitetracker_data,LDR_ST_SOW_DAMAGES_AND_MTC_V,DATE_WORK_STARTED_2,TIMESTAMP
rpt-network-plng,sitetracker_data,LDR_ST_SOW_DAMAGES_AND_MTC_V,DATE_WORK_STARTED_3,TIMESTAMP
rpt-network-plng,sitetracker_data,LDR_ST_SOW_DAMAGES_AND_MTC_V,DATE_WORK_STARTED_4,TIMESTAMP
rpt-network-plng,sitetracker_data,LDR_ST_SOW_DAMAGES_AND_MTC_V,DATE_WORK_STARTED_5,TIMESTAMP
rpt-network-plng,sitetracker_data,LDR_ST_SOW_DAMAGES_AND_MTC_V,DATE_WORK_STOPPED_1,TIMESTAMP
rpt-network-plng,sitetracker_data,LDR_ST_SOW_DAMAGES_AND_MTC_V,DATE_WORK_STOPPED_2,TIMESTAMP
rpt-network-plng,sitetracker_data,LDR_ST_SOW_DAMAGES_AND_MTC_V,DATE_WORK_STOPPED_3,TIMESTAMP
rpt-network-plng,sitetracker_data,LDR_ST_SOW_DAMAGES_AND_MTC_V,DATE_WORK_STOPPED_4,TIMESTAMP
rpt-network-plng,sitetracker_data,LDR_ST_SOW_DAMAGES_AND_MTC_V,DATE_WORK_STOPPED_5,TIMESTAMP
rpt-network-plng,sitetracker_data,LDR_ST_SOW_DAMAGES_AND_MTC_V,DAYS_IN_STATUS,NUMERIC
rpt-network-plng,sitetracker_data,LDR_ST_SOW_DAMAGES_AND_MTC_V,DENIAL_WRITE_OFF_REVIEW_DATE,TIMESTAMP
rpt-network-plng,sitetracker_data,LDR_ST_SOW_DAMAGES_AND_MTC_V,DESCRIPTION_OF_EMERGENCY_REPAIR,STRING
rpt-network-plng,sitetracker_data,LDR_ST_SOW_DAMAGES_AND_MTC_V,DIG_TICKET_FOR_LOCATION,STRING
rpt-network-plng,sitetracker_data,LDR_ST_SOW_DAMAGES_AND_MTC_V,DISCOVERY_DATE,TIMESTAMP
rpt-network-plng,sitetracker_data,LDR_ST_SOW_DAMAGES_AND_MTC_V,DISCOVERY_NEEDED,STRING
rpt-network-plng,sitetracker_data,LDR_ST_SOW_DAMAGES_AND_MTC_V,DIVISION,STRING
rpt-network-plng,sitetracker_data,LDR_ST_SOW_DAMAGES_AND_MTC_V,DOES_THIS_INVOLVE_CAPITAL_EXPENDITURES,STRING
rpt-network-plng,sitetracker_data,LDR_ST_SOW_DAMAGES_AND_MTC_V,DUCTS_OWNED_BY_ADD_COMPANIES,STRING
rpt-network-plng,sitetracker_data,LDR_ST_SOW_DAMAGES_AND_MTC_V,EMPLOYEE_HOURS,NUMERIC
rpt-network-plng,sitetracker_data,LDR_ST_SOW_DAMAGES_AND_MTC_V,EMPLOYEE_NAME_1,STRING
rpt-network-plng,sitetracker_data,LDR_ST_SOW_DAMAGES_AND_MTC_V,EMPLOYEE_NAME_2,STRING
rpt-network-plng,sitetracker_data,LDR_ST_SOW_DAMAGES_AND_MTC_V,EMPLOYEE_NAME_3,STRING
rpt-network-plng,sitetracker_data,LDR_ST_SOW_DAMAGES_AND_MTC_V,EMPLOYEE_NAME_4,STRING
rpt-network-plng,sitetracker_data,LDR_ST_SOW_DAMAGES_AND_MTC_V,EMPLOYEE_NAME_5,STRING
rpt-network-plng,sitetracker_data,LDR_ST_SOW_DAMAGES_AND_MTC_V,EMPLOYEE_NAME,STRING
rpt-network-plng,sitetracker_data,LDR_ST_SOW_DAMAGES_AND_MTC_V,END_USER_CONTACT_INFO,STRING
rpt-network-plng,sitetracker_data,LDR_ST_SOW_DAMAGES_AND_MTC_V,ENTERED_ON_MOBILE_OR_BROWSER,STRING
rpt-network-plng,sitetracker_data,LDR_ST_SOW_DAMAGES_AND_MTC_V,EQUIPMENT_CAUSING_DAMAGE,STRING
rpt-network-plng,sitetracker_data,LDR_ST_SOW_DAMAGES_AND_MTC_V,ESTIMATED_CAPITAL_COST,NUMERIC
rpt-network-plng,sitetracker_data,LDR_ST_SOW_DAMAGES_AND_MTC_V,FRM_ADDRESS,STRING
rpt-network-plng,sitetracker_data,LDR_ST_SOW_DAMAGES_AND_MTC_V,FRM_APPROVAL_STATUS,STRING
rpt-network-plng,sitetracker_data,LDR_ST_SOW_DAMAGES_AND_MTC_V,FRM_CITY,STRING
rpt-network-plng,sitetracker_data,LDR_ST_SOW_DAMAGES_AND_MTC_V,FRM_COUNTRY,STRING
rpt-network-plng,sitetracker_data,LDR_ST_SOW_DAMAGES_AND_MTC_V,FRM_EXCHANGE_COUNTY,STRING
rpt-network-plng,sitetracker_data,LDR_ST_SOW_DAMAGES_AND_MTC_V,FRM_LEGACY_COMPANY,STRING
rpt-network-plng,sitetracker_data,LDR_ST_SOW_DAMAGES_AND_MTC_V,FRM_NOTES,STRING
rpt-network-plng,sitetracker_data,LDR_ST_SOW_DAMAGES_AND_MTC_V,FRM_OTHER_COUNTRY,STRING
rpt-network-plng,sitetracker_data,LDR_ST_SOW_DAMAGES_AND_MTC_V,FRM_SOW,STRING
rpt-network-plng,sitetracker_data,LDR_ST_SOW_DAMAGES_AND_MTC_V,FRM_STATE,STRING
rpt-network-plng,sitetracker_data,LDR_ST_SOW_DAMAGES_AND_MTC_V,FRM_TYPE_OF_FACILITIES,STRING
rpt-network-plng,sitetracker_data,LDR_ST_SOW_DAMAGES_AND_MTC_V,FRM_SUBTYPE_OF_FACILITIES,STRING
rpt-network-plng,sitetracker_data,LDR_ST_SOW_DAMAGES_AND_MTC_V,FACILITY_TYPE_1,STRING
rpt-network-plng,sitetracker_data,LDR_ST_SOW_DAMAGES_AND_MTC_V,FACILITY_TYPE_2,STRING
rpt-network-plng,sitetracker_data,LDR_ST_SOW_DAMAGES_AND_MTC_V,FACILITY_TYPE_3,STRING
rpt-network-plng,sitetracker_data,LDR_ST_SOW_DAMAGES_AND_MTC_V,FACILITY_TYPE_4,STRING
rpt-network-plng,sitetracker_data,LDR_ST_SOW_DAMAGES_AND_MTC_V,FACILITY_TYPE_5,STRING
rpt-network-plng,sitetracker_data,LDR_ST_SOW_DAMAGES_AND_MTC_V,FINANCIAL_DOCUMENTS_ATTACHED,STRING
rpt-network-plng,sitetracker_data,LDR_ST_SOW_DAMAGES_AND_MTC_V,FIREWORKS_ACTUALS,NUMERIC
rpt-network-plng,sitetracker_data,LDR_ST_SOW_DAMAGES_AND_MTC_V,FIREWORKS_ADJUSTMENT,NUMERIC
rpt-network-plng,sitetracker_data,LDR_ST_SOW_DAMAGES_AND_MTC_V,FIREWORKS_BILLED_FORMULA,NUMERIC
rpt-network-plng,sitetracker_data,LDR_ST_SOW_DAMAGES_AND_MTC_V,FLAT_RATE_BILLING,STRING
rpt-network-plng,sitetracker_data,LDR_ST_SOW_DAMAGES_AND_MTC_V,FLAT_RATE_PRICING,NUMERIC
rpt-network-plng,sitetracker_data,LDR_ST_SOW_DAMAGES_AND_MTC_V,GA_FEE,NUMERIC
rpt-network-plng,sitetracker_data,LDR_ST_SOW_DAMAGES_AND_MTC_V,HAS_WORK_BEEN_COMPLETED,STRING
rpt-network-plng,sitetracker_data,LDR_ST_SOW_DAMAGES_AND_MTC_V,HOURS_WORKED_1,NUMERIC
rpt-network-plng,sitetracker_data,LDR_ST_SOW_DAMAGES_AND_MTC_V,HOURS_WORKED_2,NUMERIC
rpt-network-plng,sitetracker_data,LDR_ST_SOW_DAMAGES_AND_MTC_V,HOURS_WORKED_3,NUMERIC
rpt-network-plng,sitetracker_data,LDR_ST_SOW_DAMAGES_AND_MTC_V,HOURS_WORKED_4,NUMERIC
rpt-network-plng,sitetracker_data,LDR_ST_SOW_DAMAGES_AND_MTC_V,HOURS_WORKED_5,NUMERIC
rpt-network-plng,sitetracker_data,LDR_ST_SOW_DAMAGES_AND_MTC_V,HOW_DID_DAMAGE_OCCUR,STRING
rpt-network-plng,sitetracker_data,LDR_ST_SOW_DAMAGES_AND_MTC_V,HOW_WAS_DAMAGER_IDENTIFIED,STRING
rpt-network-plng,sitetracker_data,LDR_ST_SOW_DAMAGES_AND_MTC_V,HOW_WAS_THE_REPAIR_COMPLETED,STRING
rpt-network-plng,sitetracker_data,LDR_ST_SOW_DAMAGES_AND_MTC_V,INTERNAL_ATTORNEY_ASSIGNED,STRING
rpt-network-plng,sitetracker_data,LDR_ST_SOW_DAMAGES_AND_MTC_V,INTERNAL_MATERIALS_1,STRING
rpt-network-plng,sitetracker_data,LDR_ST_SOW_DAMAGES_AND_MTC_V,INTERNAL_MATERIALS_2,STRING
rpt-network-plng,sitetracker_data,LDR_ST_SOW_DAMAGES_AND_MTC_V,INTERNAL_MATERIALS_3,STRING
rpt-network-plng,sitetracker_data,LDR_ST_SOW_DAMAGES_AND_MTC_V,INTERNAL_MATERIALS_4,STRING
rpt-network-plng,sitetracker_data,LDR_ST_SOW_DAMAGES_AND_MTC_V,INTERNAL_MATERIALS_5,STRING
rpt-network-plng,sitetracker_data,LDR_ST_SOW_DAMAGES_AND_MTC_V,IS_THIS_A_JOINT_OR_SHARED_DUCT,STRING
rpt-network-plng,sitetracker_data,LDR_ST_SOW_DAMAGES_AND_MTC_V,IS_THIS_A_SERVICE_AFFECTING_DAMAGE,STRING
rpt-network-plng,sitetracker_data,LDR_ST_SOW_DAMAGES_AND_MTC_V,JURISDICTION,STRING
rpt-network-plng,sitetracker_data,LDR_ST_SOW_DAMAGES_AND_MTC_V,LABOR_COST_1,NUMERIC
rpt-network-plng,sitetracker_data,LDR_ST_SOW_DAMAGES_AND_MTC_V,LABOR_COST_2,NUMERIC
rpt-network-plng,sitetracker_data,LDR_ST_SOW_DAMAGES_AND_MTC_V,LABOR_COST_3,NUMERIC
rpt-network-plng,sitetracker_data,LDR_ST_SOW_DAMAGES_AND_MTC_V,LABOR_COST_4,NUMERIC
rpt-network-plng,sitetracker_data,LDR_ST_SOW_DAMAGES_AND_MTC_V,LABOR_COST_5,NUMERIC
rpt-network-plng,sitetracker_data,LDR_ST_SOW_DAMAGES_AND_MTC_V,LABOR_RATE_1,NUMERIC
rpt-network-plng,sitetracker_data,LDR_ST_SOW_DAMAGES_AND_MTC_V,LABOR_RATE_2,NUMERIC
rpt-network-plng,sitetracker_data,LDR_ST_SOW_DAMAGES_AND_MTC_V,LABOR_RATE_3,NUMERIC
rpt-network-plng,sitetracker_data,LDR_ST_SOW_DAMAGES_AND_MTC_V,LABOR_RATE_4,NUMERIC
rpt-network-plng,sitetracker_data,LDR_ST_SOW_DAMAGES_AND_MTC_V,LABOR_RATE_5,NUMERIC
rpt-network-plng,sitetracker_data,LDR_ST_SOW_DAMAGES_AND_MTC_V,LEGACY_COMPANY_1,STRING
rpt-network-plng,sitetracker_data,LDR_ST_SOW_DAMAGES_AND_MTC_V,LEGACY_COMPANY_2,STRING
rpt-network-plng,sitetracker_data,LDR_ST_SOW_DAMAGES_AND_MTC_V,LEGACY_COMPANY_3,STRING
rpt-network-plng,sitetracker_data,LDR_ST_SOW_DAMAGES_AND_MTC_V,LEGACY_COMPANY_4,STRING
rpt-network-plng,sitetracker_data,LDR_ST_SOW_DAMAGES_AND_MTC_V,LEGACY_COMPANY_5,STRING
rpt-network-plng,sitetracker_data,LDR_ST_SOW_DAMAGES_AND_MTC_V,LEGAL_REVIEW_DATE,TIMESTAMP
rpt-network-plng,sitetracker_data,LDR_ST_SOW_DAMAGES_AND_MTC_V,LIABILITY_ACCEPTED,STRING
rpt-network-plng,sitetracker_data,LDR_ST_SOW_DAMAGES_AND_MTC_V,LITIGATION_NOTES,STRING
rpt-network-plng,sitetracker_data,LDR_ST_SOW_DAMAGES_AND_MTC_V,LITIGATION_STATUS,STRING
rpt-network-plng,sitetracker_data,LDR_ST_SOW_DAMAGES_AND_MTC_V,LOCATE_COMPANY_TYPE,STRING
rpt-network-plng,sitetracker_data,LDR_ST_SOW_DAMAGES_AND_MTC_V,LOCATE_COMPANY,STRING
rpt-network-plng,sitetracker_data,LDR_ST_SOW_DAMAGES_AND_MTC_V,LOCATE_INVESTIGATION_CODE,STRING
rpt-network-plng,sitetracker_data,LDR_ST_SOW_DAMAGES_AND_MTC_V,LOCATE_INVESTIGATION_FEE,NUMERIC
rpt-network-plng,sitetracker_data,LDR_ST_SOW_DAMAGES_AND_MTC_V,LOCATE_TICKET_NUMBER,STRING
rpt-network-plng,sitetracker_data,LDR_ST_SOW_DAMAGES_AND_MTC_V,LOCATION_DETAILS,STRING
rpt-network-plng,sitetracker_data,LDR_ST_SOW_DAMAGES_AND_MTC_V,LOCATION_MOBILE_APP_USED,STRING
rpt-network-plng,sitetracker_data,LDR_ST_SOW_DAMAGES_AND_MTC_V,LOCATOR_NOTICE_SENT,TIMESTAMP
rpt-network-plng,sitetracker_data,LDR_ST_SOW_DAMAGES_AND_MTC_V,LOSS_OF_USE,NUMERIC
rpt-network-plng,sitetracker_data,LDR_ST_SOW_DAMAGES_AND_MTC_V,MATERIAL_COSTS,NUMERIC
rpt-network-plng,sitetracker_data,LDR_ST_SOW_DAMAGES_AND_MTC_V,MATERIAL_TYPE_1,STRING
rpt-network-plng,sitetracker_data,LDR_ST_SOW_DAMAGES_AND_MTC_V,MATERIAL_TYPE_2,STRING
rpt-network-plng,sitetracker_data,LDR_ST_SOW_DAMAGES_AND_MTC_V,MATERIAL_TYPE_3,STRING
rpt-network-plng,sitetracker_data,LDR_ST_SOW_DAMAGES_AND_MTC_V,MATERIAL_TYPE_4,STRING
rpt-network-plng,sitetracker_data,LDR_ST_SOW_DAMAGES_AND_MTC_V,MATERIAL_TYPE_5,STRING
rpt-network-plng,sitetracker_data,LDR_ST_SOW_DAMAGES_AND_MTC_V,MOBILE_APP_RECORD_GUID,STRING
rpt-network-plng,sitetracker_data,LDR_ST_SOW_DAMAGES_AND_MTC_V,MOBILE_CLAIM_NUMBER,STRING
rpt-network-plng,sitetracker_data,LDR_ST_SOW_DAMAGES_AND_MTC_V,MOBILE_CREATE_DATE,TIMESTAMP
rpt-network-plng,sitetracker_data,LDR_ST_SOW_DAMAGES_AND_MTC_V,NEAREST_INTERSECTION,STRING
rpt-network-plng,sitetracker_data,LDR_ST_SOW_DAMAGES_AND_MTC_V,NO_BILL_CLOSURE_CODES,STRING
rpt-network-plng,sitetracker_data,LDR_ST_SOW_DAMAGES_AND_MTC_V,NOTICE_LETTER_SENT_DATE,TIMESTAMP
rpt-network-plng,sitetracker_data,LDR_ST_SOW_DAMAGES_AND_MTC_V,NOTICE_LETTER,STRING
rpt-network-plng,sitetracker_data,LDR_ST_SOW_DAMAGES_AND_MTC_V,OTHERNO_BILL_DESCRIPTION,STRING
rpt-network-plng,sitetracker_data,LDR_ST_SOW_DAMAGES_AND_MTC_V,OTHER_NO_BILL_CLOSURE_CODE,STRING
rpt-network-plng,sitetracker_data,LDR_ST_SOW_DAMAGES_AND_MTC_V,OTHER_REPAIR_TYPE,STRING
rpt-network-plng,sitetracker_data,LDR_ST_SOW_DAMAGES_AND_MTC_V,OUTAGE_CREDITS,NUMERIC
rpt-network-plng,sitetracker_data,LDR_ST_SOW_DAMAGES_AND_MTC_V,OVERRIDE_DAMAGE_INVESTIGATION,NUMERIC
rpt-network-plng,sitetracker_data,LDR_ST_SOW_DAMAGES_AND_MTC_V,OVERRIDE_G_A_FEE,NUMERIC
rpt-network-plng,sitetracker_data,LDR_ST_SOW_DAMAGES_AND_MTC_V,PAID_AMOUNT,NUMERIC
rpt-network-plng,sitetracker_data,LDR_ST_SOW_DAMAGES_AND_MTC_V,PAID_DATE,TIMESTAMP
rpt-network-plng,sitetracker_data,LDR_ST_SOW_DAMAGES_AND_MTC_V,PAYMENT_PLAN_APPROVAL_DATE,TIMESTAMP
rpt-network-plng,sitetracker_data,LDR_ST_SOW_DAMAGES_AND_MTC_V,PAYMENT_PLAN,STRING
rpt-network-plng,sitetracker_data,LDR_ST_SOW_DAMAGES_AND_MTC_V,PAYMENT_PLAN_TERMS,STRING
rpt-network-plng,sitetracker_data,LDR_ST_SOW_DAMAGES_AND_MTC_V,PAYMENT_RELEASE_DOCUMENT_DATE,TIMESTAMP
rpt-network-plng,sitetracker_data,LDR_ST_SOW_DAMAGES_AND_MTC_V,POLICE_REPORT_CALLED_IN,STRING
rpt-network-plng,sitetracker_data,LDR_ST_SOW_DAMAGES_AND_MTC_V,POLICE_REPORT_RECEIVED,TIMESTAMP
rpt-network-plng,sitetracker_data,LDR_ST_SOW_DAMAGES_AND_MTC_V,POLICE_REPORT_REQUESTED,TIMESTAMP
rpt-network-plng,sitetracker_data,LDR_ST_SOW_DAMAGES_AND_MTC_V,PREVENTABLE_CLASS,STRING
rpt-network-plng,sitetracker_data,LDR_ST_SOW_DAMAGES_AND_MTC_V,PREVENTABLE_DATE,TIMESTAMP
rpt-network-plng,sitetracker_data,LDR_ST_SOW_DAMAGES_AND_MTC_V,PRODUCT_TYPE,STRING
rpt-network-plng,sitetracker_data,LDR_ST_SOW_DAMAGES_AND_MTC_V,PROJECT_TYPE,STRING
rpt-network-plng,sitetracker_data,LDR_ST_SOW_DAMAGES_AND_MTC_V,READY_FOR_APPROVAL,NUMERIC
rpt-network-plng,sitetracker_data,LDR_ST_SOW_DAMAGES_AND_MTC_V,REBILL_DATE,TIMESTAMP
rpt-network-plng,sitetracker_data,LDR_ST_SOW_DAMAGES_AND_MTC_V,REBILLED_TO,STRING
rpt-network-plng,sitetracker_data,LDR_ST_SOW_DAMAGES_AND_MTC_V,RECOVERED_BY,STRING
rpt-network-plng,sitetracker_data,LDR_ST_SOW_DAMAGES_AND_MTC_V,RECOVERED_NET,NUMERIC
rpt-network-plng,sitetracker_data,LDR_ST_SOW_DAMAGES_AND_MTC_V,REFERRED_TO_DATE,TIMESTAMP
rpt-network-plng,sitetracker_data,LDR_ST_SOW_DAMAGES_AND_MTC_V,REFERRED_TO,STRING
rpt-network-plng,sitetracker_data,LDR_ST_SOW_DAMAGES_AND_MTC_V,REGION,STRING
rpt-network-plng,sitetracker_data,LDR_ST_SOW_DAMAGES_AND_MTC_V,RELATED_FW_OR_CMSCUPS_NUMBER,STRING
rpt-network-plng,sitetracker_data,LDR_ST_SOW_DAMAGES_AND_MTC_V,REPAIR_TICKET_NUMBER,STRING
rpt-network-plng,sitetracker_data,LDR_ST_SOW_DAMAGES_AND_MTC_V,REPAIR_TYPE,STRING
rpt-network-plng,sitetracker_data,LDR_ST_SOW_DAMAGES_AND_MTC_V,REPORT_NUMBER,STRING
rpt-network-plng,sitetracker_data,LDR_ST_SOW_DAMAGES_AND_MTC_V,REPORT_TYPE_1,STRING
rpt-network-plng,sitetracker_data,LDR_ST_SOW_DAMAGES_AND_MTC_V,REPORT_TYPE_2,STRING
rpt-network-plng,sitetracker_data,LDR_ST_SOW_DAMAGES_AND_MTC_V,REPORT_TYPE_3,STRING
rpt-network-plng,sitetracker_data,LDR_ST_SOW_DAMAGES_AND_MTC_V,REPORT_TYPE_4,STRING
rpt-network-plng,sitetracker_data,LDR_ST_SOW_DAMAGES_AND_MTC_V,REPORT_TYPE_5,STRING
rpt-network-plng,sitetracker_data,LDR_ST_SOW_DAMAGES_AND_MTC_V,REQUESTED_MONTHYEAR_OF_SPEND,TIMESTAMP
rpt-network-plng,sitetracker_data,LDR_ST_SOW_DAMAGES_AND_MTC_V,ROOT_CAUSE,STRING
rpt-network-plng,sitetracker_data,LDR_ST_SOW_DAMAGES_AND_MTC_V,SOL_DATE,TIMESTAMP
rpt-network-plng,sitetracker_data,LDR_ST_SOW_DAMAGES_AND_MTC_V,SROEMAIL,STRING
rpt-network-plng,sitetracker_data,LDR_ST_SOW_DAMAGES_AND_MTC_V,SRO_NAME,STRING
rpt-network-plng,sitetracker_data,LDR_ST_SOW_DAMAGES_AND_MTC_V,STB_FINANCIALLY_ACTIONABLE_DATE,TIMESTAMP
rpt-network-plng,sitetracker_data,LDR_ST_SOW_DAMAGES_AND_MTC_V,STB_RETURN_TO_FIELD_DATE,TIMESTAMP
rpt-network-plng,sitetracker_data,LDR_ST_SOW_DAMAGES_AND_MTC_V,STB_RETURN_TO_LOCATOR_DATE,TIMESTAMP
rpt-network-plng,sitetracker_data,LDR_ST_SOW_DAMAGES_AND_MTC_V,SCOPE_DETAILS,STRING
rpt-network-plng,sitetracker_data,LDR_ST_SOW_DAMAGES_AND_MTC_V,SENT_TO_IRU,TIMESTAMP
rpt-network-plng,sitetracker_data,LDR_ST_SOW_DAMAGES_AND_MTC_V,SETTLED_AMOUNT,NUMERIC
rpt-network-plng,sitetracker_data,LDR_ST_SOW_DAMAGES_AND_MTC_V,SETTLED_DATE,TIMESTAMP
rpt-network-plng,sitetracker_data,LDR_ST_SOW_DAMAGES_AND_MTC_V,SETTLED_PAYMENT_IN_PROCESS_DATE,TIMESTAMP
rpt-network-plng,sitetracker_data,LDR_ST_SOW_DAMAGES_AND_MTC_V,SETTLEMENT_PERCENTAGE,NUMERIC
rpt-network-plng,sitetracker_data,LDR_ST_SOW_DAMAGES_AND_MTC_V,SEVERITY_OF_ISSUE,STRING
rpt-network-plng,sitetracker_data,LDR_ST_SOW_DAMAGES_AND_MTC_V,SITETRACKER_LOCATOR,STRING
rpt-network-plng,sitetracker_data,LDR_ST_SOW_DAMAGES_AND_MTC_V,STATUS_CODE,STRING
rpt-network-plng,sitetracker_data,LDR_ST_SOW_DAMAGES_AND_MTC_V,STATUS_LAST_CHANGED_DATE,TIMESTAMP
rpt-network-plng,sitetracker_data,LDR_ST_SOW_DAMAGES_AND_MTC_V,SUBMITTER_NAME,STRING
rpt-network-plng,sitetracker_data,LDR_ST_SOW_DAMAGES_AND_MTC_V,SUIT_FILED_DATE,TIMESTAMP
rpt-network-plng,sitetracker_data,LDR_ST_SOW_DAMAGES_AND_MTC_V,TEAMS_APP,STRING
rpt-network-plng,sitetracker_data,LDR_ST_SOW_DAMAGES_AND_MTC_V,TOTAL_LABOR_COST,NUMERIC
rpt-network-plng,sitetracker_data,LDR_ST_SOW_DAMAGES_AND_MTC_V,TOTAL_MATERIAL_COST,NUMERIC
rpt-network-plng,sitetracker_data,LDR_ST_SOW_DAMAGES_AND_MTC_V,TOTAL_PROJECT_AMOUNT,NUMERIC
rpt-network-plng,sitetracker_data,LDR_ST_SOW_DAMAGES_AND_MTC_V,UPDATED_ASBUILTS_FROM_EVENT,STRING
rpt-network-plng,sitetracker_data,LDR_ST_SOW_DAMAGES_AND_MTC_V,USER_NAME,STRING
rpt-network-plng,sitetracker_data,LDR_ST_SOW_DAMAGES_AND_MTC_V,USER_EMAIL,STRING
rpt-network-plng,sitetracker_data,LDR_ST_SOW_DAMAGES_AND_MTC_V,USER_MOBILE_NUMBER,STRING
rpt-network-plng,sitetracker_data,LDR_ST_SOW_DAMAGES_AND_MTC_V,USER_MRO_NAME,STRING
rpt-network-plng,sitetracker_data,LDR_ST_SOW_DAMAGES_AND_MTC_V,USER_MRO_EMAIL,STRING
rpt-network-plng,sitetracker_data,LDR_ST_SOW_DAMAGES_AND_MTC_V,USER_MRO_MOBILE_NUMBER,STRING
rpt-network-plng,sitetracker_data,LDR_ST_SOW_DAMAGES_AND_MTC_V,USER_SRO_MOBILE_NUMBER,STRING
rpt-network-plng,sitetracker_data,LDR_ST_SOW_DAMAGES_AND_MTC_V,VENDOR_INVOICED_DATE,TIMESTAMP
rpt-network-plng,sitetracker_data,LDR_ST_SOW_DAMAGES_AND_MTC_V,WHO_HIRED_DAMAGING_CONTRACTOR,STRING
rpt-network-plng,sitetracker_data,LDR_ST_SOW_DAMAGES_AND_MTC_V,WHO_OWNS_THE_DUCTS_OR_ADD_CABLES,STRING
rpt-network-plng,sitetracker_data,LDR_ST_SOW_DAMAGES_AND_MTC_V,WHO_SHOULD_RECEIVE_BILL,STRING
rpt-network-plng,sitetracker_data,LDR_ST_SOW_DAMAGES_AND_MTC_V,WITNESS_COMPANY,STRING
rpt-network-plng,sitetracker_data,LDR_ST_SOW_DAMAGES_AND_MTC_V,WITNESS_NAME,STRING
rpt-network-plng,sitetracker_data,LDR_ST_SOW_DAMAGES_AND_MTC_V,WITNESS_PHONE_NUMBER,STRING
rpt-network-plng,sitetracker_data,LDR_ST_SOW_DAMAGES_AND_MTC_V,X3RD_PARTY_INVOICED_DATE,TIMESTAMP
rpt-network-plng,sitetracker_data,LDR_ST_SOW_DAMAGES_AND_MTC_V,XRD_PARTY_FEES,NUMERIC
rpt-network-plng,sitetracker_data,LDR_ST_SOW_DAMAGES_AND_MTC_V,DAMAGE_CLAIMS_NUMBER_AUTO,STRING
rpt-network-plng,sitetracker_data,LDR_ST_SOW_DAMAGES_AND_MTC_V,META_LOAD_DATE,DATE
rpt-network-plng,sitetracker_data,ST_SOW_FIBER_DESIGN_SVCS_T,ST_PROJECT_ID,STRING
rpt-network-plng,sitetracker_data,ST_SOW_FIBER_DESIGN_SVCS_T,ST_INTERNAL_PROJECT_ID,STRING
rpt-network-plng,sitetracker_data,ST_SOW_FIBER_DESIGN_SVCS_T,PROJECT_TYPE,STRING
rpt-network-plng,sitetracker_data,ST_SOW_FIBER_DESIGN_SVCS_T,AMO_GROOMS_ORDER_ID,STRING
rpt-network-plng,sitetracker_data,ST_SOW_FIBER_DESIGN_SVCS_T,AFFILIATE_ORDER_ID,STRING
rpt-network-plng,sitetracker_data,ST_SOW_FIBER_DESIGN_SVCS_T,ARMOR_ORDER_NUMBER,STRING
rpt-network-plng,sitetracker_data,ST_SOW_FIBER_DESIGN_SVCS_T,ARMOR_STATUS,STRING
rpt-network-plng,sitetracker_data,ST_SOW_FIBER_DESIGN_SVCS_T,ARMOR_TICKET_NUMBER,STRING
rpt-network-plng,sitetracker_data,ST_SOW_FIBER_DESIGN_SVCS_T,BUILDING_PROPERTY_MANAGEMENT_CONTACT,STRING
rpt-network-plng,sitetracker_data,ST_SOW_FIBER_DESIGN_SVCS_T,CKID,STRING
rpt-network-plng,sitetracker_data,ST_SOW_FIBER_DESIGN_SVCS_T,CLLI_PRIMARY_WIRE_CENTER_ID,STRING
rpt-network-plng,sitetracker_data,ST_SOW_FIBER_DESIGN_SVCS_T,CLLI_SITE_LOCATION,STRING
rpt-network-plng,sitetracker_data,ST_SOW_FIBER_DESIGN_SVCS_T,CANCELATION_OF_SERVICE_REQUEST,STRING
rpt-network-plng,sitetracker_data,ST_SOW_FIBER_DESIGN_SVCS_T,CAT_ESTIMATE_ORDER_ID,STRING
rpt-network-plng,sitetracker_data,ST_SOW_FIBER_DESIGN_SVCS_T,CUSTOMER_CARRIER_NAME,STRING
rpt-network-plng,sitetracker_data,ST_SOW_FIBER_DESIGN_SVCS_T,CUSTOMER_CONTACT_INFO,STRING
rpt-network-plng,sitetracker_data,ST_SOW_FIBER_DESIGN_SVCS_T,CUSTOMER_REQUIREMENTS,STRING
rpt-network-plng,sitetracker_data,ST_SOW_FIBER_DESIGN_SVCS_T,END_DATE,TIMESTAMP
rpt-network-plng,sitetracker_data,ST_SOW_FIBER_DESIGN_SVCS_T,EVENT_TICKET_NUMBER,STRING
rpt-network-plng,sitetracker_data,ST_SOW_FIBER_DESIGN_SVCS_T,EVOLUTION_ORDER_ID,STRING
rpt-network-plng,sitetracker_data,ST_SOW_FIBER_DESIGN_SVCS_T,EVOLUTION_TASK_ID,STRING
rpt-network-plng,sitetracker_data,ST_SOW_FIBER_DESIGN_SVCS_T,FUNDING_MRR_MRC,NUMERIC
rpt-network-plng,sitetracker_data,ST_SOW_FIBER_DESIGN_SVCS_T,FUNDING_NRR_NRC,NUMERIC
rpt-network-plng,sitetracker_data,ST_SOW_FIBER_DESIGN_SVCS_T,FUNDING_TERM,NUMERIC
rpt-network-plng,sitetracker_data,ST_SOW_FIBER_DESIGN_SVCS_T,GCR_NUMBER,STRING
rpt-network-plng,sitetracker_data,ST_SOW_FIBER_DESIGN_SVCS_T,GLM_SITE_SURVEY,STRING
rpt-network-plng,sitetracker_data,ST_SOW_FIBER_DESIGN_SVCS_T,MATERIAL_REPLENISHMENT_ORDER_ID,STRING
rpt-network-plng,sitetracker_data,ST_SOW_FIBER_DESIGN_SVCS_T,NCI_CODE,STRING
rpt-network-plng,sitetracker_data,ST_SOW_FIBER_DESIGN_SVCS_T,NC_CODE,STRING
rpt-network-plng,sitetracker_data,ST_SOW_FIBER_DESIGN_SVCS_T,NPR_CREATE_DATE,STRING
rpt-network-plng,sitetracker_data,ST_SOW_FIBER_DESIGN_SVCS_T,NPR_NUMBER,STRING
rpt-network-plng,sitetracker_data,ST_SOW_FIBER_DESIGN_SVCS_T,NETWORK_TYPE,STRING
rpt-network-plng,sitetracker_data,ST_SOW_FIBER_DESIGN_SVCS_T,OTHER_CONTRIBUTORS,STRING
rpt-network-plng,sitetracker_data,ST_SOW_FIBER_DESIGN_SVCS_T,OTHER_ORDER_ID,STRING
rpt-network-plng,sitetracker_data,ST_SOW_FIBER_DESIGN_SVCS_T,OTHER_ORDER_SYSTEM,STRING
rpt-network-plng,sitetracker_data,ST_SOW_FIBER_DESIGN_SVCS_T,OTHER_TASK_ID,STRING
rpt-network-plng,sitetracker_data,ST_SOW_FIBER_DESIGN_SVCS_T,PON_OTHER_COMPANY_ORDER_NUMBER,STRING
rpt-network-plng,sitetracker_data,ST_SOW_FIBER_DESIGN_SVCS_T,PR_REFERENCE_NUMBER,STRING
rpt-network-plng,sitetracker_data,ST_SOW_FIBER_DESIGN_SVCS_T,SEC_NCI_CODE,STRING
rpt-network-plng,sitetracker_data,ST_SOW_FIBER_DESIGN_SVCS_T,SERVICE_REQUEST_CANCELLATION_REASON,STRING
rpt-network-plng,sitetracker_data,ST_SOW_FIBER_DESIGN_SVCS_T,SERVICE_TYPE_SOLUTION,STRING
rpt-network-plng,sitetracker_data,ST_SOW_FIBER_DESIGN_SVCS_T,SITE_ADDRESS,STRING
rpt-network-plng,sitetracker_data,ST_SOW_FIBER_DESIGN_SVCS_T,SITE_READINESS_CUSTOMER_ECD,TIMESTAMP
rpt-network-plng,sitetracker_data,ST_SOW_FIBER_DESIGN_SVCS_T,SPAN_CITY_TO_CITY_OR_METRO_LOOP_NAME,STRING
rpt-network-plng,sitetracker_data,ST_SOW_FIBER_DESIGN_SVCS_T,SPEED_OF_ETHERNET,STRING
rpt-network-plng,sitetracker_data,ST_SOW_FIBER_DESIGN_SVCS_T,STATUS_VALUE,STRING
rpt-network-plng,sitetracker_data,ST_SOW_FIBER_DESIGN_SVCS_T,TECHNICAL_CONTACT_NAME_AND_NUMBER,STRING
rpt-network-plng,sitetracker_data,ST_SOW_FIBER_DESIGN_SVCS_T,WFMT_ORDER_ID,STRING
rpt-network-plng,sitetracker_data,ST_SOW_FIBER_DESIGN_SVCS_T,WHO_WILL_PROVIDE_BUILDING_EXTENSION,STRING
rpt-network-plng,sitetracker_data,ST_SOW_FIBER_DESIGN_SVCS_T,WHO_WILL_PROVIDE_ENTRANCE_FACILITY,STRING
rpt-network-plng,sitetracker_data,ST_SOW_FIBER_DESIGN_SVCS_T,WHO_WILL_PROVIDE_SPACE_POWER,STRING
rpt-network-plng,sitetracker_data,ST_SOW_FIBER_DESIGN_SVCS_T,WILL_THERE_BE_RIGHT_OF_WAY_FEES,STRING
rpt-network-plng,sitetracker_data,ST_SOW_FIBER_DESIGN_SVCS_T,WIRE_CENTER_NPA_NXX,STRING
rpt-network-plng,sitetracker_data,ST_SOW_FIBER_DESIGN_SVCS_T,ZIP,STRING
rpt-network-plng,sitetracker_data,ST_SOW_FIBER_DESIGN_SVCS_T,META_LOAD_DATE,DATE
rpt-network-plng,sitetracker_data,ST_ACTIVITY_ALL_ACTIVE_REWORKS_V,ID_ACTIVITY_TABLE,STRING
rpt-network-plng,sitetracker_data,ST_ACTIVITY_ALL_ACTIVE_REWORKS_V,ISDELETED,NUMERIC
rpt-network-plng,sitetracker_data,ST_ACTIVITY_ALL_ACTIVE_REWORKS_V,NAME_ACTIVITY,STRING
rpt-network-plng,sitetracker_data,ST_ACTIVITY_ALL_ACTIVE_REWORKS_V,CREATEDDATE,DATE
rpt-network-plng,sitetracker_data,ST_ACTIVITY_ALL_ACTIVE_REWORKS_V,CREATEDBYID,STRING
rpt-network-plng,sitetracker_data,ST_ACTIVITY_ALL_ACTIVE_REWORKS_V,CREATED_BY,STRING
rpt-network-plng,sitetracker_data,ST_ACTIVITY_ALL_ACTIVE_REWORKS_V,LASTMODIFIEDDATE,DATE
rpt-network-plng,sitetracker_data,ST_ACTIVITY_ALL_ACTIVE_REWORKS_V,LASTMODIFIEDBYID,STRING
rpt-network-plng,sitetracker_data,ST_ACTIVITY_ALL_ACTIVE_REWORKS_V,LASTMODIFIEDBY,STRING
rpt-network-plng,sitetracker_data,ST_ACTIVITY_ALL_ACTIVE_REWORKS_V,SYSTEMMODSTAMP,DATE
rpt-network-plng,sitetracker_data,ST_ACTIVITY_ALL_ACTIVE_REWORKS_V,LASTACTIVITYDATE,DATE
rpt-network-plng,sitetracker_data,ST_ACTIVITY_ALL_ACTIVE_REWORKS_V,LASTVIEWEDDATE,DATE
rpt-network-plng,sitetracker_data,ST_ACTIVITY_ALL_ACTIVE_REWORKS_V,LASTREFERENCEDDATE,DATE
rpt-network-plng,sitetracker_data,ST_ACTIVITY_ALL_ACTIVE_REWORKS_V,CONNECTIONRECEIVEDID,STRING
rpt-network-plng,sitetracker_data,ST_ACTIVITY_ALL_ACTIVE_REWORKS_V,CONNECTIONSENTID,STRING
rpt-network-plng,sitetracker_data,ST_ACTIVITY_ALL_ACTIVE_REWORKS_V,SITETRACKER__PROJECT,STRING
rpt-network-plng,sitetracker_data,ST_ACTIVITY_ALL_ACTIVE_REWORKS_V,ST_PROJECT_ID,STRING
rpt-network-plng,sitetracker_data,ST_ACTIVITY_ALL_ACTIVE_REWORKS_V,PROJECT_TYPE,STRING
rpt-network-plng,sitetracker_data,ST_ACTIVITY_ALL_ACTIVE_REWORKS_V,GPON_FXP_SITE_PROJECT_TYPE,STRING
rpt-network-plng,sitetracker_data,ST_ACTIVITY_ALL_ACTIVE_REWORKS_V,SITETRACKER__ACTION_VERB,STRING
rpt-network-plng,sitetracker_data,ST_ACTIVITY_ALL_ACTIVE_REWORKS_V,SITETRACKER__ACTIVE,NUMERIC
rpt-network-plng,sitetracker_data,ST_ACTIVITY_ALL_ACTIVE_REWORKS_V,SITETRACKER__ACTIVITYOWNER,STRING
rpt-network-plng,sitetracker_data,ST_ACTIVITY_ALL_ACTIVE_REWORKS_V,ACTIVITY_OWNER,STRING
rpt-network-plng,sitetracker_data,ST_ACTIVITY_ALL_ACTIVE_REWORKS_V,SITETRACKER__ACTIVITY_ACTIVE_D,DATE
rpt-network-plng,sitetracker_data,ST_ACTIVITY_ALL_ACTIVE_REWORKS_V,SITETRACKER__ACTIVITY_ACTIVITY,NUMERIC
rpt-network-plng,sitetracker_data,ST_ACTIVITY_ALL_ACTIVE_REWORKS_V,SITETRACKER__ACTIVITY_CATEGORY,STRING
rpt-network-plng,sitetracker_data,ST_ACTIVITY_ALL_ACTIVE_REWORKS_V,SITETRACKER__ACTIVITY_OWNER_OV,NUMERIC
rpt-network-plng,sitetracker_data,ST_ACTIVITY_ALL_ACTIVE_REWORKS_V,SITETRACKER__ACTIVITY_OWNER_RE,STRING
rpt-network-plng,sitetracker_data,ST_ACTIVITY_ALL_ACTIVE_REWORKS_V,SITETRACKER__ACTIVITY_OWNER,STRING
rpt-network-plng,sitetracker_data,ST_ACTIVITY_ALL_ACTIVE_REWORKS_V,SITETRACKER__ACTIVITY_SEARCH__,STRING
rpt-network-plng,sitetracker_data,ST_ACTIVITY_ALL_ACTIVE_REWORKS_V,SITETRACKER__ACTIVITY_SECTION_,STRING
rpt-network-plng,sitetracker_data,ST_ACTIVITY_ALL_ACTIVE_REWORKS_V,SITETRACKER__ACTIVITY_STATUS__,STRING
rpt-network-plng,sitetracker_data,ST_ACTIVITY_ALL_ACTIVE_REWORKS_V,SITETRACKER__ACTIVITY_TEMPLATE,STRING
rpt-network-plng,sitetracker_data,ST_ACTIVITY_ALL_ACTIVE_REWORKS_V,SITETRACKER__ACTIVITY_TYPE,STRING
rpt-network-plng,sitetracker_data,ST_ACTIVITY_ALL_ACTIVE_REWORKS_V,SITETRACKER__ACTUALDATE,DATE
rpt-network-plng,sitetracker_data,ST_ACTIVITY_ALL_ACTIVE_REWORKS_V,SITETRACKER__ACTUAL_MILESTONE_,STRING
rpt-network-plng,sitetracker_data,ST_ACTIVITY_ALL_ACTIVE_REWORKS_V,SITETRACKER__APPROVED,NUMERIC
rpt-network-plng,sitetracker_data,ST_ACTIVITY_ALL_ACTIVE_REWORKS_V,SITETRACKER__APPROVER,STRING
rpt-network-plng,sitetracker_data,ST_ACTIVITY_ALL_ACTIVE_REWORKS_V,SITETRACKER__ATTACHMENT_COUNT_,NUMERIC
rpt-network-plng,sitetracker_data,ST_ACTIVITY_ALL_ACTIVE_REWORKS_V,SITETRACKER__BASELINE_DATE,DATE
rpt-network-plng,sitetracker_data,ST_ACTIVITY_ALL_ACTIVE_REWORKS_V,SITETRACKER__BASELINE_TO_ACTUA,NUMERIC
rpt-network-plng,sitetracker_data,ST_ACTIVITY_ALL_ACTIVE_REWORKS_V,SITETRACKERHECKLIST,STRING
rpt-network-plng,sitetracker_data,ST_ACTIVITY_ALL_ACTIVE_REWORKS_V,SITETRACKEROMMENTS_HISTORY_,INT64
rpt-network-plng,sitetracker_data,ST_ACTIVITY_ALL_ACTIVE_REWORKS_V,SITETRACKEROMMENTS,INT64
rpt-network-plng,sitetracker_data,ST_ACTIVITY_ALL_ACTIVE_REWORKS_V,SITETRACKEROMPLETE,NUMERIC
rpt-network-plng,sitetracker_data,ST_ACTIVITY_ALL_ACTIVE_REWORKS_V,SITETRACKEROMPLETED_PREDECE,STRING
rpt-network-plng,sitetracker_data,ST_ACTIVITY_ALL_ACTIVE_REWORKS_V,SITETRACKERRITICAL,STRING
rpt-network-plng,sitetracker_data,ST_ACTIVITY_ALL_ACTIVE_REWORKS_V,SITETRACKER__DURATION_OVERRIDE,NUMERIC
rpt-network-plng,sitetracker_data,ST_ACTIVITY_ALL_ACTIVE_REWORKS_V,SITETRACKER__DURATION,NUMERIC
rpt-network-plng,sitetracker_data,ST_ACTIVITY_ALL_ACTIVE_REWORKS_V,SITETRACKER__FINANCIAL,STRING
rpt-network-plng,sitetracker_data,ST_ACTIVITY_ALL_ACTIVE_REWORKS_V,SITETRACKER__FORECAST_ACTUAL_F,STRING
rpt-network-plng,sitetracker_data,ST_ACTIVITY_ALL_ACTIVE_REWORKS_V,SITETRACKER__FORECAST_ACTUAL__,DATE
rpt-network-plng,sitetracker_data,ST_ACTIVITY_ALL_ACTIVE_REWORKS_V,SITETRACKER__FORECAST_DATE_BLA,NUMERIC
rpt-network-plng,sitetracker_data,ST_ACTIVITY_ALL_ACTIVE_REWORKS_V,SITETRACKER__FORECAST_DATE_CHA,NUMERIC
rpt-network-plng,sitetracker_data,ST_ACTIVITY_ALL_ACTIVE_REWORKS_V,SITETRACKER__FORECAST_DATE_FIL,NUMERIC
rpt-network-plng,sitetracker_data,ST_ACTIVITY_ALL_ACTIVE_REWORKS_V,SITETRACKER__FORECAST_DATE_PUL,NUMERIC
rpt-network-plng,sitetracker_data,ST_ACTIVITY_ALL_ACTIVE_REWORKS_V,SITETRACKER__FORECAST_DATE_PUS,NUMERIC
rpt-network-plng,sitetracker_data,ST_ACTIVITY_ALL_ACTIVE_REWORKS_V,SITETRACKER__FORECAST_DATE,DATE
rpt-network-plng,sitetracker_data,ST_ACTIVITY_ALL_ACTIVE_REWORKS_V,SITETRACKER__FORECAST_MILESTON,STRING
rpt-network-plng,sitetracker_data,ST_ACTIVITY_ALL_ACTIVE_REWORKS_V,SITETRACKER__FORECAST_TO_ACTUA,NUMERIC
rpt-network-plng,sitetracker_data,ST_ACTIVITY_ALL_ACTIVE_REWORKS_V,SITETRACKER__FORM_COMPLETE,NUMERIC
rpt-network-plng,sitetracker_data,ST_ACTIVITY_ALL_ACTIVE_REWORKS_V,SITETRACKER__FORMATTED_ACTUAL_,STRING
rpt-network-plng,sitetracker_data,ST_ACTIVITY_ALL_ACTIVE_REWORKS_V,SITETRACKER__FORMATTED_FORECAS,STRING
rpt-network-plng,sitetracker_data,ST_ACTIVITY_ALL_ACTIVE_REWORKS_V,SITETRACKER__JOB,STRING
rpt-network-plng,sitetracker_data,ST_ACTIVITY_ALL_ACTIVE_REWORKS_V,SITETRACKER__LATE_ENTRY_DAYS__,NUMERIC
rpt-network-plng,sitetracker_data,ST_ACTIVITY_ALL_ACTIVE_REWORKS_V,SITETRACKER__LOCK,NUMERIC
rpt-network-plng,sitetracker_data,ST_ACTIVITY_ALL_ACTIVE_REWORKS_V,SITETRACKER__MILESTONE_ACTUAL_,STRING
rpt-network-plng,sitetracker_data,ST_ACTIVITY_ALL_ACTIVE_REWORKS_V,SITETRACKER__MILESTONE_FORECAS,STRING
rpt-network-plng,sitetracker_data,ST_ACTIVITY_ALL_ACTIVE_REWORKS_V,SITETRACKER__MILESTONE_OBJECT_,STRING
rpt-network-plng,sitetracker_data,ST_ACTIVITY_ALL_ACTIVE_REWORKS_V,SITETRACKER__MILESTONE,STRING
rpt-network-plng,sitetracker_data,ST_ACTIVITY_ALL_ACTIVE_REWORKS_V,SITETRACKER__MY_ACTIVITY,NUMERIC
rpt-network-plng,sitetracker_data,ST_ACTIVITY_ALL_ACTIVE_REWORKS_V,SITETRACKER__NA_DATE,DATE
rpt-network-plng,sitetracker_data,ST_ACTIVITY_ALL_ACTIVE_REWORKS_V,SITETRACKER__NA_REASON,STRING
rpt-network-plng,sitetracker_data,ST_ACTIVITY_ALL_ACTIVE_REWORKS_V,SITETRACKER__NA,NUMERIC
rpt-network-plng,sitetracker_data,ST_ACTIVITY_ALL_ACTIVE_REWORKS_V,SITETRACKER__NO_ACTIVITY_TEMPL,NUMERIC
rpt-network-plng,sitetracker_data,ST_ACTIVITY_ALL_ACTIVE_REWORKS_V,SITETRACKER__NUMBER_OF_COMPLET,NUMERIC
rpt-network-plng,sitetracker_data,ST_ACTIVITY_ALL_ACTIVE_REWORKS_V,SITETRACKER__NUMBER_OF_PREDECE,NUMERIC
rpt-network-plng,sitetracker_data,ST_ACTIVITY_ALL_ACTIVE_REWORKS_V,SITETRACKER__OPTIONAL,NUMERIC
rpt-network-plng,sitetracker_data,ST_ACTIVITY_ALL_ACTIVE_REWORKS_V,SITETRACKER__ORDER,NUMERIC
rpt-network-plng,sitetracker_data,ST_ACTIVITY_ALL_ACTIVE_REWORKS_V,SITETRACKER__OVERDUE,NUMERIC
rpt-network-plng,sitetracker_data,ST_ACTIVITY_ALL_ACTIVE_REWORKS_V,SITETRACKER__PREDECESSORS_COMP,DATE
rpt-network-plng,sitetracker_data,ST_ACTIVITY_ALL_ACTIVE_REWORKS_V,SITETRACKER__PREDECESSORS,STRING
rpt-network-plng,sitetracker_data,ST_ACTIVITY_ALL_ACTIVE_REWORKS_V,SITETRACKER__PROJECT_TEMPLATE_,STRING
rpt-network-plng,sitetracker_data,ST_ACTIVITY_ALL_ACTIVE_REWORKS_V,SITETRACKER__REJECTER,STRING
rpt-network-plng,sitetracker_data,ST_ACTIVITY_ALL_ACTIVE_REWORKS_V,SITETRACKER__REWORK_COMMENTS__,STRING
rpt-network-plng,sitetracker_data,ST_ACTIVITY_ALL_ACTIVE_REWORKS_V,SITETRACKER__REWORK_REASON_COD,STRING
rpt-network-plng,sitetracker_data,ST_ACTIVITY_ALL_ACTIVE_REWORKS_V,SITETRACKER__REWORK,NUMERIC
rpt-network-plng,sitetracker_data,ST_ACTIVITY_ALL_ACTIVE_REWORKS_V,SITETRACKER__SEND_EMAIL_ON_ACT,NUMERIC
rpt-network-plng,sitetracker_data,ST_ACTIVITY_ALL_ACTIVE_REWORKS_V,SITETRACKER__WBS_CODE,STRING
rpt-network-plng,sitetracker_data,ST_ACTIVITY_ALL_ACTIVE_REWORKS_V,ACTIVITY,STRING
rpt-network-plng,sitetracker_data,ST_ACTIVITY_ALL_ACTIVE_REWORKS_V,COMPANY_CODE,STRING
rpt-network-plng,sitetracker_data,ST_ACTIVITY_ALL_ACTIVE_REWORKS_V,CRITICAL_ACTIVITY,NUMERIC
rpt-network-plng,sitetracker_data,ST_ACTIVITY_ALL_ACTIVE_REWORKS_V,MY_DIRECT_REPORT_S_ACTIVITY,NUMERIC
rpt-network-plng,sitetracker_data,ST_ACTIVITY_ALL_ACTIVE_REWORKS_V,PROJECT_DESCRIPTION,STRING
rpt-network-plng,sitetracker_data,ST_ACTIVITY_ALL_ACTIVE_REWORKS_V,PROJECT_ID,STRING
rpt-network-plng,sitetracker_data,ST_ACTIVITY_ALL_ACTIVE_REWORKS_V,PROJECT_RECORD_ID,STRING
rpt-network-plng,sitetracker_data,ST_ACTIVITY_ALL_ACTIVE_REWORKS_V,ACTIVE_HOLD,NUMERIC
rpt-network-plng,sitetracker_data,ST_ACTIVITY_ALL_ACTIVE_REWORKS_V,OWNER_OVERRIDE_FORMULA,NUMERIC
rpt-network-plng,sitetracker_data,ST_ACTIVITY_ALL_ACTIVE_REWORKS_V,MY_TEAM_S_ACTIVITY,NUMERIC
rpt-network-plng,sitetracker_data,ST_ACTIVITY_ALL_ACTIVE_REWORKS_V,META_LOAD_DTTM,DATE
rpt-network-plng,sitetracker_data,TMP_ST_DAMAGE_CLAIM_T,ST_PROJECT_ID,STRING
rpt-network-plng,sitetracker_data,TMP_ST_DAMAGE_CLAIM_T,ST_INTERNAL_PROJECT_ID,STRING
rpt-network-plng,sitetracker_data,TMP_ST_DAMAGE_CLAIM_T,ST_PROJECT_TYPE,STRING
rpt-network-plng,sitetracker_data,TMP_ST_DAMAGE_CLAIM_T,ID,STRING
rpt-network-plng,sitetracker_data,TMP_ST_DAMAGE_CLAIM_T,NAME,STRING
rpt-network-plng,sitetracker_data,TMP_ST_DAMAGE_CLAIM_T,PROJECT,STRING
rpt-network-plng,sitetracker_data,TMP_ST_DAMAGE_CLAIM_T,ADDITIONAL_FUNDING_REQUESTED_A,TIMESTAMP
rpt-network-plng,sitetracker_data,TMP_ST_DAMAGE_CLAIM_T,ADDITIONAL_FUNDING_REQUESTED_F,TIMESTAMP
rpt-network-plng,sitetracker_data,TMP_ST_DAMAGE_CLAIM_T,COLLECTION_MANAGER,STRING
rpt-network-plng,sitetracker_data,TMP_ST_DAMAGE_CLAIM_T,COLLECTION_VENDOR_PM_ASSIGNED,STRING
rpt-network-plng,sitetracker_data,TMP_ST_DAMAGE_CLAIM_T,CONTRACTOR_SERVICES_USED,STRING
rpt-network-plng,sitetracker_data,TMP_ST_DAMAGE_CLAIM_T,COST_RECOVERY,STRING
rpt-network-plng,sitetracker_data,TMP_ST_DAMAGE_CLAIM_T,COUNTY,STRING
rpt-network-plng,sitetracker_data,TMP_ST_DAMAGE_CLAIM_T,CR_VENDOR_INVOICED_A,TIMESTAMP
rpt-network-plng,sitetracker_data,TMP_ST_DAMAGE_CLAIM_T,CR_VENDOR_INVOICED_F,TIMESTAMP
rpt-network-plng,sitetracker_data,TMP_ST_DAMAGE_CLAIM_T,CUP_SHEET_RECEIVED_FROM_CONTRACTOR_A,TIMESTAMP
rpt-network-plng,sitetracker_data,TMP_ST_DAMAGE_CLAIM_T,CUP_SHEET_RECEIVED_FROM_CONTRACTOR_F,TIMESTAMP
rpt-network-plng,sitetracker_data,TMP_ST_DAMAGE_CLAIM_T,DAMAGE_DATE_A,TIMESTAMP
rpt-network-plng,sitetracker_data,TMP_ST_DAMAGE_CLAIM_T,DAMAGE_DATE_F,TIMESTAMP
rpt-network-plng,sitetracker_data,TMP_ST_DAMAGE_CLAIM_T,EMERGENCY_RECORD_UPDATES_A,TIMESTAMP
rpt-network-plng,sitetracker_data,TMP_ST_DAMAGE_CLAIM_T,EMERGENCY_RECORD_UPDATES_F,TIMESTAMP
rpt-network-plng,sitetracker_data,TMP_ST_DAMAGE_CLAIM_T,EMERGENCY_VENDOR_INVOICING_A,TIMESTAMP
rpt-network-plng,sitetracker_data,TMP_ST_DAMAGE_CLAIM_T,EMERGENCY_VENDOR_INVOICING_F,TIMESTAMP
rpt-network-plng,sitetracker_data,TMP_ST_DAMAGE_CLAIM_T,ENGINEERING_COMPLETED_A,TIMESTAMP
rpt-network-plng,sitetracker_data,TMP_ST_DAMAGE_CLAIM_T,ENGINEERING_COMPLETED_F,TIMESTAMP
rpt-network-plng,sitetracker_data,TMP_ST_DAMAGE_CLAIM_T,FINANCIAL_PROJECT_CREATION_DEPLOY_A,TIMESTAMP
rpt-network-plng,sitetracker_data,TMP_ST_DAMAGE_CLAIM_T,FINANCIAL_PROJECT_CREATION_DEPLOY_F,TIMESTAMP
rpt-network-plng,sitetracker_data,TMP_ST_DAMAGE_CLAIM_T,FUNDING_APPROVED_A,TIMESTAMP
rpt-network-plng,sitetracker_data,TMP_ST_DAMAGE_CLAIM_T,FUNDING_APPROVED_F,TIMESTAMP
rpt-network-plng,sitetracker_data,TMP_ST_DAMAGE_CLAIM_T,FUNDING_REQUESTED_A,TIMESTAMP
rpt-network-plng,sitetracker_data,TMP_ST_DAMAGE_CLAIM_T,FUNDING_REQUESTED_F,TIMESTAMP
rpt-network-plng,sitetracker_data,TMP_ST_DAMAGE_CLAIM_T,IS_COST_RECOVERY_INVOLVEMENT_REQ_A,STRING
rpt-network-plng,sitetracker_data,TMP_ST_DAMAGE_CLAIM_T,IS_THE_EMERGENCY_REPAIR_A_PERM,STRING
rpt-network-plng,sitetracker_data,TMP_ST_DAMAGE_CLAIM_T,IS_THIS_NATURAL_DISASTER_RELATED,STRING
rpt-network-plng,sitetracker_data,TMP_ST_DAMAGE_CLAIM_T,NATURAL_DISASTER_NAME,STRING
rpt-network-plng,sitetracker_data,TMP_ST_DAMAGE_CLAIM_T,PERMANENT_REPAIR_NEEDED,STRING
rpt-network-plng,sitetracker_data,TMP_ST_DAMAGE_CLAIM_T,POSTBILL,STRING
rpt-network-plng,sitetracker_data,TMP_ST_DAMAGE_CLAIM_T,PREBILL,STRING
rpt-network-plng,sitetracker_data,TMP_ST_DAMAGE_CLAIM_T,PREBILL_MANAGER,STRING
rpt-network-plng,sitetracker_data,TMP_ST_DAMAGE_CLAIM_T,ROW_OWNER,STRING
rpt-network-plng,sitetracker_data,TMP_ST_DAMAGE_CLAIM_T,STB_FINANCIALLY_ACTIONABLE_A,TIMESTAMP
rpt-network-plng,sitetracker_data,TMP_ST_DAMAGE_CLAIM_T,STB_FINANCIALLY_ACTIONABLE_F,TIMESTAMP
rpt-network-plng,sitetracker_data,TMP_ST_DAMAGE_CLAIM_T,META_LOAD_DATE,DATE
rpt-network-plng,sitetracker_data,LDR_ST_DAMAGE_CLAIM_V,ST_PROJECT_ID,STRING
rpt-network-plng,sitetracker_data,LDR_ST_DAMAGE_CLAIM_V,ST_INTERNAL_PROJECT_ID,STRING
rpt-network-plng,sitetracker_data,LDR_ST_DAMAGE_CLAIM_V,ST_PROJECT_TYPE,STRING
rpt-network-plng,sitetracker_data,LDR_ST_DAMAGE_CLAIM_V,ID,STRING
rpt-network-plng,sitetracker_data,LDR_ST_DAMAGE_CLAIM_V,NAME,STRING
rpt-network-plng,sitetracker_data,LDR_ST_DAMAGE_CLAIM_V,PROJECT,STRING
rpt-network-plng,sitetracker_data,LDR_ST_DAMAGE_CLAIM_V,ADDITIONAL_FUNDING_REQUESTED_A,TIMESTAMP
rpt-network-plng,sitetracker_data,LDR_ST_DAMAGE_CLAIM_V,ADDITIONAL_FUNDING_REQUESTED_F,TIMESTAMP
rpt-network-plng,sitetracker_data,LDR_ST_DAMAGE_CLAIM_V,COLLECTION_MANAGER,STRING
rpt-network-plng,sitetracker_data,LDR_ST_DAMAGE_CLAIM_V,COLLECTION_VENDOR_PM_ASSIGNED,STRING
rpt-network-plng,sitetracker_data,LDR_ST_DAMAGE_CLAIM_V,CONTRACTOR_SERVICES_USED,STRING
rpt-network-plng,sitetracker_data,LDR_ST_DAMAGE_CLAIM_V,COST_RECOVERY,STRING
rpt-network-plng,sitetracker_data,LDR_ST_DAMAGE_CLAIM_V,COUNTY,STRING
rpt-network-plng,sitetracker_data,LDR_ST_DAMAGE_CLAIM_V,CR_VENDOR_INVOICED_A,TIMESTAMP
rpt-network-plng,sitetracker_data,LDR_ST_DAMAGE_CLAIM_V,CR_VENDOR_INVOICED_F,TIMESTAMP
rpt-network-plng,sitetracker_data,LDR_ST_DAMAGE_CLAIM_V,CUP_SHEET_RECEIVED_FROM_CONTRACTOR_A,TIMESTAMP
rpt-network-plng,sitetracker_data,LDR_ST_DAMAGE_CLAIM_V,CUP_SHEET_RECEIVED_FROM_CONTRACTOR_F,TIMESTAMP
rpt-network-plng,sitetracker_data,LDR_ST_DAMAGE_CLAIM_V,DAMAGE_DATE_A,TIMESTAMP
rpt-network-plng,sitetracker_data,LDR_ST_DAMAGE_CLAIM_V,DAMAGE_DATE_F,TIMESTAMP
rpt-network-plng,sitetracker_data,LDR_ST_DAMAGE_CLAIM_V,EMERGENCY_RECORD_UPDATES_A,TIMESTAMP
rpt-network-plng,sitetracker_data,LDR_ST_DAMAGE_CLAIM_V,EMERGENCY_RECORD_UPDATES_F,TIMESTAMP
rpt-network-plng,sitetracker_data,LDR_ST_DAMAGE_CLAIM_V,EMERGENCY_VENDOR_INVOICING_A,TIMESTAMP
rpt-network-plng,sitetracker_data,LDR_ST_DAMAGE_CLAIM_V,EMERGENCY_VENDOR_INVOICING_F,TIMESTAMP
rpt-network-plng,sitetracker_data,LDR_ST_DAMAGE_CLAIM_V,ENGINEERING_COMPLETED_A,TIMESTAMP
rpt-network-plng,sitetracker_data,LDR_ST_DAMAGE_CLAIM_V,ENGINEERING_COMPLETED_F,TIMESTAMP
rpt-network-plng,sitetracker_data,LDR_ST_DAMAGE_CLAIM_V,FINANCIAL_PROJECT_CREATION_DEPLOY_A,TIMESTAMP
rpt-network-plng,sitetracker_data,LDR_ST_DAMAGE_CLAIM_V,FINANCIAL_PROJECT_CREATION_DEPLOY_F,TIMESTAMP
rpt-network-plng,sitetracker_data,LDR_ST_DAMAGE_CLAIM_V,FUNDING_APPROVED_A,TIMESTAMP
rpt-network-plng,sitetracker_data,LDR_ST_DAMAGE_CLAIM_V,FUNDING_APPROVED_F,TIMESTAMP
rpt-network-plng,sitetracker_data,LDR_ST_DAMAGE_CLAIM_V,FUNDING_REQUESTED_A,TIMESTAMP
rpt-network-plng,sitetracker_data,LDR_ST_DAMAGE_CLAIM_V,FUNDING_REQUESTED_F,TIMESTAMP
rpt-network-plng,sitetracker_data,LDR_ST_DAMAGE_CLAIM_V,IS_COST_RECOVERY_INVOLVEMENT_REQ_A,STRING
rpt-network-plng,sitetracker_data,LDR_ST_DAMAGE_CLAIM_V,IS_THE_EMERGENCY_REPAIR_A_PERM,STRING
rpt-network-plng,sitetracker_data,LDR_ST_DAMAGE_CLAIM_V,IS_THIS_NATURAL_DISASTER_RELATED,STRING
rpt-network-plng,sitetracker_data,LDR_ST_DAMAGE_CLAIM_V,NATURAL_DISASTER_NAME,STRING
rpt-network-plng,sitetracker_data,LDR_ST_DAMAGE_CLAIM_V,PERMANENT_REPAIR_NEEDED,STRING
rpt-network-plng,sitetracker_data,LDR_ST_DAMAGE_CLAIM_V,POSTBILL,STRING
rpt-network-plng,sitetracker_data,LDR_ST_DAMAGE_CLAIM_V,PREBILL,STRING
rpt-network-plng,sitetracker_data,LDR_ST_DAMAGE_CLAIM_V,PREBILL_MANAGER,STRING
rpt-network-plng,sitetracker_data,LDR_ST_DAMAGE_CLAIM_V,ROW_OWNER,STRING
rpt-network-plng,sitetracker_data,LDR_ST_DAMAGE_CLAIM_V,STB_FINANCIALLY_ACTIONABLE_A,TIMESTAMP
rpt-network-plng,sitetracker_data,LDR_ST_DAMAGE_CLAIM_V,STB_FINANCIALLY_ACTIONABLE_F,TIMESTAMP
rpt-network-plng,sitetracker_data,LDR_ST_DAMAGE_CLAIM_V,META_LOAD_DATE,DATE
rpt-network-plng,sitetracker_data,ST_DAMAGES_V,ST_PROJECT_ID,STRING
rpt-network-plng,sitetracker_data,ST_DAMAGES_V,CLAIMS_JUMPER_NUMBER,STRING
rpt-network-plng,sitetracker_data,ST_DAMAGES_V,NETWORK,STRING
rpt-network-plng,sitetracker_data,ST_DAMAGES_V,EVENT_TICKET_NUMBER,STRING
rpt-network-plng,sitetracker_data,ST_DAMAGES_V,COLLECTION_MANAGER,STRING
rpt-network-plng,sitetracker_data,ST_DAMAGES_V,COLLECTION_VENDOR_PM_ASSIGNED,STRING
rpt-network-plng,sitetracker_data,ST_DAMAGES_V,CONTRACTOR_SERVICES_USED,STRING
rpt-network-plng,sitetracker_data,ST_DAMAGES_V,CR_VENDOR_INVOICED_A,TIMESTAMP
rpt-network-plng,sitetracker_data,ST_DAMAGES_V,CR_VENDOR_INVOICED_F,TIMESTAMP
rpt-network-plng,sitetracker_data,ST_DAMAGES_V,CUP_SHEET_RECEIVED_FROM_CONTRACTOR_A,TIMESTAMP
rpt-network-plng,sitetracker_data,ST_DAMAGES_V,CUP_SHEET_RECEIVED_FROM_CONTRACTOR_F,TIMESTAMP
rpt-network-plng,sitetracker_data,ST_DAMAGES_V,DAMAGE_DATE_A,TIMESTAMP
rpt-network-plng,sitetracker_data,ST_DAMAGES_V,DAMAGE_DATE_F,TIMESTAMP
rpt-network-plng,sitetracker_data,ST_DAMAGES_V,EMERGENCY_RECORD_UPDATES_A,TIMESTAMP
rpt-network-plng,sitetracker_data,ST_DAMAGES_V,EMERGENCY_RECORD_UPDATES_F,TIMESTAMP
rpt-network-plng,sitetracker_data,ST_DAMAGES_V,EMERGENCY_VENDOR_INVOICING_A,TIMESTAMP
rpt-network-plng,sitetracker_data,ST_DAMAGES_V,EMERGENCY_VENDOR_INVOICING_F,TIMESTAMP
rpt-network-plng,sitetracker_data,ST_DAMAGES_V,ENGINEERING_COMPLETED_A,TIMESTAMP
rpt-network-plng,sitetracker_data,ST_DAMAGES_V,ENGINEERING_COMPLETED_F,TIMESTAMP
rpt-network-plng,sitetracker_data,ST_DAMAGES_V,FINANCIAL_PROJECT_CREATION_DEPLOY_A,TIMESTAMP
rpt-network-plng,sitetracker_data,ST_DAMAGES_V,FINANCIAL_PROJECT_CREATION_DEPLOY_F,TIMESTAMP
rpt-network-plng,sitetracker_data,ST_DAMAGES_V,POSTBILL,STRING
rpt-network-plng,sitetracker_data,ST_DAMAGES_V,PREBILL,STRING
rpt-network-plng,sitetracker_data,ST_DAMAGES_V,PREBILL_MANAGER,STRING
rpt-network-plng,sitetracker_data,ST_DAMAGES_V,STB_FINANCIALLY_ACTIONABLE_A,TIMESTAMP
rpt-network-plng,sitetracker_data,ST_DAMAGES_V,STB_FINANCIALLY_ACTIONABLE_F,TIMESTAMP
rpt-network-plng,sitetracker_data,ST_DAMAGES_V,X3RD_PARTY_INVOICED_DATE,TIMESTAMP
rpt-network-plng,sitetracker_data,ST_DAMAGES_V,XRD_PARTY_FEES,NUMERIC
rpt-network-plng,sitetracker_data,ST_DAMAGES_V,ACTIVITY_CAUSING_DAMAGE,STRING
rpt-network-plng,sitetracker_data,ST_DAMAGES_V,ARBITRATION_DATE,TIMESTAMP
rpt-network-plng,sitetracker_data,ST_DAMAGES_V,ARBITRATION_DECISION,STRING
rpt-network-plng,sitetracker_data,ST_DAMAGES_V,ARBITRATION_REQUEST_DATE,TIMESTAMP
rpt-network-plng,sitetracker_data,ST_DAMAGES_V,ASSIGNED_TO,STRING
rpt-network-plng,sitetracker_data,ST_DAMAGES_V,OPS_SRO_NAME,STRING
rpt-network-plng,sitetracker_data,ST_DAMAGES_V,OPS_SROEMAIL,STRING
rpt-network-plng,sitetracker_data,ST_DAMAGES_V,OPS_MRO_NM,STRING
rpt-network-plng,sitetracker_data,ST_DAMAGES_V,OPS_DIR_NM,STRING
rpt-network-plng,sitetracker_data,ST_DAMAGES_V,OPS_VPO_NM,STRING
rpt-network-plng,sitetracker_data,ST_DAMAGES_V,OPS_RGN_NM,STRING
rpt-network-plng,sitetracker_data,ST_DAMAGES_V,ATTORNEY_ASSIGNED,STRING
rpt-network-plng,sitetracker_data,ST_DAMAGES_V,BILL_TO,STRING
rpt-network-plng,sitetracker_data,ST_DAMAGES_V,ALT_BILL_TO_EMAIL,STRING
rpt-network-plng,sitetracker_data,ST_DAMAGES_V,BILL_TO_OTHER,STRING
rpt-network-plng,sitetracker_data,ST_DAMAGES_V,ALT_BILL_TO_PARTY,STRING
rpt-network-plng,sitetracker_data,ST_DAMAGES_V,ALT_BILL_TO_PARTY_ADDRESS,STRING
rpt-network-plng,sitetracker_data,ST_DAMAGES_V,ALT_BILL_TO_PARTY_CITY,STRING
rpt-network-plng,sitetracker_data,ST_DAMAGES_V,ALT_BILL_TO_PARTY_INSURANCE_COMPANY,STRING
rpt-network-plng,sitetracker_data,ST_DAMAGES_V,ALT_BILL_TO_PARTY_PHONE,STRING
rpt-network-plng,sitetracker_data,ST_DAMAGES_V,ALT_BILL_TO_PARTY_STATE,STRING
rpt-network-plng,sitetracker_data,ST_DAMAGES_V,ALT_BILL_TO_PARTY_ZIP,STRING
rpt-network-plng,sitetracker_data,ST_DAMAGES_V,CABLE_FIBER_COUNT_DESCRIPTION_1,STRING
rpt-network-plng,sitetracker_data,ST_DAMAGES_V,CABLE_FIBER_COUNT_DESCRIPTION_2,STRING
rpt-network-plng,sitetracker_data,ST_DAMAGES_V,CABLE_FIBER_COUNT_DESCRIPTION_3,STRING
rpt-network-plng,sitetracker_data,ST_DAMAGES_V,CABLE_FIBER_COUNT_DESCRIPTION_4,STRING
rpt-network-plng,sitetracker_data,ST_DAMAGES_V,CABLE_FIBER_COUNT_DESCRIPTION_5,STRING
rpt-network-plng,sitetracker_data,ST_DAMAGES_V,CLAIM_CLASS_TYPE,STRING
rpt-network-plng,sitetracker_data,ST_DAMAGES_V,CLAIM_STATUS,STRING
rpt-network-plng,sitetracker_data,ST_DAMAGES_V,CLOSE_DATE,TIMESTAMP
rpt-network-plng,sitetracker_data,ST_DAMAGES_V,CLOSED_DATE,TIMESTAMP
rpt-network-plng,sitetracker_data,ST_DAMAGES_V,CMS_CONTRACTOR_COST_FORMULA,NUMERIC
rpt-network-plng,sitetracker_data,ST_DAMAGES_V,CMS_BSW_CUPS_NUMBER_1,STRING
rpt-network-plng,sitetracker_data,ST_DAMAGES_V,CMS_BSW_CUPS_NUMBER_2,STRING
rpt-network-plng,sitetracker_data,ST_DAMAGES_V,CMS_NUM1_CLEAN,STRING
rpt-network-plng,sitetracker_data,ST_DAMAGES_V,CMS_NUM2_CLEAN,STRING
rpt-network-plng,sitetracker_data,ST_DAMAGES_V,CMS_NUM3_CLEAN,STRING
rpt-network-plng,sitetracker_data,ST_DAMAGES_V,CMSBSWCUPS_TOTAL_1,NUMERIC
rpt-network-plng,sitetracker_data,ST_DAMAGES_V,CMSBSWCUPS_TOTAL_2,NUMERIC
rpt-network-plng,sitetracker_data,ST_DAMAGES_V,CUPS_STATUS1,STRING
rpt-network-plng,sitetracker_data,ST_DAMAGES_V,CUPS_STATUS2,STRING
rpt-network-plng,sitetracker_data,ST_DAMAGES_V,CUPS_STATUS3,STRING
rpt-network-plng,sitetracker_data,ST_DAMAGES_V,CMS_CUPS1,NUMERIC
rpt-network-plng,sitetracker_data,ST_DAMAGES_V,CMS_CUPS2,NUMERIC
rpt-network-plng,sitetracker_data,ST_DAMAGES_V,CMS_CUPS3,NUMERIC
rpt-network-plng,sitetracker_data,ST_DAMAGES_V,COLLECTION_COMMISSION,NUMERIC
rpt-network-plng,sitetracker_data,ST_DAMAGES_V,COLLECTION_VENDOR_BILL_SENT,TIMESTAMP
rpt-network-plng,sitetracker_data,ST_DAMAGES_V,COMMISSION_AMOUNT,NUMERIC
rpt-network-plng,sitetracker_data,ST_DAMAGES_V,COMMISSION_OVERRIDE_REASON,STRING
rpt-network-plng,sitetracker_data,ST_DAMAGES_V,COMMISSION_PAID_DATE,TIMESTAMP
rpt-network-plng,sitetracker_data,ST_DAMAGES_V,COMMISSION_PERCENTAGE_CATEGORY,STRING
rpt-network-plng,sitetracker_data,ST_DAMAGES_V,COST_1,NUMERIC
rpt-network-plng,sitetracker_data,ST_DAMAGES_V,COST_2,NUMERIC
rpt-network-plng,sitetracker_data,ST_DAMAGES_V,COST_3,NUMERIC
rpt-network-plng,sitetracker_data,ST_DAMAGES_V,COST_4,NUMERIC
rpt-network-plng,sitetracker_data,ST_DAMAGES_V,COST_5,NUMERIC
rpt-network-plng,sitetracker_data,ST_DAMAGES_V,COST_CENTER,STRING
rpt-network-plng,sitetracker_data,ST_DAMAGES_V,COST_DISPUTE,STRING
rpt-network-plng,sitetracker_data,ST_DAMAGES_V,COST_RECOVERY_MOVED_BACK,NUMERIC
rpt-network-plng,sitetracker_data,ST_DAMAGES_V,COUNT_SIZE_1,NUMERIC
rpt-network-plng,sitetracker_data,ST_DAMAGES_V,COUNT_SIZE_2,NUMERIC
rpt-network-plng,sitetracker_data,ST_DAMAGES_V,COUNT_SIZE_3,NUMERIC
rpt-network-plng,sitetracker_data,ST_DAMAGES_V,COUNT_SIZE_4,NUMERIC
rpt-network-plng,sitetracker_data,ST_DAMAGES_V,COUNT_SIZE_5,NUMERIC
rpt-network-plng,sitetracker_data,ST_DAMAGES_V,DAMAGE_ADDRESS,STRING
rpt-network-plng,sitetracker_data,ST_DAMAGES_V,DAMAGE_CITY,STRING
rpt-network-plng,sitetracker_data,ST_DAMAGES_V,DAMAGE_CLAIMS_NUMBER_AUTO,STRING
rpt-network-plng,sitetracker_data,ST_DAMAGES_V,DAMAGE_COUNTY,STRING
rpt-network-plng,sitetracker_data,ST_DAMAGES_V,DAMAGE_DATE,TIMESTAMP
rpt-network-plng,sitetracker_data,ST_DAMAGES_V,AGING,STRING
rpt-network-plng,sitetracker_data,ST_DAMAGES_V,CURR_STATUS_AGING,STRING
rpt-network-plng,sitetracker_data,ST_DAMAGES_V,CURR_STATUS_AGE,INT64
rpt-network-plng,sitetracker_data,ST_DAMAGES_V,DAMAGE_INVESTIGATION_FEE,NUMERIC
rpt-network-plng,sitetracker_data,ST_DAMAGES_V,DAMAGE_INVESTIGATION_RECEIVED,TIMESTAMP
rpt-network-plng,sitetracker_data,ST_DAMAGES_V,DAMAGE_INVESTIGATION_RESPONSE,STRING
rpt-network-plng,sitetracker_data,ST_DAMAGES_V,DAMAGE_INVESTIGATION_SUB_RESPONSE,STRING
rpt-network-plng,sitetracker_data,ST_DAMAGES_V,DAMAGE_STATE,STRING
rpt-network-plng,sitetracker_data,ST_DAMAGES_V,DAMAGE_STATE_SOL_YEARS,NUMERIC
rpt-network-plng,sitetracker_data,ST_DAMAGES_V,DAMAGER_A_LUMEN_CUSTOMER,STRING
rpt-network-plng,sitetracker_data,ST_DAMAGES_V,DAMAGER_A_MUNI_OR_GOV_ENTITY,STRING
rpt-network-plng,sitetracker_data,ST_DAMAGES_V,DAMAGER_ADDRESS,STRING
rpt-network-plng,sitetracker_data,ST_DAMAGES_V,DAMAGER_CATEGORY,STRING
rpt-network-plng,sitetracker_data,ST_DAMAGES_V,DAMAGER_CATEGORY_OTHER,STRING
rpt-network-plng,sitetracker_data,ST_DAMAGES_V,DAMAGER_CITY,STRING
rpt-network-plng,sitetracker_data,ST_DAMAGES_V,DAMAGER_EMAIL,STRING
rpt-network-plng,sitetracker_data,ST_DAMAGES_V,DAMAGER_INSURANCE_CO,STRING
rpt-network-plng,sitetracker_data,ST_DAMAGES_V,DAMAGER_KNOWN,STRING
rpt-network-plng,sitetracker_data,ST_DAMAGES_V,DAMAGER_NAME,STRING
rpt-network-plng,sitetracker_data,ST_DAMAGES_V,DAMAGER_PHONE,STRING
rpt-network-plng,sitetracker_data,ST_DAMAGES_V,DAMAGER_STATE,STRING
rpt-network-plng,sitetracker_data,ST_DAMAGES_V,DAMAGER_WORKING_FOR_LUMEN,STRING
rpt-network-plng,sitetracker_data,ST_DAMAGES_V,DAMAGER_ZIP,STRING
rpt-network-plng,sitetracker_data,ST_DAMAGES_V,DAMAGING_COMPANY,STRING
rpt-network-plng,sitetracker_data,ST_DAMAGES_V,DATE_PAID,TIMESTAMP
rpt-network-plng,sitetracker_data,ST_DAMAGES_V,DATE_SENT_TO_ATTORNEY,TIMESTAMP
rpt-network-plng,sitetracker_data,ST_DAMAGES_V,DATE_WORK_STARTED_1,TIMESTAMP
rpt-network-plng,sitetracker_data,ST_DAMAGES_V,DATE_WORK_STARTED_2,TIMESTAMP
rpt-network-plng,sitetracker_data,ST_DAMAGES_V,DATE_WORK_STARTED_3,TIMESTAMP
rpt-network-plng,sitetracker_data,ST_DAMAGES_V,DATE_WORK_STARTED_4,TIMESTAMP
rpt-network-plng,sitetracker_data,ST_DAMAGES_V,DATE_WORK_STARTED_5,TIMESTAMP
rpt-network-plng,sitetracker_data,ST_DAMAGES_V,DATE_WORK_STOPPED_1,TIMESTAMP
rpt-network-plng,sitetracker_data,ST_DAMAGES_V,DATE_WORK_STOPPED_2,TIMESTAMP
rpt-network-plng,sitetracker_data,ST_DAMAGES_V,DATE_WORK_STOPPED_3,TIMESTAMP
rpt-network-plng,sitetracker_data,ST_DAMAGES_V,DATE_WORK_STOPPED_4,TIMESTAMP
rpt-network-plng,sitetracker_data,ST_DAMAGES_V,DATE_WORK_STOPPED_5,TIMESTAMP
rpt-network-plng,sitetracker_data,ST_DAMAGES_V,DAYS_IN_STATUS,NUMERIC
rpt-network-plng,sitetracker_data,ST_DAMAGES_V,DCT_NUMBER,STRING
rpt-network-plng,sitetracker_data,ST_DAMAGES_V,DENIAL_WRITE_OFF_REVIEW_DATE,TIMESTAMP
rpt-network-plng,sitetracker_data,ST_DAMAGES_V,DESCRIPTION_OF_EMERGENCY_REPAIR,STRING
rpt-network-plng,sitetracker_data,ST_DAMAGES_V,DIG_TICKET_FOR_LOCATION,STRING
rpt-network-plng,sitetracker_data,ST_DAMAGES_V,DISCOVERY_DATE,TIMESTAMP
rpt-network-plng,sitetracker_data,ST_DAMAGES_V,DISCOVERY_NEEDED,STRING
rpt-network-plng,sitetracker_data,ST_DAMAGES_V,DIVISION,STRING
rpt-network-plng,sitetracker_data,ST_DAMAGES_V,EMPLOYEE_NAME_1,STRING
rpt-network-plng,sitetracker_data,ST_DAMAGES_V,EMPLOYEE_NAME_2,STRING
rpt-network-plng,sitetracker_data,ST_DAMAGES_V,EMPLOYEE_NAME_3,STRING
rpt-network-plng,sitetracker_data,ST_DAMAGES_V,EMPLOYEE_NAME_4,STRING
rpt-network-plng,sitetracker_data,ST_DAMAGES_V,EMPLOYEE_NAME_5,STRING
rpt-network-plng,sitetracker_data,ST_DAMAGES_V,ENTERED_ON_MOBILE_OR_BROWSER,STRING
rpt-network-plng,sitetracker_data,ST_DAMAGES_V,EQUIPMENT_CAUSING_DAMAGE,STRING
rpt-network-plng,sitetracker_data,ST_DAMAGES_V,FACILITY_TYPE_1,STRING
rpt-network-plng,sitetracker_data,ST_DAMAGES_V,FACILITY_TYPE_2,STRING
rpt-network-plng,sitetracker_data,ST_DAMAGES_V,FACILITY_TYPE_3,STRING
rpt-network-plng,sitetracker_data,ST_DAMAGES_V,FACILITY_TYPE_4,STRING
rpt-network-plng,sitetracker_data,ST_DAMAGES_V,FACILITY_TYPE_5,STRING
rpt-network-plng,sitetracker_data,ST_DAMAGES_V,FINANCIAL_DOCUMENTS_ATTACHED,STRING
rpt-network-plng,sitetracker_data,ST_DAMAGES_V,FIREWORKS_ACTUALS,NUMERIC
rpt-network-plng,sitetracker_data,ST_DAMAGES_V,FIREWORKS_ADJUSTMENT,NUMERIC
rpt-network-plng,sitetracker_data,ST_DAMAGES_V,FIREWORKS_BILLED_FORMULA,NUMERIC
rpt-network-plng,sitetracker_data,ST_DAMAGES_V,FLAT_RATE_BILLING,STRING
rpt-network-plng,sitetracker_data,ST_DAMAGES_V,GA_FEE,NUMERIC
rpt-network-plng,sitetracker_data,ST_DAMAGES_V,HOURS_WORKED_1,NUMERIC
rpt-network-plng,sitetracker_data,ST_DAMAGES_V,HOURS_WORKED_2,NUMERIC
rpt-network-plng,sitetracker_data,ST_DAMAGES_V,HOURS_WORKED_3,NUMERIC
rpt-network-plng,sitetracker_data,ST_DAMAGES_V,HOURS_WORKED_4,NUMERIC
rpt-network-plng,sitetracker_data,ST_DAMAGES_V,HOURS_WORKED_5,NUMERIC
rpt-network-plng,sitetracker_data,ST_DAMAGES_V,HOW_DID_DAMAGE_OCCUR,STRING
rpt-network-plng,sitetracker_data,ST_DAMAGES_V,HOW_WAS_DAMAGER_IDENTIFIED,STRING
rpt-network-plng,sitetracker_data,ST_DAMAGES_V,HOW_WAS_THE_REPAIR_COMPLETED,STRING
rpt-network-plng,sitetracker_data,ST_DAMAGES_V,INTERNAL_ATTORNEY_ASSIGNED,STRING
rpt-network-plng,sitetracker_data,ST_DAMAGES_V,INTERNAL_MATERIALS_1,STRING
rpt-network-plng,sitetracker_data,ST_DAMAGES_V,INTERNAL_MATERIALS_2,STRING
rpt-network-plng,sitetracker_data,ST_DAMAGES_V,INTERNAL_MATERIALS_3,STRING
rpt-network-plng,sitetracker_data,ST_DAMAGES_V,INTERNAL_MATERIALS_4,STRING
rpt-network-plng,sitetracker_data,ST_DAMAGES_V,INTERNAL_MATERIALS_5,STRING
rpt-network-plng,sitetracker_data,ST_DAMAGES_V,IS_THIS_A_SERVICE_AFFECTING_DAMAGE,STRING
rpt-network-plng,sitetracker_data,ST_DAMAGES_V,JURISDICTION,STRING
rpt-network-plng,sitetracker_data,ST_DAMAGES_V,LABOR_COST_1,NUMERIC
rpt-network-plng,sitetracker_data,ST_DAMAGES_V,LABOR_COST_2,NUMERIC
rpt-network-plng,sitetracker_data,ST_DAMAGES_V,LABOR_COST_3,NUMERIC
rpt-network-plng,sitetracker_data,ST_DAMAGES_V,LABOR_COST_4,NUMERIC
rpt-network-plng,sitetracker_data,ST_DAMAGES_V,LABOR_COST_5,NUMERIC
rpt-network-plng,sitetracker_data,ST_DAMAGES_V,LABOR_RATE_1,NUMERIC
rpt-network-plng,sitetracker_data,ST_DAMAGES_V,LABOR_RATE_2,NUMERIC
rpt-network-plng,sitetracker_data,ST_DAMAGES_V,LABOR_RATE_3,NUMERIC
rpt-network-plng,sitetracker_data,ST_DAMAGES_V,LABOR_RATE_4,NUMERIC
rpt-network-plng,sitetracker_data,ST_DAMAGES_V,LABOR_RATE_5,NUMERIC
rpt-network-plng,sitetracker_data,ST_DAMAGES_V,LEGACY_COMPANY_1,STRING
rpt-network-plng,sitetracker_data,ST_DAMAGES_V,LEGACY_COMPANY_2,STRING
rpt-network-plng,sitetracker_data,ST_DAMAGES_V,LEGACY_COMPANY_3,STRING
rpt-network-plng,sitetracker_data,ST_DAMAGES_V,LEGACY_COMPANY_4,STRING
rpt-network-plng,sitetracker_data,ST_DAMAGES_V,LEGACY_COMPANY_5,STRING
rpt-network-plng,sitetracker_data,ST_DAMAGES_V,LEGAL_REVIEW_DATE,TIMESTAMP
rpt-network-plng,sitetracker_data,ST_DAMAGES_V,LIABILITY_ACCEPTED,STRING
rpt-network-plng,sitetracker_data,ST_DAMAGES_V,LITIGATION_NOTES,STRING
rpt-network-plng,sitetracker_data,ST_DAMAGES_V,LITIGATION_STATUS,STRING
rpt-network-plng,sitetracker_data,ST_DAMAGES_V,LOCATE_COMPANY,STRING
rpt-network-plng,sitetracker_data,ST_DAMAGES_V,LOCATE_INVESTIGATION_CODE,STRING
rpt-network-plng,sitetracker_data,ST_DAMAGES_V,LOCATE_INVESTIGATION_FEE,NUMERIC
rpt-network-plng,sitetracker_data,ST_DAMAGES_V,LOCATE_TICKET_NUMBER,STRING
rpt-network-plng,sitetracker_data,ST_DAMAGES_V,LOCATOR_NOTICE_SENT,TIMESTAMP
rpt-network-plng,sitetracker_data,ST_DAMAGES_V,LOSS_OF_USE,NUMERIC
rpt-network-plng,sitetracker_data,ST_DAMAGES_V,MATERIAL_TYPE_1,STRING
rpt-network-plng,sitetracker_data,ST_DAMAGES_V,MATERIAL_TYPE_2,STRING
rpt-network-plng,sitetracker_data,ST_DAMAGES_V,MATERIAL_TYPE_3,STRING
rpt-network-plng,sitetracker_data,ST_DAMAGES_V,MATERIAL_TYPE_4,STRING
rpt-network-plng,sitetracker_data,ST_DAMAGES_V,MATERIAL_TYPE_5,STRING
rpt-network-plng,sitetracker_data,ST_DAMAGES_V,MOBILE_CLAIM_NUMBER,STRING
rpt-network-plng,sitetracker_data,ST_DAMAGES_V,MOBILE_CREATE_DATE,TIMESTAMP
rpt-network-plng,sitetracker_data,ST_DAMAGES_V,NEAREST_INTERSECTION,STRING
rpt-network-plng,sitetracker_data,ST_DAMAGES_V,NO_BILL_CLOSURE_CODES,STRING
rpt-network-plng,sitetracker_data,ST_DAMAGES_V,NOTICE_LETTER,STRING
rpt-network-plng,sitetracker_data,ST_DAMAGES_V,NOTICE_LETTER_SENT_DATE,TIMESTAMP
rpt-network-plng,sitetracker_data,ST_DAMAGES_V,OTHERNO_BILL_DESCRIPTION,STRING
rpt-network-plng,sitetracker_data,ST_DAMAGES_V,OUTAGE_CREDITS,NUMERIC
rpt-network-plng,sitetracker_data,ST_DAMAGES_V,OVERRIDE_DAMAGE_INVESTIGATION,NUMERIC
rpt-network-plng,sitetracker_data,ST_DAMAGES_V,OVERRIDE_G_A_FEE,NUMERIC
rpt-network-plng,sitetracker_data,ST_DAMAGES_V,PAID_AMOUNT,NUMERIC
rpt-network-plng,sitetracker_data,ST_DAMAGES_V,PAID_DATE,TIMESTAMP
rpt-network-plng,sitetracker_data,ST_DAMAGES_V,PAYMENT_PLAN,STRING
rpt-network-plng,sitetracker_data,ST_DAMAGES_V,PAYMENT_PLAN_APPROVAL_DATE,TIMESTAMP
rpt-network-plng,sitetracker_data,ST_DAMAGES_V,PAYMENT_PLAN_TERMS,STRING
rpt-network-plng,sitetracker_data,ST_DAMAGES_V,PAYMENT_RELEASE_DOCUMENT_DATE,TIMESTAMP
rpt-network-plng,sitetracker_data,ST_DAMAGES_V,POLICE_REPORT_CALLED_IN,STRING
rpt-network-plng,sitetracker_data,ST_DAMAGES_V,POLICE_REPORT_RECEIVED,TIMESTAMP
rpt-network-plng,sitetracker_data,ST_DAMAGES_V,POLICE_REPORT_REQUESTED,TIMESTAMP
rpt-network-plng,sitetracker_data,ST_DAMAGES_V,PREVENTABLE_CLASS,STRING
rpt-network-plng,sitetracker_data,ST_DAMAGES_V,PREVENTABLE_DATE,TIMESTAMP
rpt-network-plng,sitetracker_data,ST_DAMAGES_V,REBILL_DATE,TIMESTAMP
rpt-network-plng,sitetracker_data,ST_DAMAGES_V,REBILLED_TO,STRING
rpt-network-plng,sitetracker_data,ST_DAMAGES_V,RECOVERED_BY,STRING
rpt-network-plng,sitetracker_data,ST_DAMAGES_V,RECOVERED_NET,NUMERIC
rpt-network-plng,sitetracker_data,ST_DAMAGES_V,REFERRED_TO,STRING
rpt-network-plng,sitetracker_data,ST_DAMAGES_V,REFERRED_TO_DATE,TIMESTAMP
rpt-network-plng,sitetracker_data,ST_DAMAGES_V,REGION,STRING
rpt-network-plng,sitetracker_data,ST_DAMAGES_V,RELATED_FW_OR_CMSCUPS_NUMBER,STRING
rpt-network-plng,sitetracker_data,ST_DAMAGES_V,REPAIR_TICKET_NUMBER,STRING
rpt-network-plng,sitetracker_data,ST_DAMAGES_V,REPORT_NUMBER,STRING
rpt-network-plng,sitetracker_data,ST_DAMAGES_V,REPORT_TYPE_1,STRING
rpt-network-plng,sitetracker_data,ST_DAMAGES_V,REPORT_TYPE_2,STRING
rpt-network-plng,sitetracker_data,ST_DAMAGES_V,REPORT_TYPE_3,STRING
rpt-network-plng,sitetracker_data,ST_DAMAGES_V,REPORT_TYPE_4,STRING
rpt-network-plng,sitetracker_data,ST_DAMAGES_V,REPORT_TYPE_5,STRING
rpt-network-plng,sitetracker_data,ST_DAMAGES_V,ROOT_CAUSE,STRING
rpt-network-plng,sitetracker_data,ST_DAMAGES_V,SETTLED_PAYMENT_IN_PROCESS_DATE,TIMESTAMP
rpt-network-plng,sitetracker_data,ST_DAMAGES_V,SETTLED_AMOUNT,NUMERIC
rpt-network-plng,sitetracker_data,ST_DAMAGES_V,SETTLED_DATE,TIMESTAMP
rpt-network-plng,sitetracker_data,ST_DAMAGES_V,SETTLEMENT_PERCENTAGE,NUMERIC
rpt-network-plng,sitetracker_data,ST_DAMAGES_V,SITETRACKER_LOCATOR,STRING
rpt-network-plng,sitetracker_data,ST_DAMAGES_V,SOL_DATE,TIMESTAMP
rpt-network-plng,sitetracker_data,ST_DAMAGES_V,STATUS_CODE,STRING
rpt-network-plng,sitetracker_data,ST_DAMAGES_V,STATUS_LAST_CHANGED_DATE,TIMESTAMP
rpt-network-plng,sitetracker_data,ST_DAMAGES_V,STB_FINANCIALLY_ACTIONABLE_DATE,TIMESTAMP
rpt-network-plng,sitetracker_data,ST_DAMAGES_V,STB_RETURN_TO_FIELD_DATE,TIMESTAMP
rpt-network-plng,sitetracker_data,ST_DAMAGES_V,STB_RETURN_TO_LOCATOR_DATE,TIMESTAMP
rpt-network-plng,sitetracker_data,ST_DAMAGES_V,SUIT_FILED_DATE,TIMESTAMP
rpt-network-plng,sitetracker_data,ST_DAMAGES_V,TOTAL_LABOR_COST,NUMERIC
rpt-network-plng,sitetracker_data,ST_DAMAGES_V,TOTAL_MATERIAL_COST,NUMERIC
rpt-network-plng,sitetracker_data,ST_DAMAGES_V,VENDOR_INVOICED_DATE,TIMESTAMP
rpt-network-plng,sitetracker_data,ST_DAMAGES_V,WHO_HIRED_DAMAGING_CONTRACTOR,STRING
rpt-network-plng,sitetracker_data,ST_DAMAGES_V,WHO_SHOULD_RECEIVE_BILL,STRING
rpt-network-plng,sitetracker_data,ST_DAMAGES_V,WITNESS_COMPANY,STRING
rpt-network-plng,sitetracker_data,ST_DAMAGES_V,WITNESS_NAME,STRING
rpt-network-plng,sitetracker_data,ST_DAMAGES_V,WITNESS_PHONE_NUMBER,STRING
rpt-network-plng,sitetracker_data,ST_DAMAGES_V,AGENCY_NAME,STRING
rpt-network-plng,sitetracker_data,ST_DAMAGES_V,AS_BUILT_TEAM_NAME,STRING
rpt-network-plng,sitetracker_data,ST_DAMAGES_V,AS_BUILT_TEAM_CUID,STRING
rpt-network-plng,sitetracker_data,ST_DAMAGES_V,CAPITAL_APPROVAL_CODE,STRING
rpt-network-plng,sitetracker_data,ST_DAMAGES_V,CITY,STRING
rpt-network-plng,sitetracker_data,ST_DAMAGES_V,CLOSE_FINANCIAL_TOOL_A,TIMESTAMP
rpt-network-plng,sitetracker_data,ST_DAMAGES_V,CLOSE_FINANCIAL_TOOL_F,TIMESTAMP
rpt-network-plng,sitetracker_data,ST_DAMAGES_V,COMPANY_CODE,STRING
rpt-network-plng,sitetracker_data,ST_DAMAGES_V,COMPLETE_SPLICING_CUTOVER_A,TIMESTAMP
rpt-network-plng,sitetracker_data,ST_DAMAGES_V,COMPLETE_SPLICING_CUTOVER_F,TIMESTAMP
rpt-network-plng,sitetracker_data,ST_DAMAGES_V,CONSTRUCTION_COORDINATOR_CUID,STRING
rpt-network-plng,sitetracker_data,ST_DAMAGES_V,CONSTRUCTION_COORDINATOR_NAME,STRING
rpt-network-plng,sitetracker_data,ST_DAMAGES_V,CREATE_PROJECT_A,TIMESTAMP
rpt-network-plng,sitetracker_data,ST_DAMAGES_V,CREATED_BY_CUID,STRING
rpt-network-plng,sitetracker_data,ST_DAMAGES_V,CREATED_BY_NAME,STRING
rpt-network-plng,sitetracker_data,ST_DAMAGES_V,CURRENT_OPEN_ACTIVITY,STRING
rpt-network-plng,sitetracker_data,ST_DAMAGES_V,DATE_AUDIT_COMPLETED,TIMESTAMP
rpt-network-plng,sitetracker_data,ST_DAMAGES_V,DATE_AUDIT_STARTED,TIMESTAMP
rpt-network-plng,sitetracker_data,ST_DAMAGES_V,EXCHANGE,STRING
rpt-network-plng,sitetracker_data,ST_DAMAGES_V,EXCHANGE_NAME,STRING
rpt-network-plng,sitetracker_data,ST_DAMAGES_V,FW_PROJECT_ID,STRING
rpt-network-plng,sitetracker_data,ST_DAMAGES_V,FW_PROJECT_URL,STRING
rpt-network-plng,sitetracker_data,ST_DAMAGES_V,FW_DATE_CREATED,DATE
rpt-network-plng,sitetracker_data,ST_DAMAGES_V,FW_DATE_RELEASED,DATE
rpt-network-plng,sitetracker_data,ST_DAMAGES_V,FW_DATE_ENG_RELEASED,DATE
rpt-network-plng,sitetracker_data,ST_DAMAGES_V,FW_DATE_TECOD,DATE
rpt-network-plng,sitetracker_data,ST_DAMAGES_V,FW_DATE_CLOSED,DATE
rpt-network-plng,sitetracker_data,ST_DAMAGES_V,FW_STATUS,STRING
rpt-network-plng,sitetracker_data,ST_DAMAGES_V,FW_STATUS_DT,DATE
rpt-network-plng,sitetracker_data,ST_DAMAGES_V,FW_PLAN_AMOUNT,NUMERIC
rpt-network-plng,sitetracker_data,ST_DAMAGES_V,FW_ACTUAL_PTD,NUMERIC
rpt-network-plng,sitetracker_data,ST_DAMAGES_V,FW_ENG_RESPONSIBLE_PERSON,STRING
rpt-network-plng,sitetracker_data,ST_DAMAGES_V,FW_RP_CUID,STRING
rpt-network-plng,sitetracker_data,ST_DAMAGES_V,FW_ENG_CREATE_PERSON,STRING
rpt-network-plng,sitetracker_data,ST_DAMAGES_V,FW_ENG_CONSTR_CORD,STRING
rpt-network-plng,sitetracker_data,ST_DAMAGES_V,ENG_EMP_STATUS,STRING
rpt-network-plng,sitetracker_data,ST_DAMAGES_V,ENG_SRO_NM,STRING
rpt-network-plng,sitetracker_data,ST_DAMAGES_V,ENG_MRO_NM,STRING
rpt-network-plng,sitetracker_data,ST_DAMAGES_V,ENG_DIR_NM,STRING
rpt-network-plng,sitetracker_data,ST_DAMAGES_V,ENG_VPO_NM,STRING
rpt-network-plng,sitetracker_data,ST_DAMAGES_V,ENG_RGN_NM,STRING
rpt-network-plng,sitetracker_data,ST_DAMAGES_V,TOTAL_INVOICED,NUMERIC
rpt-network-plng,sitetracker_data,ST_DAMAGES_V,ACTIONABLE_FLAG,STRING
rpt-network-plng,sitetracker_data,ST_DAMAGES_V,FLAG_FOR_DELETION,NUMERIC
rpt-network-plng,sitetracker_data,ST_DAMAGES_V,INVESTMENT_REASON,STRING
rpt-network-plng,sitetracker_data,ST_DAMAGES_V,MATERIALS_RECEIVED_A,TIMESTAMP
rpt-network-plng,sitetracker_data,ST_DAMAGES_V,MATERIALS_RECEIVED_F,TIMESTAMP
rpt-network-plng,sitetracker_data,ST_DAMAGES_V,ORDER_MATERIALS_A,TIMESTAMP
rpt-network-plng,sitetracker_data,ST_DAMAGES_V,ORDER_MATERIALS_F,TIMESTAMP
rpt-network-plng,sitetracker_data,ST_DAMAGES_V,OSP_ENG_DIRECTOR_NAME,STRING
rpt-network-plng,sitetracker_data,ST_DAMAGES_V,OSP_MANAGER_NAME,STRING
rpt-network-plng,sitetracker_data,ST_DAMAGES_V,PERMITTING_RIGHT_OF_WAY_DEPENDENCIES_A,TIMESTAMP
rpt-network-plng,sitetracker_data,ST_DAMAGES_V,PERMITTING_RIGHT_OF_WAY_DEPENDENCIES_F,TIMESTAMP
rpt-network-plng,sitetracker_data,ST_DAMAGES_V,PLACING_A,TIMESTAMP
rpt-network-plng,sitetracker_data,ST_DAMAGES_V,PLACING_F,TIMESTAMP
rpt-network-plng,sitetracker_data,ST_DAMAGES_V,PRIMARY_WIRE_CENTER_ID,STRING
rpt-network-plng,sitetracker_data,ST_DAMAGES_V,PRIMARY_WIRE_CENTER_NAME,STRING
rpt-network-plng,sitetracker_data,ST_DAMAGES_V,PROGRAM_NAME,STRING
rpt-network-plng,sitetracker_data,ST_DAMAGES_V,PROJECT_AUDIT_COMMENTS,STRING
rpt-network-plng,sitetracker_data,ST_DAMAGES_V,PROJECT_AUDIT_REQUESTED,NUMERIC
rpt-network-plng,sitetracker_data,ST_DAMAGES_V,PROJECT_DESCRIPTION,STRING
rpt-network-plng,sitetracker_data,ST_DAMAGES_V,PROJECT_NAME,STRING
rpt-network-plng,sitetracker_data,ST_DAMAGES_V,PROJECT_STATUS_OVERRIDE,NUMERIC
rpt-network-plng,sitetracker_data,ST_DAMAGES_V,PROJECT_STATUS_OVERRIDE_REASON,STRING
rpt-network-plng,sitetracker_data,ST_DAMAGES_V,RECORD_UPDATES_FINAL_POST_A,TIMESTAMP
rpt-network-plng,sitetracker_data,ST_DAMAGES_V,RECORD_UPDATES_FINAL_POST_F,TIMESTAMP
rpt-network-plng,sitetracker_data,ST_DAMAGES_V,RELEASED_TO_CONSTRUCTION_A,TIMESTAMP
rpt-network-plng,sitetracker_data,ST_DAMAGES_V,RELEASED_TO_CONSTRUCTION_F,TIMESTAMP
rpt-network-plng,sitetracker_data,ST_DAMAGES_V,RESPONSIBLE_PERSON_NAME,STRING
rpt-network-plng,sitetracker_data,ST_DAMAGES_V,SAP_SYSTEM_STATUS,STRING
rpt-network-plng,sitetracker_data,ST_DAMAGES_V,SERVICE_AREA,STRING
rpt-network-plng,sitetracker_data,ST_DAMAGES_V,PROJECT_STATUS,STRING
rpt-network-plng,sitetracker_data,ST_DAMAGES_V,SOW_FORM,STRING
rpt-network-plng,sitetracker_data,ST_DAMAGES_V,ST_PROJECT_URL,STRING
rpt-network-plng,sitetracker_data,ST_DAMAGES_V,PROJECT_TYPE,STRING
rpt-network-plng,sitetracker_data,ST_DAMAGES_V,STATE,STRING
rpt-network-plng,sitetracker_data,ST_DAMAGES_V,SUBMIT_SPLICING_CUTOVER_A,TIMESTAMP
rpt-network-plng,sitetracker_data,ST_DAMAGES_V,SUBMIT_SPLICING_CUTOVER_F,TIMESTAMP
rpt-network-plng,sitetracker_data,ST_DAMAGES_V,TECHNICALLY_COMPLETE_A,TIMESTAMP
rpt-network-plng,sitetracker_data,ST_DAMAGES_V,TECHNICALLY_COMPLETE_F,TIMESTAMP
rpt-network-plng,sitetracker_data,ST_DAMAGES_V,UPLOAD_ASBUILTS_A,TIMESTAMP
rpt-network-plng,sitetracker_data,ST_DAMAGES_V,UPLOAD_ASBUILTS_F,TIMESTAMP
rpt-network-plng,sitetracker_data,ST_DAMAGES_V,VENDOR_CONTRACT_ASSIGNMENT,STRING
rpt-network-plng,sitetracker_data,ST_DAMAGES_V,VERB_CODE_AND_DESCRIPTION,STRING
rpt-network-plng,sitetracker_data,ST_DAMAGES_V,VERIFY_ACTUALS_A,TIMESTAMP
rpt-network-plng,sitetracker_data,ST_DAMAGES_V,VERIFY_ACTUALS_F,TIMESTAMP
rpt-network-plng,sitetracker_data,ST_DAMAGES_V,WRECKING_RESTORAL_A,TIMESTAMP
rpt-network-plng,sitetracker_data,ST_DAMAGES_V,WRECKING_RESTORAL_F,TIMESTAMP
rpt-network-plng,sitetracker_data,ST_DAMAGES_V,FUNDING_REQUEST_RECEIVED_A,TIMESTAMP
rpt-network-plng,sitetracker_data,ST_DAMAGES_V,FUNDING_REQUEST_RECEIVED_F,TIMESTAMP
rpt-network-plng,sitetracker_data,ST_DAMAGES_V,FUNDING_REQUEST_SUBMITTED_A,TIMESTAMP
rpt-network-plng,sitetracker_data,ST_DAMAGES_V,FUNDING_REQUEST_SUBMITTED_F,TIMESTAMP
rpt-network-plng,sitetracker_data,ST_DAMAGES_V,FURTHEST_COMPLETED_ACTIVITY,STRING
rpt-network-plng,sitetracker_data,ST_DAMAGES_V,FINALIZE_ALL_VENDOR_INVOICING_A,TIMESTAMP
rpt-network-plng,sitetracker_data,ST_DAMAGES_V,FINALIZE_ALL_VENDOR_INVOICING_F,TIMESTAMP
rpt-network-plng,sitetracker_data,ST_FXP_PHASE_ELSE_SITE_DAILY_SNAP_T,st_project_id,STRING
rpt-network-plng,sitetracker_data,ST_FXP_PHASE_ELSE_SITE_DAILY_SNAP_T,project_type,STRING
rpt-network-plng,sitetracker_data,ST_FXP_PHASE_ELSE_SITE_DAILY_SNAP_T,region,STRING
rpt-network-plng,sitetracker_data,ST_FXP_PHASE_ELSE_SITE_DAILY_SNAP_T,state,STRING
rpt-network-plng,sitetracker_data,ST_FXP_PHASE_ELSE_SITE_DAILY_SNAP_T,county,STRING
rpt-network-plng,sitetracker_data,ST_FXP_PHASE_ELSE_SITE_DAILY_SNAP_T,city,STRING
rpt-network-plng,sitetracker_data,ST_FXP_PHASE_ELSE_SITE_DAILY_SNAP_T,exchange_name,STRING
rpt-network-plng,sitetracker_data,ST_FXP_PHASE_ELSE_SITE_DAILY_SNAP_T,exchange,STRING
rpt-network-plng,sitetracker_data,ST_FXP_PHASE_ELSE_SITE_DAILY_SNAP_T,company_code,STRING
rpt-network-plng,sitetracker_data,ST_FXP_PHASE_ELSE_SITE_DAILY_SNAP_T,legacy_company,STRING
rpt-network-plng,sitetracker_data,ST_FXP_PHASE_ELSE_SITE_DAILY_SNAP_T,market_cluster,STRING
rpt-network-plng,sitetracker_data,ST_FXP_PHASE_ELSE_SITE_DAILY_SNAP_T,primary_wire_center_id,STRING
rpt-network-plng,sitetracker_data,ST_FXP_PHASE_ELSE_SITE_DAILY_SNAP_T,primary_wire_center_name,STRING
rpt-network-plng,sitetracker_data,ST_FXP_PHASE_ELSE_SITE_DAILY_SNAP_T,fw_project_id,STRING
rpt-network-plng,sitetracker_data,ST_FXP_PHASE_ELSE_SITE_DAILY_SNAP_T,site_osp_engineer_name,STRING
rpt-network-plng,sitetracker_data,ST_FXP_PHASE_ELSE_SITE_DAILY_SNAP_T,site_osp_engineer_cuid,STRING
rpt-network-plng,sitetracker_data,ST_FXP_PHASE_ELSE_SITE_DAILY_SNAP_T,phase_osp_engineer_name,STRING
rpt-network-plng,sitetracker_data,ST_FXP_PHASE_ELSE_SITE_DAILY_SNAP_T,phase_osp_engineer_cuid,STRING
rpt-network-plng,sitetracker_data,ST_FXP_PHASE_ELSE_SITE_DAILY_SNAP_T,site_construction_coordinator_name,STRING
rpt-network-plng,sitetracker_data,ST_FXP_PHASE_ELSE_SITE_DAILY_SNAP_T,site_construction_coordinator_cuid,STRING
rpt-network-plng,sitetracker_data,ST_FXP_PHASE_ELSE_SITE_DAILY_SNAP_T,phase_construction_coordinator_name,STRING
rpt-network-plng,sitetracker_data,ST_FXP_PHASE_ELSE_SITE_DAILY_SNAP_T,phase_construction_coordinator_cuid,STRING
rpt-network-plng,sitetracker_data,ST_FXP_PHASE_ELSE_SITE_DAILY_SNAP_T,site_gpon_pm_name,STRING
rpt-network-plng,sitetracker_data,ST_FXP_PHASE_ELSE_SITE_DAILY_SNAP_T,site_gpon_pm_cuid,STRING
rpt-network-plng,sitetracker_data,ST_FXP_PHASE_ELSE_SITE_DAILY_SNAP_T,phase_gpon_pm_name,STRING
rpt-network-plng,sitetracker_data,ST_FXP_PHASE_ELSE_SITE_DAILY_SNAP_T,phase_gpon_pm_cuid,STRING
rpt-network-plng,sitetracker_data,ST_FXP_PHASE_ELSE_SITE_DAILY_SNAP_T,site_implementation_pm_name,STRING
rpt-network-plng,sitetracker_data,ST_FXP_PHASE_ELSE_SITE_DAILY_SNAP_T,site_implementation_pm_cuid,STRING
rpt-network-plng,sitetracker_data,ST_FXP_PHASE_ELSE_SITE_DAILY_SNAP_T,phase_implementation_pm_name,STRING
rpt-network-plng,sitetracker_data,ST_FXP_PHASE_ELSE_SITE_DAILY_SNAP_T,phase_implementation_pm_cuid,STRING
rpt-network-plng,sitetracker_data,ST_FXP_PHASE_ELSE_SITE_DAILY_SNAP_T,site_marketing_pm_name,STRING
rpt-network-plng,sitetracker_data,ST_FXP_PHASE_ELSE_SITE_DAILY_SNAP_T,site_marketing_pm_cuid,STRING
rpt-network-plng,sitetracker_data,ST_FXP_PHASE_ELSE_SITE_DAILY_SNAP_T,phase_marketing_pm_name,STRING
rpt-network-plng,sitetracker_data,ST_FXP_PHASE_ELSE_SITE_DAILY_SNAP_T,phase_marketing_pm_cuid,STRING
rpt-network-plng,sitetracker_data,ST_FXP_PHASE_ELSE_SITE_DAILY_SNAP_T,site_osp_eng_director_name,STRING
rpt-network-plng,sitetracker_data,ST_FXP_PHASE_ELSE_SITE_DAILY_SNAP_T,site_osp_eng_director_cuid,STRING
rpt-network-plng,sitetracker_data,ST_FXP_PHASE_ELSE_SITE_DAILY_SNAP_T,phase_osp_eng_director_name,STRING
rpt-network-plng,sitetracker_data,ST_FXP_PHASE_ELSE_SITE_DAILY_SNAP_T,phase_osp_eng_director_cuid,STRING
rpt-network-plng,sitetracker_data,ST_FXP_PHASE_ELSE_SITE_DAILY_SNAP_T,site_osp_manager_name,STRING
rpt-network-plng,sitetracker_data,ST_FXP_PHASE_ELSE_SITE_DAILY_SNAP_T,site_osp_manager_cuid,STRING
rpt-network-plng,sitetracker_data,ST_FXP_PHASE_ELSE_SITE_DAILY_SNAP_T,phase_osp_manager_name,STRING
rpt-network-plng,sitetracker_data,ST_FXP_PHASE_ELSE_SITE_DAILY_SNAP_T,phase_osp_manager_cuid,STRING
rpt-network-plng,sitetracker_data,ST_FXP_PHASE_ELSE_SITE_DAILY_SNAP_T,site_planner_name,STRING
rpt-network-plng,sitetracker_data,ST_FXP_PHASE_ELSE_SITE_DAILY_SNAP_T,site_planner_cuid,STRING
rpt-network-plng,sitetracker_data,ST_FXP_PHASE_ELSE_SITE_DAILY_SNAP_T,phase_planner_name,STRING
rpt-network-plng,sitetracker_data,ST_FXP_PHASE_ELSE_SITE_DAILY_SNAP_T,phase_planner_cuid,STRING
rpt-network-plng,sitetracker_data,ST_FXP_PHASE_ELSE_SITE_DAILY_SNAP_T,site_planning_manager_name,STRING
rpt-network-plng,sitetracker_data,ST_FXP_PHASE_ELSE_SITE_DAILY_SNAP_T,site_planning_manager_cuid,STRING
rpt-network-plng,sitetracker_data,ST_FXP_PHASE_ELSE_SITE_DAILY_SNAP_T,phase_planning_manager_name,STRING
rpt-network-plng,sitetracker_data,ST_FXP_PHASE_ELSE_SITE_DAILY_SNAP_T,phase_planning_manager_cuid,STRING
rpt-network-plng,sitetracker_data,ST_FXP_PHASE_ELSE_SITE_DAILY_SNAP_T,site_responsible_person_name,STRING
rpt-network-plng,sitetracker_data,ST_FXP_PHASE_ELSE_SITE_DAILY_SNAP_T,site_responsible_person_cuid,STRING
rpt-network-plng,sitetracker_data,ST_FXP_PHASE_ELSE_SITE_DAILY_SNAP_T,phase_responsible_person_name,STRING
rpt-network-plng,sitetracker_data,ST_FXP_PHASE_ELSE_SITE_DAILY_SNAP_T,phase_responsible_person_cuid,STRING
rpt-network-plng,sitetracker_data,ST_FXP_PHASE_ELSE_SITE_DAILY_SNAP_T,site_sales_engineer_name,STRING
rpt-network-plng,sitetracker_data,ST_FXP_PHASE_ELSE_SITE_DAILY_SNAP_T,site_sales_engineer_cuid,STRING
rpt-network-plng,sitetracker_data,ST_FXP_PHASE_ELSE_SITE_DAILY_SNAP_T,phase_sales_engineer_name,STRING
rpt-network-plng,sitetracker_data,ST_FXP_PHASE_ELSE_SITE_DAILY_SNAP_T,phase_sales_engineer_cuid,STRING
rpt-network-plng,sitetracker_data,ST_FXP_PHASE_ELSE_SITE_DAILY_SNAP_T,site_splicing_supervisor_name,STRING
rpt-network-plng,sitetracker_data,ST_FXP_PHASE_ELSE_SITE_DAILY_SNAP_T,site_splicing_supervisor_cuid,STRING
rpt-network-plng,sitetracker_data,ST_FXP_PHASE_ELSE_SITE_DAILY_SNAP_T,phase_splicing_supervisor_name,STRING
rpt-network-plng,sitetracker_data,ST_FXP_PHASE_ELSE_SITE_DAILY_SNAP_T,phase_splicing_supervisor_cuid,STRING
rpt-network-plng,sitetracker_data,ST_FXP_PHASE_ELSE_SITE_DAILY_SNAP_T,site_last_modified_by_name,STRING
rpt-network-plng,sitetracker_data,ST_FXP_PHASE_ELSE_SITE_DAILY_SNAP_T,site_last_modified_by_cuid,STRING
rpt-network-plng,sitetracker_data,ST_FXP_PHASE_ELSE_SITE_DAILY_SNAP_T,phase_last_modified_by_name,STRING
rpt-network-plng,sitetracker_data,ST_FXP_PHASE_ELSE_SITE_DAILY_SNAP_T,phase_last_modified_by_cuid,STRING
rpt-network-plng,sitetracker_data,ST_FXP_PHASE_ELSE_SITE_DAILY_SNAP_T,site_sl_name,STRING
rpt-network-plng,sitetracker_data,ST_FXP_PHASE_ELSE_SITE_DAILY_SNAP_T,site_sl_cuid,STRING
rpt-network-plng,sitetracker_data,ST_FXP_PHASE_ELSE_SITE_DAILY_SNAP_T,phase_sl_name,STRING
rpt-network-plng,sitetracker_data,ST_FXP_PHASE_ELSE_SITE_DAILY_SNAP_T,phase_sl_cuid,STRING
rpt-network-plng,sitetracker_data,ST_FXP_PHASE_ELSE_SITE_DAILY_SNAP_T,site_original_ecd_ncd,TIMESTAMP
rpt-network-plng,sitetracker_data,ST_FXP_PHASE_ELSE_SITE_DAILY_SNAP_T,site_modified_ecd,TIMESTAMP
rpt-network-plng,sitetracker_data,ST_FXP_PHASE_ELSE_SITE_DAILY_SNAP_T,site_ecd_logic,TIMESTAMP
rpt-network-plng,sitetracker_data,ST_FXP_PHASE_ELSE_SITE_DAILY_SNAP_T,site_ml_ecd_logic,TIMESTAMP
rpt-network-plng,sitetracker_data,ST_FXP_PHASE_ELSE_SITE_DAILY_SNAP_T,phase_original_ecd_ncd,TIMESTAMP
rpt-network-plng,sitetracker_data,ST_FXP_PHASE_ELSE_SITE_DAILY_SNAP_T,phase_modified_ecd,TIMESTAMP
rpt-network-plng,sitetracker_data,ST_FXP_PHASE_ELSE_SITE_DAILY_SNAP_T,phase_ecd_logic,TIMESTAMP
rpt-network-plng,sitetracker_data,ST_FXP_PHASE_ELSE_SITE_DAILY_SNAP_T,phase_ml_ecd_logic,TIMESTAMP
rpt-network-plng,sitetracker_data,ST_FXP_PHASE_ELSE_SITE_DAILY_SNAP_T,address,STRING
rpt-network-plng,sitetracker_data,ST_FXP_PHASE_ELSE_SITE_DAILY_SNAP_T,address_qualification,STRING
rpt-network-plng,sitetracker_data,ST_FXP_PHASE_ELSE_SITE_DAILY_SNAP_T,aerial_attachment_required,STRING
rpt-network-plng,sitetracker_data,ST_FXP_PHASE_ELSE_SITE_DAILY_SNAP_T,aid_to_construction_required,STRING
rpt-network-plng,sitetracker_data,ST_FXP_PHASE_ELSE_SITE_DAILY_SNAP_T,apo_audit_a,TIMESTAMP
rpt-network-plng,sitetracker_data,ST_FXP_PHASE_ELSE_SITE_DAILY_SNAP_T,apo_audit_f,TIMESTAMP
rpt-network-plng,sitetracker_data,ST_FXP_PHASE_ELSE_SITE_DAILY_SNAP_T,atc_approved,STRING
rpt-network-plng,sitetracker_data,ST_FXP_PHASE_ELSE_SITE_DAILY_SNAP_T,atc_cost_sent_to_developer_a,TIMESTAMP
rpt-network-plng,sitetracker_data,ST_FXP_PHASE_ELSE_SITE_DAILY_SNAP_T,atc_cost_sent_to_developer_f,TIMESTAMP
rpt-network-plng,sitetracker_data,ST_FXP_PHASE_ELSE_SITE_DAILY_SNAP_T,atc_received_from_developer_a,TIMESTAMP
rpt-network-plng,sitetracker_data,ST_FXP_PHASE_ELSE_SITE_DAILY_SNAP_T,atc_received_from_developer_f,TIMESTAMP
rpt-network-plng,sitetracker_data,ST_FXP_PHASE_ELSE_SITE_DAILY_SNAP_T,bid_acceptance_a,TIMESTAMP
rpt-network-plng,sitetracker_data,ST_FXP_PHASE_ELSE_SITE_DAILY_SNAP_T,bid_acceptance_f,TIMESTAMP
rpt-network-plng,sitetracker_data,ST_FXP_PHASE_ELSE_SITE_DAILY_SNAP_T,bid_creation_a,TIMESTAMP
rpt-network-plng,sitetracker_data,ST_FXP_PHASE_ELSE_SITE_DAILY_SNAP_T,bid_creation_f,TIMESTAMP
rpt-network-plng,sitetracker_data,ST_FXP_PHASE_ELSE_SITE_DAILY_SNAP_T,bid_posting_a,TIMESTAMP
rpt-network-plng,sitetracker_data,ST_FXP_PHASE_ELSE_SITE_DAILY_SNAP_T,bid_posting_f,TIMESTAMP
rpt-network-plng,sitetracker_data,ST_FXP_PHASE_ELSE_SITE_DAILY_SNAP_T,bid_vs_lec_vendor_assignment,STRING
rpt-network-plng,sitetracker_data,ST_FXP_PHASE_ELSE_SITE_DAILY_SNAP_T,builder_email,STRING
rpt-network-plng,sitetracker_data,ST_FXP_PHASE_ELSE_SITE_DAILY_SNAP_T,builder_name_site_name,STRING
rpt-network-plng,sitetracker_data,ST_FXP_PHASE_ELSE_SITE_DAILY_SNAP_T,builder_phone,STRING
rpt-network-plng,sitetracker_data,ST_FXP_PHASE_ELSE_SITE_DAILY_SNAP_T,builder_site_contact_info,STRING
rpt-network-plng,sitetracker_data,ST_FXP_PHASE_ELSE_SITE_DAILY_SNAP_T,build_or_no_build,STRING
rpt-network-plng,sitetracker_data,ST_FXP_PHASE_ELSE_SITE_DAILY_SNAP_T,buried_aerial_conduit,STRING
rpt-network-plng,sitetracker_data,ST_FXP_PHASE_ELSE_SITE_DAILY_SNAP_T,business_case,STRING
rpt-network-plng,sitetracker_data,ST_FXP_PHASE_ELSE_SITE_DAILY_SNAP_T,cable_type,STRING
rpt-network-plng,sitetracker_data,ST_FXP_PHASE_ELSE_SITE_DAILY_SNAP_T,cad_design_complete_a,TIMESTAMP
rpt-network-plng,sitetracker_data,ST_FXP_PHASE_ELSE_SITE_DAILY_SNAP_T,cad_design_complete_f,TIMESTAMP
rpt-network-plng,sitetracker_data,ST_FXP_PHASE_ELSE_SITE_DAILY_SNAP_T,cad_design_started_a,TIMESTAMP
rpt-network-plng,sitetracker_data,ST_FXP_PHASE_ELSE_SITE_DAILY_SNAP_T,cad_design_started_f,TIMESTAMP
rpt-network-plng,sitetracker_data,ST_FXP_PHASE_ELSE_SITE_DAILY_SNAP_T,capital_approval_code,STRING
rpt-network-plng,sitetracker_data,ST_FXP_PHASE_ELSE_SITE_DAILY_SNAP_T,capital_design_complete_a,TIMESTAMP
rpt-network-plng,sitetracker_data,ST_FXP_PHASE_ELSE_SITE_DAILY_SNAP_T,capital_design_complete_f,TIMESTAMP
rpt-network-plng,sitetracker_data,ST_FXP_PHASE_ELSE_SITE_DAILY_SNAP_T,capital_design_request_a,TIMESTAMP
rpt-network-plng,sitetracker_data,ST_FXP_PHASE_ELSE_SITE_DAILY_SNAP_T,capital_design_request_f,TIMESTAMP
rpt-network-plng,sitetracker_data,ST_FXP_PHASE_ELSE_SITE_DAILY_SNAP_T,ccid,STRING
rpt-network-plng,sitetracker_data,ST_FXP_PHASE_ELSE_SITE_DAILY_SNAP_T,cet_opportunity_id,STRING
rpt-network-plng,sitetracker_data,ST_FXP_PHASE_ELSE_SITE_DAILY_SNAP_T,close_financial_tool_a,TIMESTAMP
rpt-network-plng,sitetracker_data,ST_FXP_PHASE_ELSE_SITE_DAILY_SNAP_T,close_financial_tool_f,TIMESTAMP
rpt-network-plng,sitetracker_data,ST_FXP_PHASE_ELSE_SITE_DAILY_SNAP_T,cms_review_e7_2_shelves_only_a,TIMESTAMP
rpt-network-plng,sitetracker_data,ST_FXP_PHASE_ELSE_SITE_DAILY_SNAP_T,cms_review_e7_2_shelves_only_f,TIMESTAMP
rpt-network-plng,sitetracker_data,ST_FXP_PHASE_ELSE_SITE_DAILY_SNAP_T,co_address,STRING
rpt-network-plng,sitetracker_data,ST_FXP_PHASE_ELSE_SITE_DAILY_SNAP_T,co_clli,STRING
rpt-network-plng,sitetracker_data,ST_FXP_PHASE_ELSE_SITE_DAILY_SNAP_T,co_equip_clli,STRING
rpt-network-plng,sitetracker_data,ST_FXP_PHASE_ELSE_SITE_DAILY_SNAP_T,community_or_serving_area_name,STRING
rpt-network-plng,sitetracker_data,ST_FXP_PHASE_ELSE_SITE_DAILY_SNAP_T,competitor,STRING
rpt-network-plng,sitetracker_data,ST_FXP_PHASE_ELSE_SITE_DAILY_SNAP_T,site_construction_category_1,STRING
rpt-network-plng,sitetracker_data,ST_FXP_PHASE_ELSE_SITE_DAILY_SNAP_T,site_construction_category_2,STRING
rpt-network-plng,sitetracker_data,ST_FXP_PHASE_ELSE_SITE_DAILY_SNAP_T,phase_construction_category_1,STRING
rpt-network-plng,sitetracker_data,ST_FXP_PHASE_ELSE_SITE_DAILY_SNAP_T,phase_construction_category_2,STRING
rpt-network-plng,sitetracker_data,ST_FXP_PHASE_ELSE_SITE_DAILY_SNAP_T,construction_coord_splicing_supervisor,NUMERIC
rpt-network-plng,sitetracker_data,ST_FXP_PHASE_ELSE_SITE_DAILY_SNAP_T,construction_funded,STRING
rpt-network-plng,sitetracker_data,ST_FXP_PHASE_ELSE_SITE_DAILY_SNAP_T,site_construction_vendor_1,STRING
rpt-network-plng,sitetracker_data,ST_FXP_PHASE_ELSE_SITE_DAILY_SNAP_T,site_construction_vendor_2,STRING
rpt-network-plng,sitetracker_data,ST_FXP_PHASE_ELSE_SITE_DAILY_SNAP_T,phase_construction_vendor_1,STRING
rpt-network-plng,sitetracker_data,ST_FXP_PHASE_ELSE_SITE_DAILY_SNAP_T,phase_construction_vendor_2,STRING
rpt-network-plng,sitetracker_data,ST_FXP_PHASE_ELSE_SITE_DAILY_SNAP_T,contract_agreement_status,STRING
rpt-network-plng,sitetracker_data,ST_FXP_PHASE_ELSE_SITE_DAILY_SNAP_T,cost_center,STRING
rpt-network-plng,sitetracker_data,ST_FXP_PHASE_ELSE_SITE_DAILY_SNAP_T,cost_estimate_a,TIMESTAMP
rpt-network-plng,sitetracker_data,ST_FXP_PHASE_ELSE_SITE_DAILY_SNAP_T,cost_estimate_f,TIMESTAMP
rpt-network-plng,sitetracker_data,ST_FXP_PHASE_ELSE_SITE_DAILY_SNAP_T,costing_approval_uploaded,NUMERIC
rpt-network-plng,sitetracker_data,ST_FXP_PHASE_ELSE_SITE_DAILY_SNAP_T,created_date,TIMESTAMP
rpt-network-plng,sitetracker_data,ST_FXP_PHASE_ELSE_SITE_DAILY_SNAP_T,site_create_polygon_a,TIMESTAMP
rpt-network-plng,sitetracker_data,ST_FXP_PHASE_ELSE_SITE_DAILY_SNAP_T,site_create_polygon_f,TIMESTAMP
rpt-network-plng,sitetracker_data,ST_FXP_PHASE_ELSE_SITE_DAILY_SNAP_T,phase_create_polygon_a,TIMESTAMP
rpt-network-plng,sitetracker_data,ST_FXP_PHASE_ELSE_SITE_DAILY_SNAP_T,phase_create_polygon_f,TIMESTAMP
rpt-network-plng,sitetracker_data,ST_FXP_PHASE_ELSE_SITE_DAILY_SNAP_T,site_current_open_activity,STRING
rpt-network-plng,sitetracker_data,ST_FXP_PHASE_ELSE_SITE_DAILY_SNAP_T,phase_current_open_activity,STRING
rpt-network-plng,sitetracker_data,ST_FXP_PHASE_ELSE_SITE_DAILY_SNAP_T,date_audit_completed,TIMESTAMP
rpt-network-plng,sitetracker_data,ST_FXP_PHASE_ELSE_SITE_DAILY_SNAP_T,date_audit_started,TIMESTAMP
rpt-network-plng,sitetracker_data,ST_FXP_PHASE_ELSE_SITE_DAILY_SNAP_T,date_of_post,TIMESTAMP
rpt-network-plng,sitetracker_data,ST_FXP_PHASE_ELSE_SITE_DAILY_SNAP_T,dev_type,STRING
rpt-network-plng,sitetracker_data,ST_FXP_PHASE_ELSE_SITE_DAILY_SNAP_T,developer_contact_info,STRING
rpt-network-plng,sitetracker_data,ST_FXP_PHASE_ELSE_SITE_DAILY_SNAP_T,developer_final_plats_received_a,TIMESTAMP
rpt-network-plng,sitetracker_data,ST_FXP_PHASE_ELSE_SITE_DAILY_SNAP_T,developer_final_plats_received_f,TIMESTAMP
rpt-network-plng,sitetracker_data,ST_FXP_PHASE_ELSE_SITE_DAILY_SNAP_T,developer_email,STRING
rpt-network-plng,sitetracker_data,ST_FXP_PHASE_ELSE_SITE_DAILY_SNAP_T,developer_name,STRING
rpt-network-plng,sitetracker_data,ST_FXP_PHASE_ELSE_SITE_DAILY_SNAP_T,developer_phone,STRING
rpt-network-plng,sitetracker_data,ST_FXP_PHASE_ELSE_SITE_DAILY_SNAP_T,development_address,STRING
rpt-network-plng,sitetracker_data,ST_FXP_PHASE_ELSE_SITE_DAILY_SNAP_T,easement_required,STRING
rpt-network-plng,sitetracker_data,ST_FXP_PHASE_ELSE_SITE_DAILY_SNAP_T,easement_row_received_a,TIMESTAMP
rpt-network-plng,sitetracker_data,ST_FXP_PHASE_ELSE_SITE_DAILY_SNAP_T,easement_row_received_f,TIMESTAMP
rpt-network-plng,sitetracker_data,ST_FXP_PHASE_ELSE_SITE_DAILY_SNAP_T,easement_row_requested_a,TIMESTAMP
rpt-network-plng,sitetracker_data,ST_FXP_PHASE_ELSE_SITE_DAILY_SNAP_T,easement_row_requested_f,TIMESTAMP
rpt-network-plng,sitetracker_data,ST_FXP_PHASE_ELSE_SITE_DAILY_SNAP_T,easement_row_required,STRING
rpt-network-plng,sitetracker_data,ST_FXP_PHASE_ELSE_SITE_DAILY_SNAP_T,engineer_reviews_polygon_complete_a,TIMESTAMP
rpt-network-plng,sitetracker_data,ST_FXP_PHASE_ELSE_SITE_DAILY_SNAP_T,engineer_reviews_polygon_complete_f,TIMESTAMP
rpt-network-plng,sitetracker_data,ST_FXP_PHASE_ELSE_SITE_DAILY_SNAP_T,engineering_category_1,STRING
rpt-network-plng,sitetracker_data,ST_FXP_PHASE_ELSE_SITE_DAILY_SNAP_T,engineering_category_2,STRING
rpt-network-plng,sitetracker_data,ST_FXP_PHASE_ELSE_SITE_DAILY_SNAP_T,engineering_complete_a,TIMESTAMP
rpt-network-plng,sitetracker_data,ST_FXP_PHASE_ELSE_SITE_DAILY_SNAP_T,engineering_complete_f,TIMESTAMP
rpt-network-plng,sitetracker_data,ST_FXP_PHASE_ELSE_SITE_DAILY_SNAP_T,engineering_funded,STRING
rpt-network-plng,sitetracker_data,ST_FXP_PHASE_ELSE_SITE_DAILY_SNAP_T,engineering_funding_comments,STRING
rpt-network-plng,sitetracker_data,ST_FXP_PHASE_ELSE_SITE_DAILY_SNAP_T,engineering_state,STRING
rpt-network-plng,sitetracker_data,ST_FXP_PHASE_ELSE_SITE_DAILY_SNAP_T,engineering_vendor_1,STRING
rpt-network-plng,sitetracker_data,ST_FXP_PHASE_ELSE_SITE_DAILY_SNAP_T,engineering_vendor_2,STRING
rpt-network-plng,sitetracker_data,ST_FXP_PHASE_ELSE_SITE_DAILY_SNAP_T,f1_footage_plcg_complete,NUMERIC
rpt-network-plng,sitetracker_data,ST_FXP_PHASE_ELSE_SITE_DAILY_SNAP_T,f1_footage_spl_complete,NUMERIC
rpt-network-plng,sitetracker_data,ST_FXP_PHASE_ELSE_SITE_DAILY_SNAP_T,f1_plcg_percentage_complete,NUMERIC
rpt-network-plng,sitetracker_data,ST_FXP_PHASE_ELSE_SITE_DAILY_SNAP_T,f1_spl_percentage_complete,NUMERIC
rpt-network-plng,sitetracker_data,ST_FXP_PHASE_ELSE_SITE_DAILY_SNAP_T,f2_footage_plcg_complete,NUMERIC
rpt-network-plng,sitetracker_data,ST_FXP_PHASE_ELSE_SITE_DAILY_SNAP_T,f2_footage_spl_complete,NUMERIC
rpt-network-plng,sitetracker_data,ST_FXP_PHASE_ELSE_SITE_DAILY_SNAP_T,f2_plcg_percentage_complete,NUMERIC
rpt-network-plng,sitetracker_data,ST_FXP_PHASE_ELSE_SITE_DAILY_SNAP_T,f2_spl_percentage_complete,NUMERIC
rpt-network-plng,sitetracker_data,ST_FXP_PHASE_ELSE_SITE_DAILY_SNAP_T,feed_fiber_name_and_count,STRING
rpt-network-plng,sitetracker_data,ST_FXP_PHASE_ELSE_SITE_DAILY_SNAP_T,feeder_planning_a,TIMESTAMP
rpt-network-plng,sitetracker_data,ST_FXP_PHASE_ELSE_SITE_DAILY_SNAP_T,feeder_planning_f,TIMESTAMP
rpt-network-plng,sitetracker_data,ST_FXP_PHASE_ELSE_SITE_DAILY_SNAP_T,fiber_db_loss,STRING
rpt-network-plng,sitetracker_data,ST_FXP_PHASE_ELSE_SITE_DAILY_SNAP_T,fiber_distance,STRING
rpt-network-plng,sitetracker_data,ST_FXP_PHASE_ELSE_SITE_DAILY_SNAP_T,field_type,STRING
rpt-network-plng,sitetracker_data,ST_FXP_PHASE_ELSE_SITE_DAILY_SNAP_T,finalize_all_vendor_invoicing_a,TIMESTAMP
rpt-network-plng,sitetracker_data,ST_FXP_PHASE_ELSE_SITE_DAILY_SNAP_T,finalize_all_vendor_invoicing_f,TIMESTAMP
rpt-network-plng,sitetracker_data,ST_FXP_PHASE_ELSE_SITE_DAILY_SNAP_T,finalize_network_design_a,TIMESTAMP
rpt-network-plng,sitetracker_data,ST_FXP_PHASE_ELSE_SITE_DAILY_SNAP_T,finalize_network_design_f,TIMESTAMP
rpt-network-plng,sitetracker_data,ST_FXP_PHASE_ELSE_SITE_DAILY_SNAP_T,first_occ_out_of_sync_with_salesforce,NUMERIC
rpt-network-plng,sitetracker_data,ST_FXP_PHASE_ELSE_SITE_DAILY_SNAP_T,site_first_occupancy_tgt_dt,TIMESTAMP
rpt-network-plng,sitetracker_data,ST_FXP_PHASE_ELSE_SITE_DAILY_SNAP_T,phase_first_occupancy_tgt_dt,TIMESTAMP
rpt-network-plng,sitetracker_data,ST_FXP_PHASE_ELSE_SITE_DAILY_SNAP_T,first_service_fire_alarm_elevator,STRING
rpt-network-plng,sitetracker_data,ST_FXP_PHASE_ELSE_SITE_DAILY_SNAP_T,site_flag_for_deletion,NUMERIC
rpt-network-plng,sitetracker_data,ST_FXP_PHASE_ELSE_SITE_DAILY_SNAP_T,site_flag_for_migration,NUMERIC
rpt-network-plng,sitetracker_data,ST_FXP_PHASE_ELSE_SITE_DAILY_SNAP_T,phase_flag_for_deletion,NUMERIC
rpt-network-plng,sitetracker_data,ST_FXP_PHASE_ELSE_SITE_DAILY_SNAP_T,phase_flag_for_migration,NUMERIC
rpt-network-plng,sitetracker_data,ST_FXP_PHASE_ELSE_SITE_DAILY_SNAP_T,frame,STRING
rpt-network-plng,sitetracker_data,ST_FXP_PHASE_ELSE_SITE_DAILY_SNAP_T,fsai_address,STRING
rpt-network-plng,sitetracker_data,ST_FXP_PHASE_ELSE_SITE_DAILY_SNAP_T,fsai_clli,STRING
rpt-network-plng,sitetracker_data,ST_FXP_PHASE_ELSE_SITE_DAILY_SNAP_T,fsai_manufacturer,STRING
rpt-network-plng,sitetracker_data,ST_FXP_PHASE_ELSE_SITE_DAILY_SNAP_T,fsai_size,STRING
rpt-network-plng,sitetracker_data,ST_FXP_PHASE_ELSE_SITE_DAILY_SNAP_T,fsai_taper_da_code,STRING
rpt-network-plng,sitetracker_data,ST_FXP_PHASE_ELSE_SITE_DAILY_SNAP_T,fsai_to_ont_s,STRING
rpt-network-plng,sitetracker_data,ST_FXP_PHASE_ELSE_SITE_DAILY_SNAP_T,fthgn_name_and_count,STRING
rpt-network-plng,sitetracker_data,ST_FXP_PHASE_ELSE_SITE_DAILY_SNAP_T,funding_documents_prep_prechecks_a,TIMESTAMP
rpt-network-plng,sitetracker_data,ST_FXP_PHASE_ELSE_SITE_DAILY_SNAP_T,funding_documents_prep_prechecks_f,TIMESTAMP
rpt-network-plng,sitetracker_data,ST_FXP_PHASE_ELSE_SITE_DAILY_SNAP_T,funding_request_received_a,TIMESTAMP
rpt-network-plng,sitetracker_data,ST_FXP_PHASE_ELSE_SITE_DAILY_SNAP_T,funding_request_received_f,TIMESTAMP
rpt-network-plng,sitetracker_data,ST_FXP_PHASE_ELSE_SITE_DAILY_SNAP_T,funding_request_submitted_a,TIMESTAMP
rpt-network-plng,sitetracker_data,ST_FXP_PHASE_ELSE_SITE_DAILY_SNAP_T,funding_request_submitted_f,TIMESTAMP
rpt-network-plng,sitetracker_data,ST_FXP_PHASE_ELSE_SITE_DAILY_SNAP_T,site_furthest_completed_activity,STRING
rpt-network-plng,sitetracker_data,ST_FXP_PHASE_ELSE_SITE_DAILY_SNAP_T,phase_furthest_completed_activity,STRING
rpt-network-plng,sitetracker_data,ST_FXP_PHASE_ELSE_SITE_DAILY_SNAP_T,geospatial_checks_passed_a,TIMESTAMP
rpt-network-plng,sitetracker_data,ST_FXP_PHASE_ELSE_SITE_DAILY_SNAP_T,geospatial_checks_passed_f,TIMESTAMP
rpt-network-plng,sitetracker_data,ST_FXP_PHASE_ELSE_SITE_DAILY_SNAP_T,geospatial_submitted_to_brain_a,TIMESTAMP
rpt-network-plng,sitetracker_data,ST_FXP_PHASE_ELSE_SITE_DAILY_SNAP_T,geospatial_submitted_to_brain_f,TIMESTAMP
rpt-network-plng,sitetracker_data,ST_FXP_PHASE_ELSE_SITE_DAILY_SNAP_T,google_address_validation_fallout_a,TIMESTAMP
rpt-network-plng,sitetracker_data,ST_FXP_PHASE_ELSE_SITE_DAILY_SNAP_T,google_address_validation_fallout_f,TIMESTAMP
rpt-network-plng,sitetracker_data,ST_FXP_PHASE_ELSE_SITE_DAILY_SNAP_T,google_update_request_a,TIMESTAMP
rpt-network-plng,sitetracker_data,ST_FXP_PHASE_ELSE_SITE_DAILY_SNAP_T,google_update_request_f,TIMESTAMP
rpt-network-plng,sitetracker_data,ST_FXP_PHASE_ELSE_SITE_DAILY_SNAP_T,gratis,STRING
rpt-network-plng,sitetracker_data,ST_FXP_PHASE_ELSE_SITE_DAILY_SNAP_T,gratis_order,STRING
rpt-network-plng,sitetracker_data,ST_FXP_PHASE_ELSE_SITE_DAILY_SNAP_T,handed_off_to_engineer_a,TIMESTAMP
rpt-network-plng,sitetracker_data,ST_FXP_PHASE_ELSE_SITE_DAILY_SNAP_T,handed_off_to_engineer_f,TIMESTAMP
rpt-network-plng,sitetracker_data,ST_FXP_PHASE_ELSE_SITE_DAILY_SNAP_T,handoff_to_planning_a,TIMESTAMP
rpt-network-plng,sitetracker_data,ST_FXP_PHASE_ELSE_SITE_DAILY_SNAP_T,handoff_to_planning_f,TIMESTAMP
rpt-network-plng,sitetracker_data,ST_FXP_PHASE_ELSE_SITE_DAILY_SNAP_T,site_held_order_id,STRING
rpt-network-plng,sitetracker_data,ST_FXP_PHASE_ELSE_SITE_DAILY_SNAP_T,phase_held_order_id,STRING
rpt-network-plng,sitetracker_data,ST_FXP_PHASE_ELSE_SITE_DAILY_SNAP_T,high_cost_review,STRING
rpt-network-plng,sitetracker_data,ST_FXP_PHASE_ELSE_SITE_DAILY_SNAP_T,imp_lus_out_of_sync_with_salesforce,NUMERIC
rpt-network-plng,sitetracker_data,ST_FXP_PHASE_ELSE_SITE_DAILY_SNAP_T,imp_pm_out_of_sync_with_salesforce,NUMERIC
rpt-network-plng,sitetracker_data,ST_FXP_PHASE_ELSE_SITE_DAILY_SNAP_T,site_implementation_a,TIMESTAMP
rpt-network-plng,sitetracker_data,ST_FXP_PHASE_ELSE_SITE_DAILY_SNAP_T,site_implementation_f,TIMESTAMP
rpt-network-plng,sitetracker_data,ST_FXP_PHASE_ELSE_SITE_DAILY_SNAP_T,phase_implementation_a,TIMESTAMP
rpt-network-plng,sitetracker_data,ST_FXP_PHASE_ELSE_SITE_DAILY_SNAP_T,phase_implementation_f,TIMESTAMP
rpt-network-plng,sitetracker_data,ST_FXP_PHASE_ELSE_SITE_DAILY_SNAP_T,inventory_complete_a,TIMESTAMP
rpt-network-plng,sitetracker_data,ST_FXP_PHASE_ELSE_SITE_DAILY_SNAP_T,inventory_complete_f,TIMESTAMP
rpt-network-plng,sitetracker_data,ST_FXP_PHASE_ELSE_SITE_DAILY_SNAP_T,site_inventory_stack,STRING
rpt-network-plng,sitetracker_data,ST_FXP_PHASE_ELSE_SITE_DAILY_SNAP_T,phase_inventory_stack,STRING
rpt-network-plng,sitetracker_data,ST_FXP_PHASE_ELSE_SITE_DAILY_SNAP_T,investment_reason,STRING
rpt-network-plng,sitetracker_data,ST_FXP_PHASE_ELSE_SITE_DAILY_SNAP_T,joint_trench_meeting_date_a,TIMESTAMP
rpt-network-plng,sitetracker_data,ST_FXP_PHASE_ELSE_SITE_DAILY_SNAP_T,joint_trench_meeting_date_f,TIMESTAMP
rpt-network-plng,sitetracker_data,ST_FXP_PHASE_ELSE_SITE_DAILY_SNAP_T,joint_trench_meeting,STRING
rpt-network-plng,sitetracker_data,ST_FXP_PHASE_ELSE_SITE_DAILY_SNAP_T,site_joint_trench_ready_date,TIMESTAMP
rpt-network-plng,sitetracker_data,ST_FXP_PHASE_ELSE_SITE_DAILY_SNAP_T,phase_joint_trench_ready_date,TIMESTAMP
rpt-network-plng,sitetracker_data,ST_FXP_PHASE_ELSE_SITE_DAILY_SNAP_T,landbase_request_completed_a,TIMESTAMP
rpt-network-plng,sitetracker_data,ST_FXP_PHASE_ELSE_SITE_DAILY_SNAP_T,landbase_request_completed_f,TIMESTAMP
rpt-network-plng,sitetracker_data,ST_FXP_PHASE_ELSE_SITE_DAILY_SNAP_T,last_modified_date,TIMESTAMP
rpt-network-plng,sitetracker_data,ST_FXP_PHASE_ELSE_SITE_DAILY_SNAP_T,latitude,STRING
rpt-network-plng,sitetracker_data,ST_FXP_PHASE_ELSE_SITE_DAILY_SNAP_T,leep_f1_portion_a,TIMESTAMP
rpt-network-plng,sitetracker_data,ST_FXP_PHASE_ELSE_SITE_DAILY_SNAP_T,leep_f1_portion_f,TIMESTAMP
rpt-network-plng,sitetracker_data,ST_FXP_PHASE_ELSE_SITE_DAILY_SNAP_T,leep_f2_portion_a,TIMESTAMP
rpt-network-plng,sitetracker_data,ST_FXP_PHASE_ELSE_SITE_DAILY_SNAP_T,leep_f2_portion_f,TIMESTAMP
rpt-network-plng,sitetracker_data,ST_FXP_PHASE_ELSE_SITE_DAILY_SNAP_T,len_assignments,STRING
rpt-network-plng,sitetracker_data,ST_FXP_PHASE_ELSE_SITE_DAILY_SNAP_T,load_kmz_file_interval_tables_a,TIMESTAMP
rpt-network-plng,sitetracker_data,ST_FXP_PHASE_ELSE_SITE_DAILY_SNAP_T,load_kmz_file_interval_tables_f,TIMESTAMP
rpt-network-plng,sitetracker_data,ST_FXP_PHASE_ELSE_SITE_DAILY_SNAP_T,longitude,STRING
rpt-network-plng,sitetracker_data,ST_FXP_PHASE_ELSE_SITE_DAILY_SNAP_T,lu_missed_on_complete,NUMERIC
rpt-network-plng,sitetracker_data,ST_FXP_PHASE_ELSE_SITE_DAILY_SNAP_T,make_ready_construction_est_cmp_p,TIMESTAMP
rpt-network-plng,sitetracker_data,ST_FXP_PHASE_ELSE_SITE_DAILY_SNAP_T,make_ready_construction_est_cmp_s,TIMESTAMP
rpt-network-plng,sitetracker_data,ST_FXP_PHASE_ELSE_SITE_DAILY_SNAP_T,make_ready_cost_p,NUMERIC
rpt-network-plng,sitetracker_data,ST_FXP_PHASE_ELSE_SITE_DAILY_SNAP_T,make_ready_cost_s,NUMERIC
rpt-network-plng,sitetracker_data,ST_FXP_PHASE_ELSE_SITE_DAILY_SNAP_T,make_ready_estimate_received_a,TIMESTAMP
rpt-network-plng,sitetracker_data,ST_FXP_PHASE_ELSE_SITE_DAILY_SNAP_T,make_ready_estimate_received_f,TIMESTAMP
rpt-network-plng,sitetracker_data,ST_FXP_PHASE_ELSE_SITE_DAILY_SNAP_T,make_ready_payment_submitted_a,TIMESTAMP
rpt-network-plng,sitetracker_data,ST_FXP_PHASE_ELSE_SITE_DAILY_SNAP_T,make_ready_payment_submitted_f,TIMESTAMP
rpt-network-plng,sitetracker_data,ST_FXP_PHASE_ELSE_SITE_DAILY_SNAP_T,make_ready_required,STRING
rpt-network-plng,sitetracker_data,ST_FXP_PHASE_ELSE_SITE_DAILY_SNAP_T,manual_ols_load_layer_1_a,TIMESTAMP
rpt-network-plng,sitetracker_data,ST_FXP_PHASE_ELSE_SITE_DAILY_SNAP_T,manual_ols_load_layer_1_f,TIMESTAMP
rpt-network-plng,sitetracker_data,ST_FXP_PHASE_ELSE_SITE_DAILY_SNAP_T,manual_ols_received,TIMESTAMP
rpt-network-plng,sitetracker_data,ST_FXP_PHASE_ELSE_SITE_DAILY_SNAP_T,materials_received_a,TIMESTAMP
rpt-network-plng,sitetracker_data,ST_FXP_PHASE_ELSE_SITE_DAILY_SNAP_T,materials_received_f,TIMESTAMP
rpt-network-plng,sitetracker_data,ST_FXP_PHASE_ELSE_SITE_DAILY_SNAP_T,mktg_pm_name,STRING
rpt-network-plng,sitetracker_data,ST_FXP_PHASE_ELSE_SITE_DAILY_SNAP_T,mktg_pm_contact_company,STRING
rpt-network-plng,sitetracker_data,ST_FXP_PHASE_ELSE_SITE_DAILY_SNAP_T,mktg_pm_company_address,STRING
rpt-network-plng,sitetracker_data,ST_FXP_PHASE_ELSE_SITE_DAILY_SNAP_T,mktg_pm_contact_email,STRING
rpt-network-plng,sitetracker_data,ST_FXP_PHASE_ELSE_SITE_DAILY_SNAP_T,mktg_pm_contact_phone,STRING
rpt-network-plng,sitetracker_data,ST_FXP_PHASE_ELSE_SITE_DAILY_SNAP_T,mktg_pm_contact_type,STRING
rpt-network-plng,sitetracker_data,ST_FXP_PHASE_ELSE_SITE_DAILY_SNAP_T,site_nds_project_name,STRING
rpt-network-plng,sitetracker_data,ST_FXP_PHASE_ELSE_SITE_DAILY_SNAP_T,site_nds_project_number,STRING
rpt-network-plng,sitetracker_data,ST_FXP_PHASE_ELSE_SITE_DAILY_SNAP_T,phase_nds_project_name,STRING
rpt-network-plng,sitetracker_data,ST_FXP_PHASE_ELSE_SITE_DAILY_SNAP_T,phase_nds_project_number,STRING
rpt-network-plng,sitetracker_data,ST_FXP_PHASE_ELSE_SITE_DAILY_SNAP_T,nds_qf_qm_error_cleanup_a,TIMESTAMP
rpt-network-plng,sitetracker_data,ST_FXP_PHASE_ELSE_SITE_DAILY_SNAP_T,nds_qf_qm_error_cleanup_f,TIMESTAMP
rpt-network-plng,sitetracker_data,ST_FXP_PHASE_ELSE_SITE_DAILY_SNAP_T,site_nds_user_id,STRING
rpt-network-plng,sitetracker_data,ST_FXP_PHASE_ELSE_SITE_DAILY_SNAP_T,phase_nds_user_id,STRING
rpt-network-plng,sitetracker_data,ST_FXP_PHASE_ELSE_SITE_DAILY_SNAP_T,new_or_existing_fsai,STRING
rpt-network-plng,sitetracker_data,ST_FXP_PHASE_ELSE_SITE_DAILY_SNAP_T,ni_accepted_handoff_a,TIMESTAMP
rpt-network-plng,sitetracker_data,ST_FXP_PHASE_ELSE_SITE_DAILY_SNAP_T,ni_accepted_handoff_f,TIMESTAMP
rpt-network-plng,sitetracker_data,ST_FXP_PHASE_ELSE_SITE_DAILY_SNAP_T,site_no_build_comments,STRING
rpt-network-plng,sitetracker_data,ST_FXP_PHASE_ELSE_SITE_DAILY_SNAP_T,no_build_notification_a,TIMESTAMP
rpt-network-plng,sitetracker_data,ST_FXP_PHASE_ELSE_SITE_DAILY_SNAP_T,no_build_notification_f,TIMESTAMP
rpt-network-plng,sitetracker_data,ST_FXP_PHASE_ELSE_SITE_DAILY_SNAP_T,no_build_pun_form_submitted_a,TIMESTAMP
rpt-network-plng,sitetracker_data,ST_FXP_PHASE_ELSE_SITE_DAILY_SNAP_T,no_build_pun_form_submitted_f,TIMESTAMP
rpt-network-plng,sitetracker_data,ST_FXP_PHASE_ELSE_SITE_DAILY_SNAP_T,notify_marketing_a,TIMESTAMP
rpt-network-plng,sitetracker_data,ST_FXP_PHASE_ELSE_SITE_DAILY_SNAP_T,notify_marketing_f,TIMESTAMP
rpt-network-plng,sitetracker_data,ST_FXP_PHASE_ELSE_SITE_DAILY_SNAP_T,site_number_of_build_lus,NUMERIC
rpt-network-plng,sitetracker_data,ST_FXP_PHASE_ELSE_SITE_DAILY_SNAP_T,phase_number_of_build_lus,NUMERIC
rpt-network-plng,sitetracker_data,ST_FXP_PHASE_ELSE_SITE_DAILY_SNAP_T,site_number_of_constructed_service_locations,NUMERIC
rpt-network-plng,sitetracker_data,ST_FXP_PHASE_ELSE_SITE_DAILY_SNAP_T,site_number_of_inventoried_service_locations,NUMERIC
rpt-network-plng,sitetracker_data,ST_FXP_PHASE_ELSE_SITE_DAILY_SNAP_T,phase_number_of_constructed_service_locations,NUMERIC
rpt-network-plng,sitetracker_data,ST_FXP_PHASE_ELSE_SITE_DAILY_SNAP_T,phase_number_of_inventoried_service_locations,NUMERIC
rpt-network-plng,sitetracker_data,ST_FXP_PHASE_ELSE_SITE_DAILY_SNAP_T,site_num_of_lus,NUMERIC
rpt-network-plng,sitetracker_data,ST_FXP_PHASE_ELSE_SITE_DAILY_SNAP_T,phase_num_of_lus,NUMERIC
rpt-network-plng,sitetracker_data,ST_FXP_PHASE_ELSE_SITE_DAILY_SNAP_T,number_of_poles_p,NUMERIC
rpt-network-plng,sitetracker_data,ST_FXP_PHASE_ELSE_SITE_DAILY_SNAP_T,number_of_poles_s,NUMERIC
rpt-network-plng,sitetracker_data,ST_FXP_PHASE_ELSE_SITE_DAILY_SNAP_T,odin_layer_2_3_ta_path_device_a,TIMESTAMP
rpt-network-plng,sitetracker_data,ST_FXP_PHASE_ELSE_SITE_DAILY_SNAP_T,odin_layer_2_3_ta_path_device_f,TIMESTAMP
rpt-network-plng,sitetracker_data,ST_FXP_PHASE_ELSE_SITE_DAILY_SNAP_T,odin_load_layer_1_a,TIMESTAMP
rpt-network-plng,sitetracker_data,ST_FXP_PHASE_ELSE_SITE_DAILY_SNAP_T,odin_load_layer_1_f,TIMESTAMP
rpt-network-plng,sitetracker_data,ST_FXP_PHASE_ELSE_SITE_DAILY_SNAP_T,odin_load_layer_2_3_sasktel_load_a,TIMESTAMP
rpt-network-plng,sitetracker_data,ST_FXP_PHASE_ELSE_SITE_DAILY_SNAP_T,odin_load_layer_2_3_sasktel_load_f,TIMESTAMP
rpt-network-plng,sitetracker_data,ST_FXP_PHASE_ELSE_SITE_DAILY_SNAP_T,num_of_lus_sow,NUMERIC
rpt-network-plng,sitetracker_data,ST_FXP_PHASE_ELSE_SITE_DAILY_SNAP_T,num_of_permits_submitted_p,NUMERIC
rpt-network-plng,sitetracker_data,ST_FXP_PHASE_ELSE_SITE_DAILY_SNAP_T,num_of_permits_submitted_s,NUMERIC
rpt-network-plng,sitetracker_data,ST_FXP_PHASE_ELSE_SITE_DAILY_SNAP_T,num_of_splitters_being_placed,NUMERIC
rpt-network-plng,sitetracker_data,ST_FXP_PHASE_ELSE_SITE_DAILY_SNAP_T,offer_confirmation_a,TIMESTAMP
rpt-network-plng,sitetracker_data,ST_FXP_PHASE_ELSE_SITE_DAILY_SNAP_T,offer_confirmation_f,TIMESTAMP
rpt-network-plng,sitetracker_data,ST_FXP_PHASE_ELSE_SITE_DAILY_SNAP_T,olt,STRING
rpt-network-plng,sitetracker_data,ST_FXP_PHASE_ELSE_SITE_DAILY_SNAP_T,olt_address,STRING
rpt-network-plng,sitetracker_data,ST_FXP_PHASE_ELSE_SITE_DAILY_SNAP_T,olt_card,STRING
rpt-network-plng,sitetracker_data,ST_FXP_PHASE_ELSE_SITE_DAILY_SNAP_T,olt_clli,STRING
rpt-network-plng,sitetracker_data,ST_FXP_PHASE_ELSE_SITE_DAILY_SNAP_T,olt_configuration,STRING
rpt-network-plng,sitetracker_data,ST_FXP_PHASE_ELSE_SITE_DAILY_SNAP_T,olt_count,STRING
rpt-network-plng,sitetracker_data,ST_FXP_PHASE_ELSE_SITE_DAILY_SNAP_T,olt_f1_fiber_splitter_assignment,STRING
rpt-network-plng,sitetracker_data,ST_FXP_PHASE_ELSE_SITE_DAILY_SNAP_T,olt_location,STRING
rpt-network-plng,sitetracker_data,ST_FXP_PHASE_ELSE_SITE_DAILY_SNAP_T,olt_manufacturer_type,STRING
rpt-network-plng,sitetracker_data,ST_FXP_PHASE_ELSE_SITE_DAILY_SNAP_T,olt_ports,STRING
rpt-network-plng,sitetracker_data,ST_FXP_PHASE_ELSE_SITE_DAILY_SNAP_T,olt_shelf,STRING
rpt-network-plng,sitetracker_data,ST_FXP_PHASE_ELSE_SITE_DAILY_SNAP_T,olt_to_fsai,STRING
rpt-network-plng,sitetracker_data,ST_FXP_PHASE_ELSE_SITE_DAILY_SNAP_T,olt_type,STRING
rpt-network-plng,sitetracker_data,ST_FXP_PHASE_ELSE_SITE_DAILY_SNAP_T,on_time,STRING
rpt-network-plng,sitetracker_data,ST_FXP_PHASE_ELSE_SITE_DAILY_SNAP_T,ona,STRING
rpt-network-plng,sitetracker_data,ST_FXP_PHASE_ELSE_SITE_DAILY_SNAP_T,ona_cuid,STRING
rpt-network-plng,sitetracker_data,ST_FXP_PHASE_ELSE_SITE_DAILY_SNAP_T,ont_type,STRING
rpt-network-plng,sitetracker_data,ST_FXP_PHASE_ELSE_SITE_DAILY_SNAP_T,opportunity_created_a,TIMESTAMP
rpt-network-plng,sitetracker_data,ST_FXP_PHASE_ELSE_SITE_DAILY_SNAP_T,opportunity_created_f,TIMESTAMP
rpt-network-plng,sitetracker_data,ST_FXP_PHASE_ELSE_SITE_DAILY_SNAP_T,order_materials_a,TIMESTAMP
rpt-network-plng,sitetracker_data,ST_FXP_PHASE_ELSE_SITE_DAILY_SNAP_T,order_materials_f,TIMESTAMP
rpt-network-plng,sitetracker_data,ST_FXP_PHASE_ELSE_SITE_DAILY_SNAP_T,osp_construction_complete_a,TIMESTAMP
rpt-network-plng,sitetracker_data,ST_FXP_PHASE_ELSE_SITE_DAILY_SNAP_T,osp_construction_complete_f,TIMESTAMP
rpt-network-plng,sitetracker_data,ST_FXP_PHASE_ELSE_SITE_DAILY_SNAP_T,osp_construction_start_a,TIMESTAMP
rpt-network-plng,sitetracker_data,ST_FXP_PHASE_ELSE_SITE_DAILY_SNAP_T,osp_construction_start_f,TIMESTAMP
rpt-network-plng,sitetracker_data,ST_FXP_PHASE_ELSE_SITE_DAILY_SNAP_T,site_partial_rfs_received,TIMESTAMP
rpt-network-plng,sitetracker_data,ST_FXP_PHASE_ELSE_SITE_DAILY_SNAP_T,phase_partial_rfs_received,TIMESTAMP
rpt-network-plng,sitetracker_data,ST_FXP_PHASE_ELSE_SITE_DAILY_SNAP_T,path_to_layer_1,STRING
rpt-network-plng,sitetracker_data,ST_FXP_PHASE_ELSE_SITE_DAILY_SNAP_T,permit_fee,NUMERIC
rpt-network-plng,sitetracker_data,ST_FXP_PHASE_ELSE_SITE_DAILY_SNAP_T,permit_fee_s,NUMERIC
rpt-network-plng,sitetracker_data,ST_FXP_PHASE_ELSE_SITE_DAILY_SNAP_T,permits_received_a,TIMESTAMP
rpt-network-plng,sitetracker_data,ST_FXP_PHASE_ELSE_SITE_DAILY_SNAP_T,permits_received_f,TIMESTAMP
rpt-network-plng,sitetracker_data,ST_FXP_PHASE_ELSE_SITE_DAILY_SNAP_T,permits_required,STRING
rpt-network-plng,sitetracker_data,ST_FXP_PHASE_ELSE_SITE_DAILY_SNAP_T,permits_submitted_a,TIMESTAMP
rpt-network-plng,sitetracker_data,ST_FXP_PHASE_ELSE_SITE_DAILY_SNAP_T,permits_submitted_f,TIMESTAMP
rpt-network-plng,sitetracker_data,ST_FXP_PHASE_ELSE_SITE_DAILY_SNAP_T,permitting_right_of_way_dependencies_a,TIMESTAMP
rpt-network-plng,sitetracker_data,ST_FXP_PHASE_ELSE_SITE_DAILY_SNAP_T,permitting_right_of_way_dependencies_f,TIMESTAMP
rpt-network-plng,sitetracker_data,ST_FXP_PHASE_ELSE_SITE_DAILY_SNAP_T,phase_lus_out_of_sync_with_salesforce,NUMERIC
rpt-network-plng,sitetracker_data,ST_FXP_PHASE_ELSE_SITE_DAILY_SNAP_T,phase_s_implementation_a,TIMESTAMP
rpt-network-plng,sitetracker_data,ST_FXP_PHASE_ELSE_SITE_DAILY_SNAP_T,phase_s_implementation_f,TIMESTAMP
rpt-network-plng,sitetracker_data,ST_FXP_PHASE_ELSE_SITE_DAILY_SNAP_T,placing_a,TIMESTAMP
rpt-network-plng,sitetracker_data,ST_FXP_PHASE_ELSE_SITE_DAILY_SNAP_T,placing_f,TIMESTAMP
rpt-network-plng,sitetracker_data,ST_FXP_PHASE_ELSE_SITE_DAILY_SNAP_T,planner_reviews_offer_decision_a,TIMESTAMP
rpt-network-plng,sitetracker_data,ST_FXP_PHASE_ELSE_SITE_DAILY_SNAP_T,planner_reviews_offer_decision_f,TIMESTAMP
rpt-network-plng,sitetracker_data,ST_FXP_PHASE_ELSE_SITE_DAILY_SNAP_T,planning_accepts_handoff_a,TIMESTAMP
rpt-network-plng,sitetracker_data,ST_FXP_PHASE_ELSE_SITE_DAILY_SNAP_T,planning_accepts_handoff_f,TIMESTAMP
rpt-network-plng,sitetracker_data,ST_FXP_PHASE_ELSE_SITE_DAILY_SNAP_T,planning_gate_decision_a,TIMESTAMP
rpt-network-plng,sitetracker_data,ST_FXP_PHASE_ELSE_SITE_DAILY_SNAP_T,planning_gate_decision_f,TIMESTAMP
rpt-network-plng,sitetracker_data,ST_FXP_PHASE_ELSE_SITE_DAILY_SNAP_T,planning_gate_submittal_a,TIMESTAMP
rpt-network-plng,sitetracker_data,ST_FXP_PHASE_ELSE_SITE_DAILY_SNAP_T,planning_gate_submittal_f,TIMESTAMP
rpt-network-plng,sitetracker_data,ST_FXP_PHASE_ELSE_SITE_DAILY_SNAP_T,planning_handoff_complete_a,TIMESTAMP
rpt-network-plng,sitetracker_data,ST_FXP_PHASE_ELSE_SITE_DAILY_SNAP_T,planning_handoff_complete_f,TIMESTAMP
rpt-network-plng,sitetracker_data,ST_FXP_PHASE_ELSE_SITE_DAILY_SNAP_T,plats_uploaded,NUMERIC
rpt-network-plng,sitetracker_data,ST_FXP_PHASE_ELSE_SITE_DAILY_SNAP_T,poles_denied_s,NUMERIC
rpt-network-plng,sitetracker_data,ST_FXP_PHASE_ELSE_SITE_DAILY_SNAP_T,site_polygon_ecd,TIMESTAMP
rpt-network-plng,sitetracker_data,ST_FXP_PHASE_ELSE_SITE_DAILY_SNAP_T,phase_polygon_ecd,TIMESTAMP
rpt-network-plng,sitetracker_data,ST_FXP_PHASE_ELSE_SITE_DAILY_SNAP_T,site_polygon_id,STRING
rpt-network-plng,sitetracker_data,ST_FXP_PHASE_ELSE_SITE_DAILY_SNAP_T,phase_polygon_id,STRING
rpt-network-plng,sitetracker_data,ST_FXP_PHASE_ELSE_SITE_DAILY_SNAP_T,polygon_in_production_a,TIMESTAMP
rpt-network-plng,sitetracker_data,ST_FXP_PHASE_ELSE_SITE_DAILY_SNAP_T,polygon_in_production_f,TIMESTAMP
rpt-network-plng,sitetracker_data,ST_FXP_PHASE_ELSE_SITE_DAILY_SNAP_T,site_polygon_in_service,STRING
rpt-network-plng,sitetracker_data,ST_FXP_PHASE_ELSE_SITE_DAILY_SNAP_T,phase_polygon_in_service,STRING
rpt-network-plng,sitetracker_data,ST_FXP_PHASE_ELSE_SITE_DAILY_SNAP_T,site_polygon_in_service_date,TIMESTAMP
rpt-network-plng,sitetracker_data,ST_FXP_PHASE_ELSE_SITE_DAILY_SNAP_T,phase_polygon_in_service_date,TIMESTAMP
rpt-network-plng,sitetracker_data,ST_FXP_PHASE_ELSE_SITE_DAILY_SNAP_T,site_polygon_status,STRING
rpt-network-plng,sitetracker_data,ST_FXP_PHASE_ELSE_SITE_DAILY_SNAP_T,phase_polygon_status,STRING
rpt-network-plng,sitetracker_data,ST_FXP_PHASE_ELSE_SITE_DAILY_SNAP_T,pom_decision_a,TIMESTAMP
rpt-network-plng,sitetracker_data,ST_FXP_PHASE_ELSE_SITE_DAILY_SNAP_T,pom_decision_f,TIMESTAMP
rpt-network-plng,sitetracker_data,ST_FXP_PHASE_ELSE_SITE_DAILY_SNAP_T,pom_review_a,TIMESTAMP
rpt-network-plng,sitetracker_data,ST_FXP_PHASE_ELSE_SITE_DAILY_SNAP_T,pom_review_f,TIMESTAMP
rpt-network-plng,sitetracker_data,ST_FXP_PHASE_ELSE_SITE_DAILY_SNAP_T,ports,STRING
rpt-network-plng,sitetracker_data,ST_FXP_PHASE_ELSE_SITE_DAILY_SNAP_T,power_company_name,STRING
rpt-network-plng,sitetracker_data,ST_FXP_PHASE_ELSE_SITE_DAILY_SNAP_T,power_source,STRING
rpt-network-plng,sitetracker_data,ST_FXP_PHASE_ELSE_SITE_DAILY_SNAP_T,power_source_location,STRING
rpt-network-plng,sitetracker_data,ST_FXP_PHASE_ELSE_SITE_DAILY_SNAP_T,premise_equipment_installed_a,TIMESTAMP
rpt-network-plng,sitetracker_data,ST_FXP_PHASE_ELSE_SITE_DAILY_SNAP_T,premise_equipment_installed_f,TIMESTAMP
rpt-network-plng,sitetracker_data,ST_FXP_PHASE_ELSE_SITE_DAILY_SNAP_T,site_premise_ready,TIMESTAMP
rpt-network-plng,sitetracker_data,ST_FXP_PHASE_ELSE_SITE_DAILY_SNAP_T,phase_premise_ready,TIMESTAMP
rpt-network-plng,sitetracker_data,ST_FXP_PHASE_ELSE_SITE_DAILY_SNAP_T,primary_power_company_name,STRING
rpt-network-plng,sitetracker_data,ST_FXP_PHASE_ELSE_SITE_DAILY_SNAP_T,site_program_name,STRING
rpt-network-plng,sitetracker_data,ST_FXP_PHASE_ELSE_SITE_DAILY_SNAP_T,phase_program_name,STRING
rpt-network-plng,sitetracker_data,ST_FXP_PHASE_ELSE_SITE_DAILY_SNAP_T,site_project_audit_comments,STRING
rpt-network-plng,sitetracker_data,ST_FXP_PHASE_ELSE_SITE_DAILY_SNAP_T,phase_project_audit_comments,STRING
rpt-network-plng,sitetracker_data,ST_FXP_PHASE_ELSE_SITE_DAILY_SNAP_T,site_project_audit_requested,NUMERIC
rpt-network-plng,sitetracker_data,ST_FXP_PHASE_ELSE_SITE_DAILY_SNAP_T,phase_project_audit_requested,NUMERIC
rpt-network-plng,sitetracker_data,ST_FXP_PHASE_ELSE_SITE_DAILY_SNAP_T,project_boundary_created_a,TIMESTAMP
rpt-network-plng,sitetracker_data,ST_FXP_PHASE_ELSE_SITE_DAILY_SNAP_T,project_boundary_created_f,TIMESTAMP
rpt-network-plng,sitetracker_data,ST_FXP_PHASE_ELSE_SITE_DAILY_SNAP_T,site_project_comments_history_long_text,STRING
rpt-network-plng,sitetracker_data,ST_FXP_PHASE_ELSE_SITE_DAILY_SNAP_T,phase_project_comments_history_long_text,STRING
rpt-network-plng,sitetracker_data,ST_FXP_PHASE_ELSE_SITE_DAILY_SNAP_T,site_project_comments_long_text,STRING
rpt-network-plng,sitetracker_data,ST_FXP_PHASE_ELSE_SITE_DAILY_SNAP_T,phase_project_comments_long_text,STRING
rpt-network-plng,sitetracker_data,ST_FXP_PHASE_ELSE_SITE_DAILY_SNAP_T,site_project_description,STRING
rpt-network-plng,sitetracker_data,ST_FXP_PHASE_ELSE_SITE_DAILY_SNAP_T,phase_project_description,STRING
rpt-network-plng,sitetracker_data,ST_FXP_PHASE_ELSE_SITE_DAILY_SNAP_T,project_fiber_aerial_footage,NUMERIC
rpt-network-plng,sitetracker_data,ST_FXP_PHASE_ELSE_SITE_DAILY_SNAP_T,project_fiber_buried_ug_footage,NUMERIC
rpt-network-plng,sitetracker_data,ST_FXP_PHASE_ELSE_SITE_DAILY_SNAP_T,project_fiber_footage,NUMERIC
rpt-network-plng,sitetracker_data,ST_FXP_PHASE_ELSE_SITE_DAILY_SNAP_T,project_fiber_plcg_footage_complete,NUMERIC
rpt-network-plng,sitetracker_data,ST_FXP_PHASE_ELSE_SITE_DAILY_SNAP_T,project_fiber_plcg_percentage,NUMERIC
rpt-network-plng,sitetracker_data,ST_FXP_PHASE_ELSE_SITE_DAILY_SNAP_T,project_fiber_spl_footage_complete,NUMERIC
rpt-network-plng,sitetracker_data,ST_FXP_PHASE_ELSE_SITE_DAILY_SNAP_T,project_fiber_spl_percentage,NUMERIC
rpt-network-plng,sitetracker_data,ST_FXP_PHASE_ELSE_SITE_DAILY_SNAP_T,project_initiated_in_sap_fireworks_a,TIMESTAMP
rpt-network-plng,sitetracker_data,ST_FXP_PHASE_ELSE_SITE_DAILY_SNAP_T,project_initiated_in_sap_fireworks_f,TIMESTAMP
rpt-network-plng,sitetracker_data,ST_FXP_PHASE_ELSE_SITE_DAILY_SNAP_T,site_project_name,STRING
rpt-network-plng,sitetracker_data,ST_FXP_PHASE_ELSE_SITE_DAILY_SNAP_T,phase_project_name,STRING
rpt-network-plng,sitetracker_data,ST_FXP_PHASE_ELSE_SITE_DAILY_SNAP_T,project_redlines_completed_a,TIMESTAMP
rpt-network-plng,sitetracker_data,ST_FXP_PHASE_ELSE_SITE_DAILY_SNAP_T,project_redlines_completed_f,TIMESTAMP
rpt-network-plng,sitetracker_data,ST_FXP_PHASE_ELSE_SITE_DAILY_SNAP_T,provisioning_complete_a,TIMESTAMP
rpt-network-plng,sitetracker_data,ST_FXP_PHASE_ELSE_SITE_DAILY_SNAP_T,provisioning_complete_f,TIMESTAMP
rpt-network-plng,sitetracker_data,ST_FXP_PHASE_ELSE_SITE_DAILY_SNAP_T,pta_pole_application_submitted_a,TIMESTAMP
rpt-network-plng,sitetracker_data,ST_FXP_PHASE_ELSE_SITE_DAILY_SNAP_T,pta_pole_application_submitted_f,TIMESTAMP
rpt-network-plng,sitetracker_data,ST_FXP_PHASE_ELSE_SITE_DAILY_SNAP_T,pta_received_from_pole_owner_a,TIMESTAMP
rpt-network-plng,sitetracker_data,ST_FXP_PHASE_ELSE_SITE_DAILY_SNAP_T,pta_received_from_pole_owner_f,TIMESTAMP
rpt-network-plng,sitetracker_data,ST_FXP_PHASE_ELSE_SITE_DAILY_SNAP_T,pta_vendor_assignment_p,STRING
rpt-network-plng,sitetracker_data,ST_FXP_PHASE_ELSE_SITE_DAILY_SNAP_T,pta_vendor_assignment_s,STRING
rpt-network-plng,sitetracker_data,ST_FXP_PHASE_ELSE_SITE_DAILY_SNAP_T,pta_vendor_p,STRING
rpt-network-plng,sitetracker_data,ST_FXP_PHASE_ELSE_SITE_DAILY_SNAP_T,pta_vendor_s,STRING
rpt-network-plng,sitetracker_data,ST_FXP_PHASE_ELSE_SITE_DAILY_SNAP_T,pun_form_a,TIMESTAMP
rpt-network-plng,sitetracker_data,ST_FXP_PHASE_ELSE_SITE_DAILY_SNAP_T,pun_form_f,TIMESTAMP
rpt-network-plng,sitetracker_data,ST_FXP_PHASE_ELSE_SITE_DAILY_SNAP_T,qf_automation_posted_to_top_a,TIMESTAMP
rpt-network-plng,sitetracker_data,ST_FXP_PHASE_ELSE_SITE_DAILY_SNAP_T,qf_automation_posted_to_top_f,TIMESTAMP
rpt-network-plng,sitetracker_data,ST_FXP_PHASE_ELSE_SITE_DAILY_SNAP_T,record_updates_final_post_a,TIMESTAMP
rpt-network-plng,sitetracker_data,ST_FXP_PHASE_ELSE_SITE_DAILY_SNAP_T,record_updates_final_post_f,TIMESTAMP
rpt-network-plng,sitetracker_data,ST_FXP_PHASE_ELSE_SITE_DAILY_SNAP_T,redlines_to_design_a,TIMESTAMP
rpt-network-plng,sitetracker_data,ST_FXP_PHASE_ELSE_SITE_DAILY_SNAP_T,redlines_to_design_f,TIMESTAMP
rpt-network-plng,sitetracker_data,ST_FXP_PHASE_ELSE_SITE_DAILY_SNAP_T,site_reject_flag,NUMERIC
rpt-network-plng,sitetracker_data,ST_FXP_PHASE_ELSE_SITE_DAILY_SNAP_T,phase_reject_flag,NUMERIC
rpt-network-plng,sitetracker_data,ST_FXP_PHASE_ELSE_SITE_DAILY_SNAP_T,related_f1_footage_plcg_complete,NUMERIC
rpt-network-plng,sitetracker_data,ST_FXP_PHASE_ELSE_SITE_DAILY_SNAP_T,related_f1_footage_spl_complete,NUMERIC
rpt-network-plng,sitetracker_data,ST_FXP_PHASE_ELSE_SITE_DAILY_SNAP_T,related_f1_plcg_percentage_complete,NUMERIC
rpt-network-plng,sitetracker_data,ST_FXP_PHASE_ELSE_SITE_DAILY_SNAP_T,related_f1_spl_percentage_complete,NUMERIC
rpt-network-plng,sitetracker_data,ST_FXP_PHASE_ELSE_SITE_DAILY_SNAP_T,related_f2_footage_plcg_complete,NUMERIC
rpt-network-plng,sitetracker_data,ST_FXP_PHASE_ELSE_SITE_DAILY_SNAP_T,related_f2_footage_spl_complete,NUMERIC
rpt-network-plng,sitetracker_data,ST_FXP_PHASE_ELSE_SITE_DAILY_SNAP_T,related_f2_plcg_percentage_complete,NUMERIC
rpt-network-plng,sitetracker_data,ST_FXP_PHASE_ELSE_SITE_DAILY_SNAP_T,related_f2_spl_percentage_complete,NUMERIC
rpt-network-plng,sitetracker_data,ST_FXP_PHASE_ELSE_SITE_DAILY_SNAP_T,related_fiber_aerial_footage,NUMERIC
rpt-network-plng,sitetracker_data,ST_FXP_PHASE_ELSE_SITE_DAILY_SNAP_T,related_fiber_buried_ug_footage,NUMERIC
rpt-network-plng,sitetracker_data,ST_FXP_PHASE_ELSE_SITE_DAILY_SNAP_T,related_fiber_footage,NUMERIC
rpt-network-plng,sitetracker_data,ST_FXP_PHASE_ELSE_SITE_DAILY_SNAP_T,related_fiber_plcg_footage_complete,NUMERIC
rpt-network-plng,sitetracker_data,ST_FXP_PHASE_ELSE_SITE_DAILY_SNAP_T,related_fiber_plcg_percentage,NUMERIC
rpt-network-plng,sitetracker_data,ST_FXP_PHASE_ELSE_SITE_DAILY_SNAP_T,related_fiber_spl_footage_complete,NUMERIC
rpt-network-plng,sitetracker_data,ST_FXP_PHASE_ELSE_SITE_DAILY_SNAP_T,related_fiber_spl_percentage,NUMERIC
rpt-network-plng,sitetracker_data,ST_FXP_PHASE_ELSE_SITE_DAILY_SNAP_T,related_project_s_implementation_a,TIMESTAMP
rpt-network-plng,sitetracker_data,ST_FXP_PHASE_ELSE_SITE_DAILY_SNAP_T,related_project_s_implementation_f,TIMESTAMP
rpt-network-plng,sitetracker_data,ST_FXP_PHASE_ELSE_SITE_DAILY_SNAP_T,relay_rack,STRING
rpt-network-plng,sitetracker_data,ST_FXP_PHASE_ELSE_SITE_DAILY_SNAP_T,released_to_construction_a,TIMESTAMP
rpt-network-plng,sitetracker_data,ST_FXP_PHASE_ELSE_SITE_DAILY_SNAP_T,released_to_construction_f,TIMESTAMP
rpt-network-plng,sitetracker_data,ST_FXP_PHASE_ELSE_SITE_DAILY_SNAP_T,review_capital_design_and_add_f1_cos_a,TIMESTAMP
rpt-network-plng,sitetracker_data,ST_FXP_PHASE_ELSE_SITE_DAILY_SNAP_T,review_capital_design_and_add_f1_cos_f,TIMESTAMP
rpt-network-plng,sitetracker_data,ST_FXP_PHASE_ELSE_SITE_DAILY_SNAP_T,review_in_staging_a,TIMESTAMP
rpt-network-plng,sitetracker_data,ST_FXP_PHASE_ELSE_SITE_DAILY_SNAP_T,review_in_staging_f,TIMESTAMP
rpt-network-plng,sitetracker_data,ST_FXP_PHASE_ELSE_SITE_DAILY_SNAP_T,sf_phase_record,STRING
rpt-network-plng,sitetracker_data,ST_FXP_PHASE_ELSE_SITE_DAILY_SNAP_T,sales_osr_contact,STRING
rpt-network-plng,sitetracker_data,ST_FXP_PHASE_ELSE_SITE_DAILY_SNAP_T,sf_implementation_record,STRING
rpt-network-plng,sitetracker_data,ST_FXP_PHASE_ELSE_SITE_DAILY_SNAP_T,sap_system_status,STRING
rpt-network-plng,sitetracker_data,ST_FXP_PHASE_ELSE_SITE_DAILY_SNAP_T,secondary_power_company_name,STRING
rpt-network-plng,sitetracker_data,ST_FXP_PHASE_ELSE_SITE_DAILY_SNAP_T,segment,STRING
rpt-network-plng,sitetracker_data,ST_FXP_PHASE_ELSE_SITE_DAILY_SNAP_T,service_area,STRING
rpt-network-plng,sitetracker_data,ST_FXP_PHASE_ELSE_SITE_DAILY_SNAP_T,shelf,STRING
rpt-network-plng,sitetracker_data,ST_FXP_PHASE_ELSE_SITE_DAILY_SNAP_T,site_project_status,STRING
rpt-network-plng,sitetracker_data,ST_FXP_PHASE_ELSE_SITE_DAILY_SNAP_T,phase_project_status,STRING
rpt-network-plng,sitetracker_data,ST_FXP_PHASE_ELSE_SITE_DAILY_SNAP_T,site_project_status_override,NUMERIC
rpt-network-plng,sitetracker_data,ST_FXP_PHASE_ELSE_SITE_DAILY_SNAP_T,site_project_status_override_reason,STRING
rpt-network-plng,sitetracker_data,ST_FXP_PHASE_ELSE_SITE_DAILY_SNAP_T,phase_project_status_override,NUMERIC
rpt-network-plng,sitetracker_data,ST_FXP_PHASE_ELSE_SITE_DAILY_SNAP_T,phase_project_status_override_reason,STRING
rpt-network-plng,sitetracker_data,ST_FXP_PHASE_ELSE_SITE_DAILY_SNAP_T,site_name,STRING
rpt-network-plng,sitetracker_data,ST_FXP_PHASE_ELSE_SITE_DAILY_SNAP_T,sitewalk_category_1,STRING
rpt-network-plng,sitetracker_data,ST_FXP_PHASE_ELSE_SITE_DAILY_SNAP_T,sitewalk_category_2,STRING
rpt-network-plng,sitetracker_data,ST_FXP_PHASE_ELSE_SITE_DAILY_SNAP_T,sitewalk_completed_a,TIMESTAMP
rpt-network-plng,sitetracker_data,ST_FXP_PHASE_ELSE_SITE_DAILY_SNAP_T,sitewalk_completed_f,TIMESTAMP
rpt-network-plng,sitetracker_data,ST_FXP_PHASE_ELSE_SITE_DAILY_SNAP_T,sitewalk_handed_off_a,TIMESTAMP
rpt-network-plng,sitetracker_data,ST_FXP_PHASE_ELSE_SITE_DAILY_SNAP_T,sitewalk_handed_off_f,TIMESTAMP
rpt-network-plng,sitetracker_data,ST_FXP_PHASE_ELSE_SITE_DAILY_SNAP_T,sitewalk_required,STRING
rpt-network-plng,sitetracker_data,ST_FXP_PHASE_ELSE_SITE_DAILY_SNAP_T,sitewalk_start_a,TIMESTAMP
rpt-network-plng,sitetracker_data,ST_FXP_PHASE_ELSE_SITE_DAILY_SNAP_T,sitewalk_start_f,TIMESTAMP
rpt-network-plng,sitetracker_data,ST_FXP_PHASE_ELSE_SITE_DAILY_SNAP_T,sitewalk_vendor_1,STRING
rpt-network-plng,sitetracker_data,ST_FXP_PHASE_ELSE_SITE_DAILY_SNAP_T,sitewalk_vendor_2,STRING
rpt-network-plng,sitetracker_data,ST_FXP_PHASE_ELSE_SITE_DAILY_SNAP_T,sow_form,STRING
rpt-network-plng,sitetracker_data,ST_FXP_PHASE_ELSE_SITE_DAILY_SNAP_T,splicing_a,TIMESTAMP
rpt-network-plng,sitetracker_data,ST_FXP_PHASE_ELSE_SITE_DAILY_SNAP_T,splicing_f,TIMESTAMP
rpt-network-plng,sitetracker_data,ST_FXP_PHASE_ELSE_SITE_DAILY_SNAP_T,splitter_size,STRING
rpt-network-plng,sitetracker_data,ST_FXP_PHASE_ELSE_SITE_DAILY_SNAP_T,site_star_id_1,STRING
rpt-network-plng,sitetracker_data,ST_FXP_PHASE_ELSE_SITE_DAILY_SNAP_T,site_star_id_2,STRING
rpt-network-plng,sitetracker_data,ST_FXP_PHASE_ELSE_SITE_DAILY_SNAP_T,site_star_id_3,STRING
rpt-network-plng,sitetracker_data,ST_FXP_PHASE_ELSE_SITE_DAILY_SNAP_T,site_star_id_4,STRING
rpt-network-plng,sitetracker_data,ST_FXP_PHASE_ELSE_SITE_DAILY_SNAP_T,site_star_id_5,STRING
rpt-network-plng,sitetracker_data,ST_FXP_PHASE_ELSE_SITE_DAILY_SNAP_T,site_star_id_6,STRING
rpt-network-plng,sitetracker_data,ST_FXP_PHASE_ELSE_SITE_DAILY_SNAP_T,site_star_id_7,STRING
rpt-network-plng,sitetracker_data,ST_FXP_PHASE_ELSE_SITE_DAILY_SNAP_T,site_star_id_8,STRING
rpt-network-plng,sitetracker_data,ST_FXP_PHASE_ELSE_SITE_DAILY_SNAP_T,site_star_id_9,STRING
rpt-network-plng,sitetracker_data,ST_FXP_PHASE_ELSE_SITE_DAILY_SNAP_T,site_star_id_10,STRING
rpt-network-plng,sitetracker_data,ST_FXP_PHASE_ELSE_SITE_DAILY_SNAP_T,site_star_id_11,STRING
rpt-network-plng,sitetracker_data,ST_FXP_PHASE_ELSE_SITE_DAILY_SNAP_T,site_star_id_12,STRING
rpt-network-plng,sitetracker_data,ST_FXP_PHASE_ELSE_SITE_DAILY_SNAP_T,site_star_id_13,STRING
rpt-network-plng,sitetracker_data,ST_FXP_PHASE_ELSE_SITE_DAILY_SNAP_T,site_star_id_14,STRING
rpt-network-plng,sitetracker_data,ST_FXP_PHASE_ELSE_SITE_DAILY_SNAP_T,site_star_id_15,STRING
rpt-network-plng,sitetracker_data,ST_FXP_PHASE_ELSE_SITE_DAILY_SNAP_T,site_star_id_16,STRING
rpt-network-plng,sitetracker_data,ST_FXP_PHASE_ELSE_SITE_DAILY_SNAP_T,site_star_id_17,STRING
rpt-network-plng,sitetracker_data,ST_FXP_PHASE_ELSE_SITE_DAILY_SNAP_T,site_star_id_18,STRING
rpt-network-plng,sitetracker_data,ST_FXP_PHASE_ELSE_SITE_DAILY_SNAP_T,site_star_id_19,STRING
rpt-network-plng,sitetracker_data,ST_FXP_PHASE_ELSE_SITE_DAILY_SNAP_T,site_star_id_20,STRING
rpt-network-plng,sitetracker_data,ST_FXP_PHASE_ELSE_SITE_DAILY_SNAP_T,phase_star_id_1,STRING
rpt-network-plng,sitetracker_data,ST_FXP_PHASE_ELSE_SITE_DAILY_SNAP_T,phase_star_id_2,STRING
rpt-network-plng,sitetracker_data,ST_FXP_PHASE_ELSE_SITE_DAILY_SNAP_T,phase_star_id_3,STRING
rpt-network-plng,sitetracker_data,ST_FXP_PHASE_ELSE_SITE_DAILY_SNAP_T,phase_star_id_4,STRING
rpt-network-plng,sitetracker_data,ST_FXP_PHASE_ELSE_SITE_DAILY_SNAP_T,phase_star_id_5,STRING
rpt-network-plng,sitetracker_data,ST_FXP_PHASE_ELSE_SITE_DAILY_SNAP_T,phase_star_id_6,STRING
rpt-network-plng,sitetracker_data,ST_FXP_PHASE_ELSE_SITE_DAILY_SNAP_T,phase_star_id_7,STRING
rpt-network-plng,sitetracker_data,ST_FXP_PHASE_ELSE_SITE_DAILY_SNAP_T,phase_star_id_8,STRING
rpt-network-plng,sitetracker_data,ST_FXP_PHASE_ELSE_SITE_DAILY_SNAP_T,phase_star_id_9,STRING
rpt-network-plng,sitetracker_data,ST_FXP_PHASE_ELSE_SITE_DAILY_SNAP_T,phase_star_id_10,STRING
rpt-network-plng,sitetracker_data,ST_FXP_PHASE_ELSE_SITE_DAILY_SNAP_T,phase_star_id_11,STRING
rpt-network-plng,sitetracker_data,ST_FXP_PHASE_ELSE_SITE_DAILY_SNAP_T,phase_star_id_12,STRING
rpt-network-plng,sitetracker_data,ST_FXP_PHASE_ELSE_SITE_DAILY_SNAP_T,phase_star_id_13,STRING
rpt-network-plng,sitetracker_data,ST_FXP_PHASE_ELSE_SITE_DAILY_SNAP_T,phase_star_id_14,STRING
rpt-network-plng,sitetracker_data,ST_FXP_PHASE_ELSE_SITE_DAILY_SNAP_T,phase_star_id_15,STRING
rpt-network-plng,sitetracker_data,ST_FXP_PHASE_ELSE_SITE_DAILY_SNAP_T,phase_star_id_16,STRING
rpt-network-plng,sitetracker_data,ST_FXP_PHASE_ELSE_SITE_DAILY_SNAP_T,phase_star_id_17,STRING
rpt-network-plng,sitetracker_data,ST_FXP_PHASE_ELSE_SITE_DAILY_SNAP_T,phase_star_id_18,STRING
rpt-network-plng,sitetracker_data,ST_FXP_PHASE_ELSE_SITE_DAILY_SNAP_T,phase_star_id_19,STRING
rpt-network-plng,sitetracker_data,ST_FXP_PHASE_ELSE_SITE_DAILY_SNAP_T,phase_star_id_20,STRING
rpt-network-plng,sitetracker_data,ST_FXP_PHASE_ELSE_SITE_DAILY_SNAP_T,submit_capital_design_for_assessment_a,TIMESTAMP
rpt-network-plng,sitetracker_data,ST_FXP_PHASE_ELSE_SITE_DAILY_SNAP_T,submit_capital_design_for_assessment_f,TIMESTAMP
rpt-network-plng,sitetracker_data,ST_FXP_PHASE_ELSE_SITE_DAILY_SNAP_T,submits_proposal_to_developer_a,TIMESTAMP
rpt-network-plng,sitetracker_data,ST_FXP_PHASE_ELSE_SITE_DAILY_SNAP_T,submits_proposal_to_developer_f,TIMESTAMP
rpt-network-plng,sitetracker_data,ST_FXP_PHASE_ELSE_SITE_DAILY_SNAP_T,submitted_to_prod_a,TIMESTAMP
rpt-network-plng,sitetracker_data,ST_FXP_PHASE_ELSE_SITE_DAILY_SNAP_T,submitted_to_prod_f,TIMESTAMP
rpt-network-plng,sitetracker_data,ST_FXP_PHASE_ELSE_SITE_DAILY_SNAP_T,submitted_to_staging_a,TIMESTAMP
rpt-network-plng,sitetracker_data,ST_FXP_PHASE_ELSE_SITE_DAILY_SNAP_T,submitted_to_staging_f,TIMESTAMP
rpt-network-plng,sitetracker_data,ST_FXP_PHASE_ELSE_SITE_DAILY_SNAP_T,success_in_prod_a,TIMESTAMP
rpt-network-plng,sitetracker_data,ST_FXP_PHASE_ELSE_SITE_DAILY_SNAP_T,success_in_prod_f,TIMESTAMP
rpt-network-plng,sitetracker_data,ST_FXP_PHASE_ELSE_SITE_DAILY_SNAP_T,service_delivery,STRING
rpt-network-plng,sitetracker_data,ST_FXP_PHASE_ELSE_SITE_DAILY_SNAP_T,tdm_required,STRING
rpt-network-plng,sitetracker_data,ST_FXP_PHASE_ELSE_SITE_DAILY_SNAP_T,tech_resources_in_salesforce,STRING
rpt-network-plng,sitetracker_data,ST_FXP_PHASE_ELSE_SITE_DAILY_SNAP_T,technically_complete_a,TIMESTAMP
rpt-network-plng,sitetracker_data,ST_FXP_PHASE_ELSE_SITE_DAILY_SNAP_T,technically_complete_f,TIMESTAMP
rpt-network-plng,sitetracker_data,ST_FXP_PHASE_ELSE_SITE_DAILY_SNAP_T,site_third_party_make_ready_estimate_complete,TIMESTAMP
rpt-network-plng,sitetracker_data,ST_FXP_PHASE_ELSE_SITE_DAILY_SNAP_T,phase_third_party_make_ready_estimate_complete,TIMESTAMP
rpt-network-plng,sitetracker_data,ST_FXP_PHASE_ELSE_SITE_DAILY_SNAP_T,tid,STRING
rpt-network-plng,sitetracker_data,ST_FXP_PHASE_ELSE_SITE_DAILY_SNAP_T,tie_pair_name,STRING
rpt-network-plng,sitetracker_data,ST_FXP_PHASE_ELSE_SITE_DAILY_SNAP_T,tirks_circuits_requested_a,TIMESTAMP
rpt-network-plng,sitetracker_data,ST_FXP_PHASE_ELSE_SITE_DAILY_SNAP_T,tirks_circuits_requested_f,TIMESTAMP
rpt-network-plng,sitetracker_data,ST_FXP_PHASE_ELSE_SITE_DAILY_SNAP_T,tirks_fiber_inventory_f1_submitted_a,TIMESTAMP
rpt-network-plng,sitetracker_data,ST_FXP_PHASE_ELSE_SITE_DAILY_SNAP_T,tirks_fiber_inventory_f1_submitted_f,TIMESTAMP
rpt-network-plng,sitetracker_data,ST_FXP_PHASE_ELSE_SITE_DAILY_SNAP_T,total_fiber_aerial_footage,NUMERIC
rpt-network-plng,sitetracker_data,ST_FXP_PHASE_ELSE_SITE_DAILY_SNAP_T,total_fiber_buried_ug_footage,NUMERIC
rpt-network-plng,sitetracker_data,ST_FXP_PHASE_ELSE_SITE_DAILY_SNAP_T,total_fiber_footage,NUMERIC
rpt-network-plng,sitetracker_data,ST_FXP_PHASE_ELSE_SITE_DAILY_SNAP_T,total_fiber_plcg_footage_complete,NUMERIC
rpt-network-plng,sitetracker_data,ST_FXP_PHASE_ELSE_SITE_DAILY_SNAP_T,total_fiber_plcg_percentage,NUMERIC
rpt-network-plng,sitetracker_data,ST_FXP_PHASE_ELSE_SITE_DAILY_SNAP_T,total_fiber_spl_footage_complete,NUMERIC
rpt-network-plng,sitetracker_data,ST_FXP_PHASE_ELSE_SITE_DAILY_SNAP_T,total_fiber_spl_percentage,NUMERIC
rpt-network-plng,sitetracker_data,ST_FXP_PHASE_ELSE_SITE_DAILY_SNAP_T,total_make_ready_cost,NUMERIC
rpt-network-plng,sitetracker_data,ST_FXP_PHASE_ELSE_SITE_DAILY_SNAP_T,total_number_of_poles,NUMERIC
rpt-network-plng,sitetracker_data,ST_FXP_PHASE_ELSE_SITE_DAILY_SNAP_T,total_permit_fees,NUMERIC
rpt-network-plng,sitetracker_data,ST_FXP_PHASE_ELSE_SITE_DAILY_SNAP_T,total_permits_submitted,NUMERIC
rpt-network-plng,sitetracker_data,ST_FXP_PHASE_ELSE_SITE_DAILY_SNAP_T,total_poles_denied,NUMERIC
rpt-network-plng,sitetracker_data,ST_FXP_PHASE_ELSE_SITE_DAILY_SNAP_T,trench_type,STRING
rpt-network-plng,sitetracker_data,ST_FXP_PHASE_ELSE_SITE_DAILY_SNAP_T,turned_up_market_launch_a,TIMESTAMP
rpt-network-plng,sitetracker_data,ST_FXP_PHASE_ELSE_SITE_DAILY_SNAP_T,turned_up_market_launch_f,TIMESTAMP
rpt-network-plng,sitetracker_data,ST_FXP_PHASE_ELSE_SITE_DAILY_SNAP_T,upload_asbuilts_a,TIMESTAMP
rpt-network-plng,sitetracker_data,ST_FXP_PHASE_ELSE_SITE_DAILY_SNAP_T,upload_asbuilts_f,TIMESTAMP
rpt-network-plng,sitetracker_data,ST_FXP_PHASE_ELSE_SITE_DAILY_SNAP_T,validate_qual_type_in_the_qf_portal_a,TIMESTAMP
rpt-network-plng,sitetracker_data,ST_FXP_PHASE_ELSE_SITE_DAILY_SNAP_T,validate_qual_type_in_the_qf_portal_f,TIMESTAMP
rpt-network-plng,sitetracker_data,ST_FXP_PHASE_ELSE_SITE_DAILY_SNAP_T,vendor_assignment_a,TIMESTAMP
rpt-network-plng,sitetracker_data,ST_FXP_PHASE_ELSE_SITE_DAILY_SNAP_T,vendor_assignment_f,TIMESTAMP
rpt-network-plng,sitetracker_data,ST_FXP_PHASE_ELSE_SITE_DAILY_SNAP_T,vendor_commitment_confirmed_a,TIMESTAMP
rpt-network-plng,sitetracker_data,ST_FXP_PHASE_ELSE_SITE_DAILY_SNAP_T,vendor_commitment_confirmed_f,TIMESTAMP
rpt-network-plng,sitetracker_data,ST_FXP_PHASE_ELSE_SITE_DAILY_SNAP_T,site_vendor_contract_assignment,STRING
rpt-network-plng,sitetracker_data,ST_FXP_PHASE_ELSE_SITE_DAILY_SNAP_T,phase_vendor_contract_assignment,STRING
rpt-network-plng,sitetracker_data,ST_FXP_PHASE_ELSE_SITE_DAILY_SNAP_T,vendor_materials_ordered_a,TIMESTAMP
rpt-network-plng,sitetracker_data,ST_FXP_PHASE_ELSE_SITE_DAILY_SNAP_T,vendor_materials_ordered_f,TIMESTAMP
rpt-network-plng,sitetracker_data,ST_FXP_PHASE_ELSE_SITE_DAILY_SNAP_T,vendor_materials_received_a,TIMESTAMP
rpt-network-plng,sitetracker_data,ST_FXP_PHASE_ELSE_SITE_DAILY_SNAP_T,vendor_materials_received_f,TIMESTAMP
rpt-network-plng,sitetracker_data,ST_FXP_PHASE_ELSE_SITE_DAILY_SNAP_T,verb_code_and_description,STRING
rpt-network-plng,sitetracker_data,ST_FXP_PHASE_ELSE_SITE_DAILY_SNAP_T,verify_actuals_a,TIMESTAMP
rpt-network-plng,sitetracker_data,ST_FXP_PHASE_ELSE_SITE_DAILY_SNAP_T,verify_actuals_f,TIMESTAMP
rpt-network-plng,sitetracker_data,ST_FXP_PHASE_ELSE_SITE_DAILY_SNAP_T,what_job_placed_olt,STRING
rpt-network-plng,sitetracker_data,ST_FXP_PHASE_ELSE_SITE_DAILY_SNAP_T,site_why,STRING
rpt-network-plng,sitetracker_data,ST_FXP_PHASE_ELSE_SITE_DAILY_SNAP_T,phase_why,STRING
rpt-network-plng,sitetracker_data,ST_FXP_PHASE_ELSE_SITE_DAILY_SNAP_T,site_why_now,STRING
rpt-network-plng,sitetracker_data,ST_FXP_PHASE_ELSE_SITE_DAILY_SNAP_T,phase_why_now,STRING
rpt-network-plng,sitetracker_data,ST_FXP_PHASE_ELSE_SITE_DAILY_SNAP_T,won_1st_home,STRING
rpt-network-plng,sitetracker_data,ST_FXP_PHASE_ELSE_SITE_DAILY_SNAP_T,site_work_type,STRING
rpt-network-plng,sitetracker_data,ST_FXP_PHASE_ELSE_SITE_DAILY_SNAP_T,phase_work_type,STRING
rpt-network-plng,sitetracker_data,ST_FXP_PHASE_ELSE_SITE_DAILY_SNAP_T,wrecking_restoral_a,TIMESTAMP
rpt-network-plng,sitetracker_data,ST_FXP_PHASE_ELSE_SITE_DAILY_SNAP_T,wrecking_restoral_f,TIMESTAMP
rpt-network-plng,sitetracker_data,ST_FXP_PHASE_ELSE_SITE_DAILY_SNAP_T,x3rd_party_aerial_make_ready_completed_a,TIMESTAMP
rpt-network-plng,sitetracker_data,ST_FXP_PHASE_ELSE_SITE_DAILY_SNAP_T,x3rd_party_aerial_make_ready_completed_f,TIMESTAMP
rpt-network-plng,sitetracker_data,ST_FXP_PHASE_ELSE_SITE_DAILY_SNAP_T,st_project_url,STRING
rpt-network-plng,sitetracker_data,ST_FXP_PHASE_ELSE_SITE_DAILY_SNAP_T,fw_project_url,STRING
rpt-network-plng,sitetracker_data,ST_FXP_PHASE_ELSE_SITE_DAILY_SNAP_T,site_st_project_id,STRING
rpt-network-plng,sitetracker_data,ST_FXP_PHASE_ELSE_SITE_DAILY_SNAP_T,site_project_type,STRING
rpt-network-plng,sitetracker_data,ST_FXP_PHASE_ELSE_SITE_DAILY_SNAP_T,site_st_project_url,STRING
rpt-network-plng,sitetracker_data,ST_FXP_PHASE_ELSE_SITE_DAILY_SNAP_T,site_fw_proj_url,STRING
rpt-network-plng,sitetracker_data,ST_FXP_PHASE_ELSE_SITE_DAILY_SNAP_T,phase_projects,STRING
rpt-network-plng,sitetracker_data,ST_FXP_PHASE_ELSE_SITE_DAILY_SNAP_T,related_projects,STRING
rpt-network-plng,sitetracker_data,ST_FXP_PHASE_ELSE_SITE_DAILY_SNAP_T,st_site_phase,STRING
rpt-network-plng,sitetracker_data,ST_FXP_PHASE_ELSE_SITE_DAILY_SNAP_T,meta_load_dttm,DATE
rpt-network-plng,sitetracker_data,ST_FXP_PHASE_ELSE_SITE_DAILY_SNAP_T,META_SRC_LOAD_DTTM,DATE
rpt-network-plng,sitetracker_data,TMP_ST_ALL_PROJECTS_T,ST_PROJECT_ID,STRING
rpt-network-plng,sitetracker_data,TMP_ST_ALL_PROJECTS_T,PROJECT_NAME,STRING
rpt-network-plng,sitetracker_data,TMP_ST_ALL_PROJECTS_T,PROJECT_DESCRIPTION,STRING
rpt-network-plng,sitetracker_data,TMP_ST_ALL_PROJECTS_T,PROJECT_TYPE,STRING
rpt-network-plng,sitetracker_data,TMP_ST_ALL_PROJECTS_T,PROJECT_STAGE,STRING
rpt-network-plng,sitetracker_data,TMP_ST_ALL_PROJECTS_T,PLANNING_STAGE,STRING
rpt-network-plng,sitetracker_data,TMP_ST_ALL_PROJECTS_T,ENGINEERING_STAGE,STRING
rpt-network-plng,sitetracker_data,TMP_ST_ALL_PROJECTS_T,BUILD_CATEGORY,STRING
rpt-network-plng,sitetracker_data,TMP_ST_ALL_PROJECTS_T,PROJECT_STATUS,STRING
rpt-network-plng,sitetracker_data,TMP_ST_ALL_PROJECTS_T,PROJECT_STATUS_OVERRIDE,NUMERIC
rpt-network-plng,sitetracker_data,TMP_ST_ALL_PROJECTS_T,PROJECT_STATUS_OVERRIDE_REASON,STRING
rpt-network-plng,sitetracker_data,TMP_ST_ALL_PROJECTS_T,PROJECT_COMMENTS,STRING
rpt-network-plng,sitetracker_data,TMP_ST_ALL_PROJECTS_T,PROJECT_COMMENTS_HISTORY,STRING
rpt-network-plng,sitetracker_data,TMP_ST_ALL_PROJECTS_T,PROJECT_COMMENTS_HISTORY_LONG,STRING
rpt-network-plng,sitetracker_data,TMP_ST_ALL_PROJECTS_T,PROJECT_COMMENTS_LONG_TEXT,STRING
rpt-network-plng,sitetracker_data,TMP_ST_ALL_PROJECTS_T,PROJECT_NOTE,STRING
rpt-network-plng,sitetracker_data,TMP_ST_ALL_PROJECTS_T,PROJECT_SCOPE,STRING
rpt-network-plng,sitetracker_data,TMP_ST_ALL_PROJECTS_T,AREA_VP,STRING
rpt-network-plng,sitetracker_data,TMP_ST_ALL_PROJECTS_T,AREA_DIRECTOR,STRING
rpt-network-plng,sitetracker_data,TMP_ST_ALL_PROJECTS_T,AREA_MANAGER,STRING
rpt-network-plng,sitetracker_data,TMP_ST_ALL_PROJECTS_T,REGION,STRING
rpt-network-plng,sitetracker_data,TMP_ST_ALL_PROJECTS_T,STATE,STRING
rpt-network-plng,sitetracker_data,TMP_ST_ALL_PROJECTS_T,CITY,STRING
rpt-network-plng,sitetracker_data,TMP_ST_ALL_PROJECTS_T,COUNTY,STRING
rpt-network-plng,sitetracker_data,TMP_ST_ALL_PROJECTS_T,EXCHANGE,STRING
rpt-network-plng,sitetracker_data,TMP_ST_ALL_PROJECTS_T,EXCHANGE_NAME,STRING
rpt-network-plng,sitetracker_data,TMP_ST_ALL_PROJECTS_T,COMPANY_CODE,STRING
rpt-network-plng,sitetracker_data,TMP_ST_ALL_PROJECTS_T,COMPANY_NAME,STRING
rpt-network-plng,sitetracker_data,TMP_ST_ALL_PROJECTS_T,MARKET,STRING
rpt-network-plng,sitetracker_data,TMP_ST_ALL_PROJECTS_T,MARKET_CLUSTER,STRING
rpt-network-plng,sitetracker_data,TMP_ST_ALL_PROJECTS_T,WIRE_CENTER,STRING
rpt-network-plng,sitetracker_data,TMP_ST_ALL_PROJECTS_T,WIRE_CENTER_NAME,STRING
rpt-network-plng,sitetracker_data,TMP_ST_ALL_PROJECTS_T,PRIMARY_WIRE_CENTER_ID,STRING
rpt-network-plng,sitetracker_data,TMP_ST_ALL_PROJECTS_T,PRIMARY_WIRE_CENTER_NAME,STRING
rpt-network-plng,sitetracker_data,TMP_ST_ALL_PROJECTS_T,LEGACY_COMPANY,STRING
rpt-network-plng,sitetracker_data,TMP_ST_ALL_PROJECTS_T,LEGACY_COMPANY_NAMES,STRING
rpt-network-plng,sitetracker_data,TMP_ST_ALL_PROJECTS_T,BUSINESS_CASE,STRING
rpt-network-plng,sitetracker_data,TMP_ST_ALL_PROJECTS_T,DEV_TYPE,STRING
rpt-network-plng,sitetracker_data,TMP_ST_ALL_PROJECTS_T,SERVICE_DELIVERY,STRING
rpt-network-plng,sitetracker_data,TMP_ST_ALL_PROJECTS_T,FIELD_TYPE,STRING
rpt-network-plng,sitetracker_data,TMP_ST_ALL_PROJECTS_T,BUILD_OR_NO_BUILD,STRING
rpt-network-plng,sitetracker_data,TMP_ST_ALL_PROJECTS_T,FW_PROJECT_ID,STRING
rpt-network-plng,sitetracker_data,TMP_ST_ALL_PROJECTS_T,FW_PROJECT_URL,STRING
rpt-network-plng,sitetracker_data,TMP_ST_ALL_PROJECTS_T,CATEGORY,STRING
rpt-network-plng,sitetracker_data,TMP_ST_ALL_PROJECTS_T,INVESTMENT_REASON,STRING
rpt-network-plng,sitetracker_data,TMP_ST_ALL_PROJECTS_T,VERB_CODE_AND_DESCRIPTION,STRING
rpt-network-plng,sitetracker_data,TMP_ST_ALL_PROJECTS_T,PROGRAM,STRING
rpt-network-plng,sitetracker_data,TMP_ST_ALL_PROJECTS_T,PROGRAM_NAME,STRING
rpt-network-plng,sitetracker_data,TMP_ST_ALL_PROJECTS_T,ST_PROGRAM_NAME,STRING
rpt-network-plng,sitetracker_data,TMP_ST_ALL_PROJECTS_T,ST_PROGRAM_NUMBER,STRING
rpt-network-plng,sitetracker_data,TMP_ST_ALL_PROJECTS_T,SIMPLE_CODE,STRING
rpt-network-plng,sitetracker_data,TMP_ST_ALL_PROJECTS_T,OWNER_NAME,STRING
rpt-network-plng,sitetracker_data,TMP_ST_ALL_PROJECTS_T,OWNER_CUID,STRING
rpt-network-plng,sitetracker_data,TMP_ST_ALL_PROJECTS_T,CREATED_DATE,TIMESTAMP
rpt-network-plng,sitetracker_data,TMP_ST_ALL_PROJECTS_T,CREATED_BY_NAME,STRING
rpt-network-plng,sitetracker_data,TMP_ST_ALL_PROJECTS_T,CREATED_BY_CUID,STRING
rpt-network-plng,sitetracker_data,TMP_ST_ALL_PROJECTS_T,LAST_MODIFIED_DATE,TIMESTAMP
rpt-network-plng,sitetracker_data,TMP_ST_ALL_PROJECTS_T,LAST_MODIFIED_BY_NAME,STRING
rpt-network-plng,sitetracker_data,TMP_ST_ALL_PROJECTS_T,LAST_MODIFIED_BY_CUID,STRING
rpt-network-plng,sitetracker_data,TMP_ST_ALL_PROJECTS_T,RESPONSIBLE_PERSON_NAME,STRING
rpt-network-plng,sitetracker_data,TMP_ST_ALL_PROJECTS_T,RESPONSIBLE_PERSON_CUID,STRING
rpt-network-plng,sitetracker_data,TMP_ST_ALL_PROJECTS_T,ENGINEER_NAME,STRING
rpt-network-plng,sitetracker_data,TMP_ST_ALL_PROJECTS_T,ENGINEER_CUID,STRING
rpt-network-plng,sitetracker_data,TMP_ST_ALL_PROJECTS_T,OSP_NATL_ENGR_NAME,STRING
rpt-network-plng,sitetracker_data,TMP_ST_ALL_PROJECTS_T,OSP_NATL_ENGR_CUID,STRING
rpt-network-plng,sitetracker_data,TMP_ST_ALL_PROJECTS_T,OSP_ENGINEER_NAME,STRING
rpt-network-plng,sitetracker_data,TMP_ST_ALL_PROJECTS_T,OSP_ENGINEER_CUID,STRING
rpt-network-plng,sitetracker_data,TMP_ST_ALL_PROJECTS_T,OSP_ENG_LOCAL_NAME,STRING
rpt-network-plng,sitetracker_data,TMP_ST_ALL_PROJECTS_T,OSP_ENG_LOCAL_CUID,STRING
rpt-network-plng,sitetracker_data,TMP_ST_ALL_PROJECTS_T,OSP_MANAGER_NAME,STRING
rpt-network-plng,sitetracker_data,TMP_ST_ALL_PROJECTS_T,OSP_MANAGER_CUID,STRING
rpt-network-plng,sitetracker_data,TMP_ST_ALL_PROJECTS_T,OSP_ENG_DIRECTOR_NAME,STRING
rpt-network-plng,sitetracker_data,TMP_ST_ALL_PROJECTS_T,OSP_ENG_DIRECTOR_CUID,STRING
rpt-network-plng,sitetracker_data,TMP_ST_ALL_PROJECTS_T,VENDOR_PM_NAME,STRING
rpt-network-plng,sitetracker_data,TMP_ST_ALL_PROJECTS_T,VENDOR_PM_CUID,STRING
rpt-network-plng,sitetracker_data,TMP_ST_ALL_PROJECTS_T,ENGINEERING_VENDOR_NAME,STRING
rpt-network-plng,sitetracker_data,TMP_ST_ALL_PROJECTS_T,ENGINEERING_VENDOR_CUID,STRING
rpt-network-plng,sitetracker_data,TMP_ST_ALL_PROJECTS_T,ST_ADVANCED_REPORTING_NAME,STRING
rpt-network-plng,sitetracker_data,TMP_ST_ALL_PROJECTS_T,ST_ADVANCED_REPORTING_CUID,STRING
rpt-network-plng,sitetracker_data,TMP_ST_ALL_PROJECTS_T,ORIGINAL_ECD_NCD,TIMESTAMP
rpt-network-plng,sitetracker_data,TMP_ST_ALL_PROJECTS_T,ECD,TIMESTAMP
rpt-network-plng,sitetracker_data,TMP_ST_ALL_PROJECTS_T,MODIFIED_ECD,TIMESTAMP
rpt-network-plng,sitetracker_data,TMP_ST_ALL_PROJECTS_T,ECDMCD_LATER_THAN_EXPECTED,NUMERIC
rpt-network-plng,sitetracker_data,TMP_ST_ALL_PROJECTS_T,ACTUAL_LAUNCH,TIMESTAMP
rpt-network-plng,sitetracker_data,TMP_ST_ALL_PROJECTS_T,FORECAST_LAUNCH,STRING
rpt-network-plng,sitetracker_data,TMP_ST_ALL_PROJECTS_T,LATITUDE,STRING
rpt-network-plng,sitetracker_data,TMP_ST_ALL_PROJECTS_T,LONGITUDE,STRING
rpt-network-plng,sitetracker_data,TMP_ST_ALL_PROJECTS_T,ABANDON_FACILITY_IN_PLACE,STRING
rpt-network-plng,sitetracker_data,TMP_ST_ALL_PROJECTS_T,ABANDON_FACILITY_IN_PLACE_COMMENTS,STRING
rpt-network-plng,sitetracker_data,TMP_ST_ALL_PROJECTS_T,ABANDON_FACILITY_IN_PLACE_COMMENTS_N,STRING
rpt-network-plng,sitetracker_data,TMP_ST_ALL_PROJECTS_T,ABANDON_FACILITY_IN_PLACE_N,STRING
rpt-network-plng,sitetracker_data,TMP_ST_ALL_PROJECTS_T,ABANDON_OR_REMOVE,STRING
rpt-network-plng,sitetracker_data,TMP_ST_ALL_PROJECTS_T,ABANDON_SERVICE_DUE_TO_LONG_PAYBACK,STRING
rpt-network-plng,sitetracker_data,TMP_ST_ALL_PROJECTS_T,ABANDON_SERVICE_DUE_TO_LONG_PAYBACK_N,STRING
rpt-network-plng,sitetracker_data,TMP_ST_ALL_PROJECTS_T,ACCOUNT_MANAGER_CET_SUBMITTAL_TO_POM_A,TIMESTAMP
rpt-network-plng,sitetracker_data,TMP_ST_ALL_PROJECTS_T,ACCOUNT_MANAGER_CET_SUBMITTAL_TO_POM_F,TIMESTAMP
rpt-network-plng,sitetracker_data,TMP_ST_ALL_PROJECTS_T,ACCOUNT_MANAGER_SUBMITS_CET_A,TIMESTAMP
rpt-network-plng,sitetracker_data,TMP_ST_ALL_PROJECTS_T,ACCOUNT_MANAGER_SUBMITS_CET_F,TIMESTAMP
rpt-network-plng,sitetracker_data,TMP_ST_ALL_PROJECTS_T,ADD_POLYGON_ID_IN_MAPS_TILE_A,TIMESTAMP
rpt-network-plng,sitetracker_data,TMP_ST_ALL_PROJECTS_T,ADD_POLYGON_ID_IN_MAPS_TILE_F,TIMESTAMP
rpt-network-plng,sitetracker_data,TMP_ST_ALL_PROJECTS_T,ADDRESS,STRING
rpt-network-plng,sitetracker_data,TMP_ST_ALL_PROJECTS_T,ADDRESS_QUALIFICATION,STRING
rpt-network-plng,sitetracker_data,TMP_ST_ALL_PROJECTS_T,AERIAL_ATTACHMENT_REQUIRED,STRING
rpt-network-plng,sitetracker_data,TMP_ST_ALL_PROJECTS_T,AGENCY_CONTACT,STRING
rpt-network-plng,sitetracker_data,TMP_ST_ALL_PROJECTS_T,AGENCY_EMAIL,STRING
rpt-network-plng,sitetracker_data,TMP_ST_ALL_PROJECTS_T,AGENCY_NAME,STRING
rpt-network-plng,sitetracker_data,TMP_ST_ALL_PROJECTS_T,AGENCY_PHONE,STRING
rpt-network-plng,sitetracker_data,TMP_ST_ALL_PROJECTS_T,AGREEMENT_SIGNED_PRE_PAY_A,TIMESTAMP
rpt-network-plng,sitetracker_data,TMP_ST_ALL_PROJECTS_T,AGREEMENT_SIGNED_PRE_PAY_F,TIMESTAMP
rpt-network-plng,sitetracker_data,TMP_ST_ALL_PROJECTS_T,AID_TO_CONSTRUCTION_REQUIRED,STRING
rpt-network-plng,sitetracker_data,TMP_ST_ALL_PROJECTS_T,ANY_OTHER_PROGRAM_IMPACT,STRING
rpt-network-plng,sitetracker_data,TMP_ST_ALL_PROJECTS_T,APO_AUDIT_A,TIMESTAMP
rpt-network-plng,sitetracker_data,TMP_ST_ALL_PROJECTS_T,APO_AUDIT_F,TIMESTAMP
rpt-network-plng,sitetracker_data,TMP_ST_ALL_PROJECTS_T,APPROVAL,STRING
rpt-network-plng,sitetracker_data,TMP_ST_ALL_PROJECTS_T,APPROX_CONSTRUCTION_FOOTAGE,STRING
rpt-network-plng,sitetracker_data,TMP_ST_ALL_PROJECTS_T,AS_BUILT_TEAM_NAME,STRING
rpt-network-plng,sitetracker_data,TMP_ST_ALL_PROJECTS_T,AS_BUILT_TEAM_CUID,STRING
rpt-network-plng,sitetracker_data,TMP_ST_ALL_PROJECTS_T,ATC_ACCEPTED_A,TIMESTAMP
rpt-network-plng,sitetracker_data,TMP_ST_ALL_PROJECTS_T,ATC_ACCEPTED_F,TIMESTAMP
rpt-network-plng,sitetracker_data,TMP_ST_ALL_PROJECTS_T,ATC_COST_SENT_TO_DEVELOPER_A,TIMESTAMP
rpt-network-plng,sitetracker_data,TMP_ST_ALL_PROJECTS_T,ATC_COST_SENT_TO_DEVELOPER_F,TIMESTAMP
rpt-network-plng,sitetracker_data,TMP_ST_ALL_PROJECTS_T,AVAILABLE_FUNDING,NUMERIC
rpt-network-plng,sitetracker_data,TMP_ST_ALL_PROJECTS_T,AWARD_BID_A,TIMESTAMP
rpt-network-plng,sitetracker_data,TMP_ST_ALL_PROJECTS_T,AWARD_BID_F,TIMESTAMP
rpt-network-plng,sitetracker_data,TMP_ST_ALL_PROJECTS_T,BA_INTAKE_NOTES,STRING
rpt-network-plng,sitetracker_data,TMP_ST_ALL_PROJECTS_T,BA_INTAKE_STATUS,STRING
rpt-network-plng,sitetracker_data,TMP_ST_ALL_PROJECTS_T,BAA_BEA_RECEIVED_A,TIMESTAMP
rpt-network-plng,sitetracker_data,TMP_ST_ALL_PROJECTS_T,BAA_BEA_RECEIVED_F,TIMESTAMP
rpt-network-plng,sitetracker_data,TMP_ST_ALL_PROJECTS_T,BAA_BEA_TRIGGERED_A,TIMESTAMP
rpt-network-plng,sitetracker_data,TMP_ST_ALL_PROJECTS_T,BAA_BEA_TRIGGERED_F,TIMESTAMP
rpt-network-plng,sitetracker_data,TMP_ST_ALL_PROJECTS_T,BID_ACCEPTANCE_A,TIMESTAMP
rpt-network-plng,sitetracker_data,TMP_ST_ALL_PROJECTS_T,BID_ACCEPTANCE_F,TIMESTAMP
rpt-network-plng,sitetracker_data,TMP_ST_ALL_PROJECTS_T,BID_CREATION_A,TIMESTAMP
rpt-network-plng,sitetracker_data,TMP_ST_ALL_PROJECTS_T,BID_CREATION_F,TIMESTAMP
rpt-network-plng,sitetracker_data,TMP_ST_ALL_PROJECTS_T,BID_POSTING_A,TIMESTAMP
rpt-network-plng,sitetracker_data,TMP_ST_ALL_PROJECTS_T,BID_POSTING_F,TIMESTAMP
rpt-network-plng,sitetracker_data,TMP_ST_ALL_PROJECTS_T,BID_VS_LEC_VENDOR_ASSIGNMENT,STRING
rpt-network-plng,sitetracker_data,TMP_ST_ALL_PROJECTS_T,BUDGET_NAME,STRING
rpt-network-plng,sitetracker_data,TMP_ST_ALL_PROJECTS_T,BUDGET_ACTIVE,NUMERIC
rpt-network-plng,sitetracker_data,TMP_ST_ALL_PROJECTS_T,BUDGET_AMOUNT,NUMERIC
rpt-network-plng,sitetracker_data,TMP_ST_ALL_PROJECTS_T,BUDGET_CONSUMPTION,NUMERIC
rpt-network-plng,sitetracker_data,TMP_ST_ALL_PROJECTS_T,BUILD_CIRCUITS_A,TIMESTAMP
rpt-network-plng,sitetracker_data,TMP_ST_ALL_PROJECTS_T,BUILD_CIRCUITS_F,TIMESTAMP
rpt-network-plng,sitetracker_data,TMP_ST_ALL_PROJECTS_T,BUILD_IMPACT_BUSINESS_OR_RES,STRING
rpt-network-plng,sitetracker_data,TMP_ST_ALL_PROJECTS_T,BUILD_TYPE_CHANGE_REASON,STRING
rpt-network-plng,sitetracker_data,TMP_ST_ALL_PROJECTS_T,BUILDER_EMAIL,STRING
rpt-network-plng,sitetracker_data,TMP_ST_ALL_PROJECTS_T,BUILDER_NAME_SITE_NAME,STRING
rpt-network-plng,sitetracker_data,TMP_ST_ALL_PROJECTS_T,BUILDER_PHONE,STRING
rpt-network-plng,sitetracker_data,TMP_ST_ALL_PROJECTS_T,BUILDER_SITE_CONTACT_INFO,STRING
rpt-network-plng,sitetracker_data,TMP_ST_ALL_PROJECTS_T,BURIED_AERIAL_CONDUIT,STRING
rpt-network-plng,sitetracker_data,TMP_ST_ALL_PROJECTS_T,BUSINESS_OPERATIONS_NAME,STRING
rpt-network-plng,sitetracker_data,TMP_ST_ALL_PROJECTS_T,BUSINESS_OPERATIONS_CUID,STRING
rpt-network-plng,sitetracker_data,TMP_ST_ALL_PROJECTS_T,CABLE_TYPE,STRING
rpt-network-plng,sitetracker_data,TMP_ST_ALL_PROJECTS_T,CAN_CABLES_SIZED_BE_REDUCED,STRING
rpt-network-plng,sitetracker_data,TMP_ST_ALL_PROJECTS_T,CANCELLED_REASON,STRING
rpt-network-plng,sitetracker_data,TMP_ST_ALL_PROJECTS_T,CAP_ID_AMOUNT,NUMERIC
rpt-network-plng,sitetracker_data,TMP_ST_ALL_PROJECTS_T,CAP_ID_AVAILABLE_FUNDING,NUMERIC
rpt-network-plng,sitetracker_data,TMP_ST_ALL_PROJECTS_T,CAP_ID_AVAILABLE_FUNDING_IS_NEGATIVE,NUMERIC
rpt-network-plng,sitetracker_data,TMP_ST_ALL_PROJECTS_T,CAP_REQUEST_MATCHES_QTR_CAP_IMPACT,STRING
rpt-network-plng,sitetracker_data,TMP_ST_ALL_PROJECTS_T,CAP_REQUIREMENT_AFTER_REIMBURSEMENT_N,NUMERIC
rpt-network-plng,sitetracker_data,TMP_ST_ALL_PROJECTS_T,CAPITAL_APPROVAL_CODE,STRING
rpt-network-plng,sitetracker_data,TMP_ST_ALL_PROJECTS_T,CAPITAL_APPROVAL_CODE_EXTERNAL,STRING
rpt-network-plng,sitetracker_data,TMP_ST_ALL_PROJECTS_T,CAPITAL_REQUIREMENT_AFTER_REIMBURSEMENT,NUMERIC
rpt-network-plng,sitetracker_data,TMP_ST_ALL_PROJECTS_T,CAPITAL_REQUIREMENT_N,NUMERIC
rpt-network-plng,sitetracker_data,TMP_ST_ALL_PROJECTS_T,CCID,STRING
rpt-network-plng,sitetracker_data,TMP_ST_ALL_PROJECTS_T,CET_OPPORTUNITY_ID,STRING
rpt-network-plng,sitetracker_data,TMP_ST_ALL_PROJECTS_T,CHANGE_REQUEST_NUMBER,STRING
rpt-network-plng,sitetracker_data,TMP_ST_ALL_PROJECTS_T,CHANGE_REQUEST_NUMBER_ISSUED_A,TIMESTAMP
rpt-network-plng,sitetracker_data,TMP_ST_ALL_PROJECTS_T,CHANGE_REQUEST_NUMBER_ISSUED_F,TIMESTAMP
rpt-network-plng,sitetracker_data,TMP_ST_ALL_PROJECTS_T,CIRCUIT_DESIGN_COMP_DSC_ASP_LARGE_A,TIMESTAMP
rpt-network-plng,sitetracker_data,TMP_ST_ALL_PROJECTS_T,CIRCUIT_DESIGN_COMP_DSC_ASP_LARGE_F,TIMESTAMP
rpt-network-plng,sitetracker_data,TMP_ST_ALL_PROJECTS_T,CIRCUIT_DESIGN_COMP_DSC_ASP_SIMPLE_A,TIMESTAMP
rpt-network-plng,sitetracker_data,TMP_ST_ALL_PROJECTS_T,CIRCUIT_DESIGN_COMP_DSC_ASP_SMALL_A,TIMESTAMP
rpt-network-plng,sitetracker_data,TMP_ST_ALL_PROJECTS_T,CIRCUIT_DESIGN_COMP_DSC_ASP_SPECIAL_A,TIMESTAMP
rpt-network-plng,sitetracker_data,TMP_ST_ALL_PROJECTS_T,CIRCUIT_DESIGN_COMP_DSC_ASP_SIMPLE_F,TIMESTAMP
rpt-network-plng,sitetracker_data,TMP_ST_ALL_PROJECTS_T,CIRCUIT_DESIGN_COMP_DSC_ASP_SMALL_F,TIMESTAMP
rpt-network-plng,sitetracker_data,TMP_ST_ALL_PROJECTS_T,CIRCUIT_DESIGN_COMP_DSC_ASP_SPECIAL_F,TIMESTAMP
rpt-network-plng,sitetracker_data,TMP_ST_ALL_PROJECTS_T,CLOSE_FINANCIAL_TOOL_A,TIMESTAMP
rpt-network-plng,sitetracker_data,TMP_ST_ALL_PROJECTS_T,CLOSE_FINANCIAL_TOOL_F,TIMESTAMP
rpt-network-plng,sitetracker_data,TMP_ST_ALL_PROJECTS_T,CLOSE_PROJECT_A,TIMESTAMP
rpt-network-plng,sitetracker_data,TMP_ST_ALL_PROJECTS_T,CLOSE_PROJECT_F,TIMESTAMP
rpt-network-plng,sitetracker_data,TMP_ST_ALL_PROJECTS_T,CMS_REVIEW_E7_2_SHELVES_ONLY_A,TIMESTAMP
rpt-network-plng,sitetracker_data,TMP_ST_ALL_PROJECTS_T,CMS_REVIEW_E7_2_SHELVES_ONLY_F,TIMESTAMP
rpt-network-plng,sitetracker_data,TMP_ST_ALL_PROJECTS_T,CNU_PROCESS_TRIGGERED_A,TIMESTAMP
rpt-network-plng,sitetracker_data,TMP_ST_ALL_PROJECTS_T,CNU_PROCESS_TRIGGERED_F,TIMESTAMP
rpt-network-plng,sitetracker_data,TMP_ST_ALL_PROJECTS_T,CNU_RECEIVED_A,TIMESTAMP
rpt-network-plng,sitetracker_data,TMP_ST_ALL_PROJECTS_T,CNU_RECEIVED_F,TIMESTAMP
rpt-network-plng,sitetracker_data,TMP_ST_ALL_PROJECTS_T,CO_ADDRESS,STRING
rpt-network-plng,sitetracker_data,TMP_ST_ALL_PROJECTS_T,CO_CLLI,STRING
rpt-network-plng,sitetracker_data,TMP_ST_ALL_PROJECTS_T,CO_EQUIP_CLLI,STRING
rpt-network-plng,sitetracker_data,TMP_ST_ALL_PROJECTS_T,COMM_PH,STRING
rpt-network-plng,sitetracker_data,TMP_ST_ALL_PROJECTS_T,COMMUNITY,STRING
rpt-network-plng,sitetracker_data,TMP_ST_ALL_PROJECTS_T,COMMUNITY_NAME,STRING
rpt-network-plng,sitetracker_data,TMP_ST_ALL_PROJECTS_T,COMMUNITY_OR_SERVING_AREA_NAME,STRING
rpt-network-plng,sitetracker_data,TMP_ST_ALL_PROJECTS_T,COMPLETE_AUDIT_AND_INVOICE_A,TIMESTAMP
rpt-network-plng,sitetracker_data,TMP_ST_ALL_PROJECTS_T,COMPLETE_AUDIT_AND_INVOICE_F,TIMESTAMP
rpt-network-plng,sitetracker_data,TMP_ST_ALL_PROJECTS_T,COMPETITOR,STRING
rpt-network-plng,sitetracker_data,TMP_ST_ALL_PROJECTS_T,COMPLETE_CYCLE,NUMERIC
rpt-network-plng,sitetracker_data,TMP_ST_ALL_PROJECTS_T,COMPLETE_LATE,STRING
rpt-network-plng,sitetracker_data,TMP_ST_ALL_PROJECTS_T,COMPLETE_SLA,NUMERIC
rpt-network-plng,sitetracker_data,TMP_ST_ALL_PROJECTS_T,COMPLETE_SPLICING_CUTOVER_A,TIMESTAMP
rpt-network-plng,sitetracker_data,TMP_ST_ALL_PROJECTS_T,COMPLETE_SPLICING_CUTOVER_F,TIMESTAMP
rpt-network-plng,sitetracker_data,TMP_ST_ALL_PROJECTS_T,CONDUIT_CONFIGURATION,STRING
rpt-network-plng,sitetracker_data,TMP_ST_ALL_PROJECTS_T,CONFLICT_MITIGATION_A,TIMESTAMP
rpt-network-plng,sitetracker_data,TMP_ST_ALL_PROJECTS_T,CONFLICT_MITIGATION_F,TIMESTAMP
rpt-network-plng,sitetracker_data,TMP_ST_ALL_PROJECTS_T,CONSTRUCTION_COMPLETE,TIMESTAMP
rpt-network-plng,sitetracker_data,TMP_ST_ALL_PROJECTS_T,CONSTRUCTION_COMPLETE_A,TIMESTAMP
rpt-network-plng,sitetracker_data,TMP_ST_ALL_PROJECTS_T,CONSTRUCTION_COMPLETE_F,TIMESTAMP
rpt-network-plng,sitetracker_data,TMP_ST_ALL_PROJECTS_T,CONSTRUCTION_COMPLETE_LARGE_A,TIMESTAMP
rpt-network-plng,sitetracker_data,TMP_ST_ALL_PROJECTS_T,CONSTRUCTION_COMPLETE_LARGE_F,TIMESTAMP
rpt-network-plng,sitetracker_data,TMP_ST_ALL_PROJECTS_T,CONSTRUCTION_COMPLETE_SMALL_A,TIMESTAMP
rpt-network-plng,sitetracker_data,TMP_ST_ALL_PROJECTS_T,CONSTRUCTION_COMPLETE_SMALL_F,TIMESTAMP
rpt-network-plng,sitetracker_data,TMP_ST_ALL_PROJECTS_T,CONSTRUCTION_COMPLETE_SPECIAL_F,TIMESTAMP
rpt-network-plng,sitetracker_data,TMP_ST_ALL_PROJECTS_T,CONSTRUCTION_COMPLETE_SPECIAL_A,TIMESTAMP
rpt-network-plng,sitetracker_data,TMP_ST_ALL_PROJECTS_T,CONSTRUCTION_COORDINATOR_NAME,STRING
rpt-network-plng,sitetracker_data,TMP_ST_ALL_PROJECTS_T,CONSTRUCTION_COORDINATOR_CUID,STRING
rpt-network-plng,sitetracker_data,TMP_ST_ALL_PROJECTS_T,CONSTRUCTION_COORD_SPLICING_SUPERVISOR,NUMERIC
rpt-network-plng,sitetracker_data,TMP_ST_ALL_PROJECTS_T,CONSTRUCTION_START_DATE,TIMESTAMP
rpt-network-plng,sitetracker_data,TMP_ST_ALL_PROJECTS_T,CONTRACT_ADMIN_NAME,STRING
rpt-network-plng,sitetracker_data,TMP_ST_ALL_PROJECTS_T,CONTRACT_ADMIN_CUID,STRING
rpt-network-plng,sitetracker_data,TMP_ST_ALL_PROJECTS_T,CONTRACT_AGREEMENT_STATUS,STRING
rpt-network-plng,sitetracker_data,TMP_ST_ALL_PROJECTS_T,CONVERT_TO_TEMPLATE,STRING
rpt-network-plng,sitetracker_data,TMP_ST_ALL_PROJECTS_T,COPPER_SPECIAL_CKTS_AMOUNT,NUMERIC
rpt-network-plng,sitetracker_data,TMP_ST_ALL_PROJECTS_T,CORE_TRANSPORT_FIBERS,NUMERIC
rpt-network-plng,sitetracker_data,TMP_ST_ALL_PROJECTS_T,CORE_TRANSPORT_FIBERS_AMOUNT,NUMERIC
rpt-network-plng,sitetracker_data,TMP_ST_ALL_PROJECTS_T,COST_ESTIMATE_A,TIMESTAMP
rpt-network-plng,sitetracker_data,TMP_ST_ALL_PROJECTS_T,COST_ESTIMATE_F,TIMESTAMP
rpt-network-plng,sitetracker_data,TMP_ST_ALL_PROJECTS_T,COSTING_APPROVAL_UPLOADED,NUMERIC
rpt-network-plng,sitetracker_data,TMP_ST_ALL_PROJECTS_T,CREATE_NEW_QF_PROJECT_A,TIMESTAMP
rpt-network-plng,sitetracker_data,TMP_ST_ALL_PROJECTS_T,CREATE_NEW_QF_PROJECT_F,TIMESTAMP
rpt-network-plng,sitetracker_data,TMP_ST_ALL_PROJECTS_T,CREATE_POLYGON_A,TIMESTAMP
rpt-network-plng,sitetracker_data,TMP_ST_ALL_PROJECTS_T,CREATE_POLYGON_F,TIMESTAMP
rpt-network-plng,sitetracker_data,TMP_ST_ALL_PROJECTS_T,CREATE_PROJECT_A,TIMESTAMP
rpt-network-plng,sitetracker_data,TMP_ST_ALL_PROJECTS_T,CREATE_PROJECT_F,TIMESTAMP
rpt-network-plng,sitetracker_data,TMP_ST_ALL_PROJECTS_T,CREATED_FROM_SCREEN_FLOW,NUMERIC
rpt-network-plng,sitetracker_data,TMP_ST_ALL_PROJECTS_T,CREATES_OPPORTUNITY_IN_SALESFORCE_A,TIMESTAMP
rpt-network-plng,sitetracker_data,TMP_ST_ALL_PROJECTS_T,CREATES_OPPORTUNITY_IN_SALESFORCE_F,TIMESTAMP
rpt-network-plng,sitetracker_data,TMP_ST_ALL_PROJECTS_T,CURRENT_CAPITAL_REQUEST,NUMERIC
rpt-network-plng,sitetracker_data,TMP_ST_ALL_PROJECTS_T,CURRENT_OPEN_ACTIVITY,STRING
rpt-network-plng,sitetracker_data,TMP_ST_ALL_PROJECTS_T,CX_IMPLEMENTATION,NUMERIC
rpt-network-plng,sitetracker_data,TMP_ST_ALL_PROJECTS_T,CYCLE_TIME_CX_START_TO_CX_COMPLETE,NUMERIC
rpt-network-plng,sitetracker_data,TMP_ST_ALL_PROJECTS_T,CYCLE_TIME_EMAIL_RECEIVED_TO_INITIATED,NUMERIC
rpt-network-plng,sitetracker_data,TMP_ST_ALL_PROJECTS_T,DATA_COLLECTION_A,TIMESTAMP
rpt-network-plng,sitetracker_data,TMP_ST_ALL_PROJECTS_T,DATA_COLLECTION_F,TIMESTAMP
rpt-network-plng,sitetracker_data,TMP_ST_ALL_PROJECTS_T,DATA_COLLECTION_SLA_TIME,NUMERIC
rpt-network-plng,sitetracker_data,TMP_ST_ALL_PROJECTS_T,DATA_TO_SCOPE_TIME,NUMERIC
rpt-network-plng,sitetracker_data,TMP_ST_ALL_PROJECTS_T,DATE_AUDIT_COMPLETED,TIMESTAMP
rpt-network-plng,sitetracker_data,TMP_ST_ALL_PROJECTS_T,DATE_AUDIT_STARTED,TIMESTAMP
rpt-network-plng,sitetracker_data,TMP_ST_ALL_PROJECTS_T,DESIGN_ISSUE_CONSTRUCTION_PRINTS_A,TIMESTAMP
rpt-network-plng,sitetracker_data,TMP_ST_ALL_PROJECTS_T,DESIGN_ISSUE_CONSTRUCTION_PRINTS_F,TIMESTAMP
rpt-network-plng,sitetracker_data,TMP_ST_ALL_PROJECTS_T,DETAILED_DESCRIPTION_OF_PROJECT,STRING
rpt-network-plng,sitetracker_data,TMP_ST_ALL_PROJECTS_T,DEVELOPER_CONTACT_INFO,STRING
rpt-network-plng,sitetracker_data,TMP_ST_ALL_PROJECTS_T,DEVELOPER_EMAIL,STRING
rpt-network-plng,sitetracker_data,TMP_ST_ALL_PROJECTS_T,DEVELOPER_FINAL_PLATS_RECEIVED_A,TIMESTAMP
rpt-network-plng,sitetracker_data,TMP_ST_ALL_PROJECTS_T,DEVELOPER_FINAL_PLATS_RECEIVED_F,TIMESTAMP
rpt-network-plng,sitetracker_data,TMP_ST_ALL_PROJECTS_T,DEVELOPER_NAME,STRING
rpt-network-plng,sitetracker_data,TMP_ST_ALL_PROJECTS_T,DEVELOPER_NOTIFICATION_RECEIVED_A,TIMESTAMP
rpt-network-plng,sitetracker_data,TMP_ST_ALL_PROJECTS_T,DEVELOPER_NOTIFICATION_RECEIVED_F,TIMESTAMP
rpt-network-plng,sitetracker_data,TMP_ST_ALL_PROJECTS_T,DEVELOPER_PHONE,STRING
rpt-network-plng,sitetracker_data,TMP_ST_ALL_PROJECTS_T,DEVELOPMENT_ADDRESS,STRING
rpt-network-plng,sitetracker_data,TMP_ST_ALL_PROJECTS_T,DOES_THIS_IMPACT_CAF,STRING
rpt-network-plng,sitetracker_data,TMP_ST_ALL_PROJECTS_T,DOES_THIS_IMPACT_GPON,STRING
rpt-network-plng,sitetracker_data,TMP_ST_ALL_PROJECTS_T,DOES_THIS_IMPACT_GRANT_PROJECT,STRING
rpt-network-plng,sitetracker_data,TMP_ST_ALL_PROJECTS_T,DSR,STRING
rpt-network-plng,sitetracker_data,TMP_ST_ALL_PROJECTS_T,DUPLICATE_FW_PROJECT_NUMBER,NUMERIC
rpt-network-plng,sitetracker_data,TMP_ST_ALL_PROJECTS_T,ECD_NCD_FOC_DATE_SET_A,TIMESTAMP
rpt-network-plng,sitetracker_data,TMP_ST_ALL_PROJECTS_T,ECD_NCD_FOC_DATE_SET_F,TIMESTAMP
rpt-network-plng,sitetracker_data,TMP_ST_ALL_PROJECTS_T,EASEMENT_REQUIRED,STRING
rpt-network-plng,sitetracker_data,TMP_ST_ALL_PROJECTS_T,ELECTRONIC_SOLUTION_COMMENTS,STRING
rpt-network-plng,sitetracker_data,TMP_ST_ALL_PROJECTS_T,ENG_COMP_DATE,TIMESTAMP
rpt-network-plng,sitetracker_data,TMP_ST_ALL_PROJECTS_T,ENGINEER_REVIEWS_POLYGON_COMPLETE_A,TIMESTAMP
rpt-network-plng,sitetracker_data,TMP_ST_ALL_PROJECTS_T,ENGINEER_REVIEWS_POLYGON_COMPLETE_F,TIMESTAMP
rpt-network-plng,sitetracker_data,TMP_ST_ALL_PROJECTS_T,ENGINEERING_TO_CX,NUMERIC
rpt-network-plng,sitetracker_data,TMP_ST_ALL_PROJECTS_T,EQUIP_INVENTORY_IN_DATABASE_ACCEPTED,STRING
rpt-network-plng,sitetracker_data,TMP_ST_ALL_PROJECTS_T,EXCHANGE_EXCHANGE_MISMATCH,NUMERIC
rpt-network-plng,sitetracker_data,TMP_ST_ALL_PROJECTS_T,EXTERNAL_CONTRACT_RESOURCES,STRING
rpt-network-plng,sitetracker_data,TMP_ST_ALL_PROJECTS_T,FACILITY_ENVIRONMENT,STRING
rpt-network-plng,sitetracker_data,TMP_ST_ALL_PROJECTS_T,FEED_FIBER_NAME_AND_COUNT,STRING
rpt-network-plng,sitetracker_data,TMP_ST_ALL_PROJECTS_T,FEEDER_PLANNING_A,TIMESTAMP
rpt-network-plng,sitetracker_data,TMP_ST_ALL_PROJECTS_T,FEEDER_PLANNING_F,TIMESTAMP
rpt-network-plng,sitetracker_data,TMP_ST_ALL_PROJECTS_T,FIBER_DB_LOSS,STRING
rpt-network-plng,sitetracker_data,TMP_ST_ALL_PROJECTS_T,FIBER_CHAR_FQA_ACCEPTED_LARGE_F,TIMESTAMP
rpt-network-plng,sitetracker_data,TMP_ST_ALL_PROJECTS_T,FIBER_CHAR_FQA_ACCEPTED_LARGE_A,TIMESTAMP
rpt-network-plng,sitetracker_data,TMP_ST_ALL_PROJECTS_T,FIBER_CHAR_FQA_ACCEPTED_SMALL_F,TIMESTAMP
rpt-network-plng,sitetracker_data,TMP_ST_ALL_PROJECTS_T,FIBER_CHAR_FQA_ACCEPTED_SMALL_A,TIMESTAMP
rpt-network-plng,sitetracker_data,TMP_ST_ALL_PROJECTS_T,FIBER_CHAR_FQA_ACCEPTED_SPECIAL_A,TIMESTAMP
rpt-network-plng,sitetracker_data,TMP_ST_ALL_PROJECTS_T,FIBER_CHAR_FQA_ACCEPTED_SPECIAL_F,TIMESTAMP
rpt-network-plng,sitetracker_data,TMP_ST_ALL_PROJECTS_T,FIBER_CHAR_FQA_SUBMITTED_LARGE_A,TIMESTAMP
rpt-network-plng,sitetracker_data,TMP_ST_ALL_PROJECTS_T,FIBER_CHAR_FQA_SUBMITTED_LARGE_F,TIMESTAMP
rpt-network-plng,sitetracker_data,TMP_ST_ALL_PROJECTS_T,FIBER_CHAR_FQA_SUBMITTED_SMALL_A,TIMESTAMP
rpt-network-plng,sitetracker_data,TMP_ST_ALL_PROJECTS_T,FIBER_CHAR_FQA_SUBMITTED_SMALL_F,TIMESTAMP
rpt-network-plng,sitetracker_data,TMP_ST_ALL_PROJECTS_T,FIBER_CHAR_FQA_SUBMITTED_SPECIAL_A,TIMESTAMP
rpt-network-plng,sitetracker_data,TMP_ST_ALL_PROJECTS_T,FIBER_CHAR_FQA_SUBMITTED_SPECIAL_F,TIMESTAMP
rpt-network-plng,sitetracker_data,TMP_ST_ALL_PROJECTS_T,FIBER_DENSIFICATION_REVIEW_COMPLETE,STRING
rpt-network-plng,sitetracker_data,TMP_ST_ALL_PROJECTS_T,FIBER_DISTANCE,STRING
rpt-network-plng,sitetracker_data,TMP_ST_ALL_PROJECTS_T,FIBER_INVENTORY_BUILT_A,TIMESTAMP
rpt-network-plng,sitetracker_data,TMP_ST_ALL_PROJECTS_T,FIBER_INVENTORY_BUILT_F,TIMESTAMP
rpt-network-plng,sitetracker_data,TMP_ST_ALL_PROJECTS_T,FIBER_INVENTORY_IN_DATABASE_ACCEPTED,STRING
rpt-network-plng,sitetracker_data,TMP_ST_ALL_PROJECTS_T,FIELD_CONSTRUCTION_START_A,TIMESTAMP
rpt-network-plng,sitetracker_data,TMP_ST_ALL_PROJECTS_T,FIELD_CONSTRUCTION_START_F,TIMESTAMP
rpt-network-plng,sitetracker_data,TMP_ST_ALL_PROJECTS_T,FINALIZE_ALL_VENDOR_INVOICING_A,TIMESTAMP
rpt-network-plng,sitetracker_data,TMP_ST_ALL_PROJECTS_T,FINALIZE_ALL_VENDOR_INVOICING_F,TIMESTAMP
rpt-network-plng,sitetracker_data,TMP_ST_ALL_PROJECTS_T,FINALIZE_ALL_VENDOR_INVOICING_LARGE_A,DATE
rpt-network-plng,sitetracker_data,TMP_ST_ALL_PROJECTS_T,FINALIZE_ALL_VENDOR_INVOICING_LARGE_F,DATE
rpt-network-plng,sitetracker_data,TMP_ST_ALL_PROJECTS_T,FINALIZE_ALL_VENDOR_INVOICING_SIMPLE_A,DATE
rpt-network-plng,sitetracker_data,TMP_ST_ALL_PROJECTS_T,FINALIZE_ALL_VENDOR_INVOICING_SIMPLE_F,DATE
rpt-network-plng,sitetracker_data,TMP_ST_ALL_PROJECTS_T,FINALIZE_ALL_VENDOR_INVOICING_SMALL_A,DATE
rpt-network-plng,sitetracker_data,TMP_ST_ALL_PROJECTS_T,FINALIZE_ALL_VENDOR_INVOICING_SMALL_F,DATE
rpt-network-plng,sitetracker_data,TMP_ST_ALL_PROJECTS_T,FINALIZE_ALL_VENDOR_INVOICING_SPECIA_A,DATE
rpt-network-plng,sitetracker_data,TMP_ST_ALL_PROJECTS_T,FINALIZE_ALL_VENDOR_INVOICING_SPECIA_F,DATE
rpt-network-plng,sitetracker_data,TMP_ST_ALL_PROJECTS_T,FINALIZE_NETWORK_DESIGN_A,TIMESTAMP
rpt-network-plng,sitetracker_data,TMP_ST_ALL_PROJECTS_T,FINALIZE_NETWORK_DESIGN_F,TIMESTAMP
rpt-network-plng,sitetracker_data,TMP_ST_ALL_PROJECTS_T,FINANCE_FUNDING_RESPONSE_A,TIMESTAMP
rpt-network-plng,sitetracker_data,TMP_ST_ALL_PROJECTS_T,FINANCE_FUNDING_RESPONSE_F,TIMESTAMP
rpt-network-plng,sitetracker_data,TMP_ST_ALL_PROJECTS_T,FIREWORKS_SYSTEM_STATUS,STRING
rpt-network-plng,sitetracker_data,TMP_ST_ALL_PROJECTS_T,FIRST_OCC,NUMERIC
rpt-network-plng,sitetracker_data,TMP_ST_ALL_PROJECTS_T,FIRST_OCC_OUT_OF_SYNC_WITH_SALESFORCE,NUMERIC
rpt-network-plng,sitetracker_data,TMP_ST_ALL_PROJECTS_T,FIRST_OCCUPANCY_TGT_DT,TIMESTAMP
rpt-network-plng,sitetracker_data,TMP_ST_ALL_PROJECTS_T,FIRST_SERVICE_FIRE_ALARM_ELEVATOR,STRING
rpt-network-plng,sitetracker_data,TMP_ST_ALL_PROJECTS_T,FRAME,STRING
rpt-network-plng,sitetracker_data,TMP_ST_ALL_PROJECTS_T,FSAI_ADDRESS,STRING
rpt-network-plng,sitetracker_data,TMP_ST_ALL_PROJECTS_T,FSAI_CLLI,STRING
rpt-network-plng,sitetracker_data,TMP_ST_ALL_PROJECTS_T,FSAI_MANUFACTURER,STRING
rpt-network-plng,sitetracker_data,TMP_ST_ALL_PROJECTS_T,FSAI_SIZE,STRING
rpt-network-plng,sitetracker_data,TMP_ST_ALL_PROJECTS_T,FSAI_TAPER_DA_CODE,STRING
rpt-network-plng,sitetracker_data,TMP_ST_ALL_PROJECTS_T,FSAI_TO_ONT_S,STRING
rpt-network-plng,sitetracker_data,TMP_ST_ALL_PROJECTS_T,FTHGN_NAME_AND_COUNT,STRING
rpt-network-plng,sitetracker_data,TMP_ST_ALL_PROJECTS_T,FUNDING_REQUEST_RECEIVED_A,TIMESTAMP
rpt-network-plng,sitetracker_data,TMP_ST_ALL_PROJECTS_T,FUNDING_REQUEST_RECEIVED_F,TIMESTAMP
rpt-network-plng,sitetracker_data,TMP_ST_ALL_PROJECTS_T,FUNDING_REQUEST_SUBMITTED_A,TIMESTAMP
rpt-network-plng,sitetracker_data,TMP_ST_ALL_PROJECTS_T,FUNDING_REQUEST_SUBMITTED_F,TIMESTAMP
rpt-network-plng,sitetracker_data,TMP_ST_ALL_PROJECTS_T,FUNDREC_CX,NUMERIC
rpt-network-plng,sitetracker_data,TMP_ST_ALL_PROJECTS_T,FUNDREQ_FUNDREC,NUMERIC
rpt-network-plng,sitetracker_data,TMP_ST_ALL_PROJECTS_T,FUNDS_REMAINING,NUMERIC
rpt-network-plng,sitetracker_data,TMP_ST_ALL_PROJECTS_T,FURTHEST_COMPLETED_ACTIVITY,STRING
rpt-network-plng,sitetracker_data,TMP_ST_ALL_PROJECTS_T,GATHER_SOW_DETAILS_DETERMINE_IMPACTS_A,TIMESTAMP
rpt-network-plng,sitetracker_data,TMP_ST_ALL_PROJECTS_T,GATHER_SOW_DETAILS_DETERMINE_IMPACTS_F,TIMESTAMP
rpt-network-plng,sitetracker_data,TMP_ST_ALL_PROJECTS_T,GOOGLE_ADDRESS_VALIDATION_FALLOUT_A,TIMESTAMP
rpt-network-plng,sitetracker_data,TMP_ST_ALL_PROJECTS_T,GOOGLE_ADDRESS_VALIDATION_FALLOUT_F,TIMESTAMP
rpt-network-plng,sitetracker_data,TMP_ST_ALL_PROJECTS_T,GOOGLE_UPDATE_REQUEST_A,TIMESTAMP
rpt-network-plng,sitetracker_data,TMP_ST_ALL_PROJECTS_T,GOOGLE_UPDATE_REQUEST_F,TIMESTAMP
rpt-network-plng,sitetracker_data,TMP_ST_ALL_PROJECTS_T,GPON_PM_NAME,STRING
rpt-network-plng,sitetracker_data,TMP_ST_ALL_PROJECTS_T,GPON_PM_CUID,STRING
rpt-network-plng,sitetracker_data,TMP_ST_ALL_PROJECTS_T,GPON_POSTED_TO_TOP_A,TIMESTAMP
rpt-network-plng,sitetracker_data,TMP_ST_ALL_PROJECTS_T,GPON_POSTED_TO_TOP_F,TIMESTAMP
rpt-network-plng,sitetracker_data,TMP_ST_ALL_PROJECTS_T,GRATIS,STRING
rpt-network-plng,sitetracker_data,TMP_ST_ALL_PROJECTS_T,GRATIS_ORDER,STRING
rpt-network-plng,sitetracker_data,TMP_ST_ALL_PROJECTS_T,HAS_BEEN_MODIFIED,NUMERIC
rpt-network-plng,sitetracker_data,TMP_ST_ALL_PROJECTS_T,HELD_ORDER_ID,STRING
rpt-network-plng,sitetracker_data,TMP_ST_ALL_PROJECTS_T,HERMES_ID,STRING
rpt-network-plng,sitetracker_data,TMP_ST_ALL_PROJECTS_T,HIGH_LEVEL_OVERVIEW,STRING
rpt-network-plng,sitetracker_data,TMP_ST_ALL_PROJECTS_T,HSI_AMOUNT,NUMERIC
rpt-network-plng,sitetracker_data,TMP_ST_ALL_PROJECTS_T,IMPACT_REV_COMPLETE_RELO_PLAN_STARTS_F,TIMESTAMP
rpt-network-plng,sitetracker_data,TMP_ST_ALL_PROJECTS_T,IMP_LUS_OUT_OF_SYNC_WITH_SALESFORCE,NUMERIC
rpt-network-plng,sitetracker_data,TMP_ST_ALL_PROJECTS_T,IMP_PM_OUT_OF_SYNC_WITH_SALESFORCE,NUMERIC
rpt-network-plng,sitetracker_data,TMP_ST_ALL_PROJECTS_T,IMPLEMENT_CLOSE,NUMERIC
rpt-network-plng,sitetracker_data,TMP_ST_ALL_PROJECTS_T,IMPLEMENT_SLA,NUMERIC
rpt-network-plng,sitetracker_data,TMP_ST_ALL_PROJECTS_T,IMPLEMENT_VENINV,NUMERIC
rpt-network-plng,sitetracker_data,TMP_ST_ALL_PROJECTS_T,IMPLEMENTATION_PM_NAME,STRING
rpt-network-plng,sitetracker_data,TMP_ST_ALL_PROJECTS_T,IMPLEMENTATION_PM_CUID,STRING
rpt-network-plng,sitetracker_data,TMP_ST_ALL_PROJECTS_T,IMPLEMENTATION_A,TIMESTAMP
rpt-network-plng,sitetracker_data,TMP_ST_ALL_PROJECTS_T,IMPLEMENTATION_F,TIMESTAMP
rpt-network-plng,sitetracker_data,TMP_ST_ALL_PROJECTS_T,IMPORTANT,STRING
rpt-network-plng,sitetracker_data,TMP_ST_ALL_PROJECTS_T,INITIAL_BUDGET_PLAN_AMOUNT,NUMERIC
rpt-network-plng,sitetracker_data,TMP_ST_ALL_PROJECTS_T,INITIAL_CONFLICT_REVIEW_LOCAL_A,TIMESTAMP
rpt-network-plng,sitetracker_data,TMP_ST_ALL_PROJECTS_T,INITIAL_CONFLICT_REVIEW_LOCAL_F,TIMESTAMP
rpt-network-plng,sitetracker_data,TMP_ST_ALL_PROJECTS_T,INITIAL_CONFLICT_REVIEW_NATIONAL_A,TIMESTAMP
rpt-network-plng,sitetracker_data,TMP_ST_ALL_PROJECTS_T,INITIAL_CONFLICT_REVIEW_NATIONAL_F,TIMESTAMP
rpt-network-plng,sitetracker_data,TMP_ST_ALL_PROJECTS_T,INITIAL_PLANNING_REVIEW_WITH_OSP_ENG_A,TIMESTAMP
rpt-network-plng,sitetracker_data,TMP_ST_ALL_PROJECTS_T,INITIAL_PLANNING_REVIEW_WITH_OSP_ENG_F,TIMESTAMP
rpt-network-plng,sitetracker_data,TMP_ST_ALL_PROJECTS_T,INTEGRATION_STATUS,STRING
rpt-network-plng,sitetracker_data,TMP_ST_ALL_PROJECTS_T,INTEGRATION_TRIGGER,NUMERIC
rpt-network-plng,sitetracker_data,TMP_ST_ALL_PROJECTS_T,INVENTORY_STACK,STRING
rpt-network-plng,sitetracker_data,TMP_ST_ALL_PROJECTS_T,INVENTORY_STACK_A,TIMESTAMP
rpt-network-plng,sitetracker_data,TMP_ST_ALL_PROJECTS_T,INVENTORY_STACK_F,TIMESTAMP
rpt-network-plng,sitetracker_data,TMP_ST_ALL_PROJECTS_T,INVESTIGATE_FOR_DARK_FIBER_BILLING_A,TIMESTAMP
rpt-network-plng,sitetracker_data,TMP_ST_ALL_PROJECTS_T,INVESTIGATE_FOR_DARK_FIBER_BILLING_F,TIMESTAMP
rpt-network-plng,sitetracker_data,TMP_ST_ALL_PROJECTS_T,IRU_PM_NAME,STRING
rpt-network-plng,sitetracker_data,TMP_ST_ALL_PROJECTS_T,IRU_PM_CUID,STRING
rpt-network-plng,sitetracker_data,TMP_ST_ALL_PROJECTS_T,IS_BACK_HAUL_NEEDED,STRING
rpt-network-plng,sitetracker_data,TMP_ST_ALL_PROJECTS_T,IRU_DARK_FIBER_ON_CABLE,STRING
rpt-network-plng,sitetracker_data,TMP_ST_ALL_PROJECTS_T,IS_FIBER_CHARACTERIZATION_FQA_NEEDED,STRING
rpt-network-plng,sitetracker_data,TMP_ST_ALL_PROJECTS_T,IS_THERE_A_REROUTE_OR_REFEED_OPTION,STRING
rpt-network-plng,sitetracker_data,TMP_ST_ALL_PROJECTS_T,IS_THERE_A_REROUTE_OR_REFEED_OPTION_N,STRING
rpt-network-plng,sitetracker_data,TMP_ST_ALL_PROJECTS_T,ISSUE_PRINTS_A,TIMESTAMP
rpt-network-plng,sitetracker_data,TMP_ST_ALL_PROJECTS_T,ISSUE_PRINTS_F,TIMESTAMP
rpt-network-plng,sitetracker_data,TMP_ST_ALL_PROJECTS_T,ISSUE_PRINTS_LEEP_E1F1_COMPLETE_A,TIMESTAMP
rpt-network-plng,sitetracker_data,TMP_ST_ALL_PROJECTS_T,ISSUE_PRINTS_LEEP_E1F1_COMPLETE_F,TIMESTAMP
rpt-network-plng,sitetracker_data,TMP_ST_ALL_PROJECTS_T,JEOP_REASON,STRING
rpt-network-plng,sitetracker_data,TMP_ST_ALL_PROJECTS_T,JOB_READY_TO_SUBMIT_TO_STAGING,STRING
rpt-network-plng,sitetracker_data,TMP_ST_ALL_PROJECTS_T,JOB_READY_TO_SUBMIT_TO_STAGING_COMMENTS,STRING
rpt-network-plng,sitetracker_data,TMP_ST_ALL_PROJECTS_T,JOINT_TRENCH_READY_DATE,TIMESTAMP
rpt-network-plng,sitetracker_data,TMP_ST_ALL_PROJECTS_T,KICK_OFF_ISP_ELECTRONIC_ENGINEERING_A,TIMESTAMP
rpt-network-plng,sitetracker_data,TMP_ST_ALL_PROJECTS_T,KICK_OFF_ISP_ELECTRONIC_ENGINEERING_F,TIMESTAMP
rpt-network-plng,sitetracker_data,TMP_ST_ALL_PROJECTS_T,KICK_OUT_OSP_WO_A,TIMESTAMP
rpt-network-plng,sitetracker_data,TMP_ST_ALL_PROJECTS_T,KICK_OUT_OSP_WO_F,TIMESTAMP
rpt-network-plng,sitetracker_data,TMP_ST_ALL_PROJECTS_T,KNOWN_REIMBURSEMENT,STRING
rpt-network-plng,sitetracker_data,TMP_ST_ALL_PROJECTS_T,LANDBASE_REQUEST_COMPLETED_A,TIMESTAMP
rpt-network-plng,sitetracker_data,TMP_ST_ALL_PROJECTS_T,LANDBASE_REQUEST_COMPLETED_F,TIMESTAMP
rpt-network-plng,sitetracker_data,TMP_ST_ALL_PROJECTS_T,LATE_OR_ON_TIME,STRING
rpt-network-plng,sitetracker_data,TMP_ST_ALL_PROJECTS_T,LCON,STRING
rpt-network-plng,sitetracker_data,TMP_ST_ALL_PROJECTS_T,LCON_EMAIL,STRING
rpt-network-plng,sitetracker_data,TMP_ST_ALL_PROJECTS_T,LCON_PHONE,STRING
rpt-network-plng,sitetracker_data,TMP_ST_ALL_PROJECTS_T,LEEP_F1_PORTION_A,TIMESTAMP
rpt-network-plng,sitetracker_data,TMP_ST_ALL_PROJECTS_T,LEEP_F1_PORTION_F,TIMESTAMP
rpt-network-plng,sitetracker_data,TMP_ST_ALL_PROJECTS_T,LEEP_F2_PORTION_A,TIMESTAMP
rpt-network-plng,sitetracker_data,TMP_ST_ALL_PROJECTS_T,LEEP_F2_PORTION_F,TIMESTAMP
rpt-network-plng,sitetracker_data,TMP_ST_ALL_PROJECTS_T,LEN_ASSIGNMENTS,STRING
rpt-network-plng,sitetracker_data,TMP_ST_ALL_PROJECTS_T,LETTING_DATE,TIMESTAMP
rpt-network-plng,sitetracker_data,TMP_ST_ALL_PROJECTS_T,LIKE_FOR_LIKE_SOLUTION,STRING
rpt-network-plng,sitetracker_data,TMP_ST_ALL_PROJECTS_T,LIKE_FOR_LIKE_SOLUTION_COMMENTS,STRING
rpt-network-plng,sitetracker_data,TMP_ST_ALL_PROJECTS_T,LIKE_FOR_LIKE_SOLUTION_COMMENTS_N,STRING
rpt-network-plng,sitetracker_data,TMP_ST_ALL_PROJECTS_T,LIKE_FOR_LIKE_SOLUTION_N,STRING
rpt-network-plng,sitetracker_data,TMP_ST_ALL_PROJECTS_T,LOAD_KMZ_FILE_INTERVAL_TABLES_A,TIMESTAMP
rpt-network-plng,sitetracker_data,TMP_ST_ALL_PROJECTS_T,LOAD_KMZ_FILE_INTERVAL_TABLES_F,TIMESTAMP
rpt-network-plng,sitetracker_data,TMP_ST_ALL_PROJECTS_T,LOAD_ROUTE_A,TIMESTAMP
rpt-network-plng,sitetracker_data,TMP_ST_ALL_PROJECTS_T,LOAD_ROUTE_F,TIMESTAMP
rpt-network-plng,sitetracker_data,TMP_ST_ALL_PROJECTS_T,LOAD_ROUTE_SPECIAL_A,TIMESTAMP
rpt-network-plng,sitetracker_data,TMP_ST_ALL_PROJECTS_T,LOAD_ROUTE_SPECIAL_F,TIMESTAMP
rpt-network-plng,sitetracker_data,TMP_ST_ALL_PROJECTS_T,LU_MISSED_ON_COMPLETE,NUMERIC
rpt-network-plng,sitetracker_data,TMP_ST_ALL_PROJECTS_T,MAKE_READY_ESTIMATE_RECEIVED_A,TIMESTAMP
rpt-network-plng,sitetracker_data,TMP_ST_ALL_PROJECTS_T,MAKE_READY_ESTIMATE_RECEIVED_F,TIMESTAMP
rpt-network-plng,sitetracker_data,TMP_ST_ALL_PROJECTS_T,MAKE_READY_PAYMENT_SUBMITTED_A,TIMESTAMP
rpt-network-plng,sitetracker_data,TMP_ST_ALL_PROJECTS_T,MAKE_READY_PAYMENT_SUBMITTED_F,TIMESTAMP
rpt-network-plng,sitetracker_data,TMP_ST_ALL_PROJECTS_T,MANUAL_OLS_LOAD_TEAM_NAME,STRING
rpt-network-plng,sitetracker_data,TMP_ST_ALL_PROJECTS_T,MANUAL_OLS_LOAD_TEAM_CUID,STRING
rpt-network-plng,sitetracker_data,TMP_ST_ALL_PROJECTS_T,MANUAL_OLS_LOAD_LAYER_1_A,TIMESTAMP
rpt-network-plng,sitetracker_data,TMP_ST_ALL_PROJECTS_T,MANUAL_OLS_LOAD_LAYER_1_F,TIMESTAMP
rpt-network-plng,sitetracker_data,TMP_ST_ALL_PROJECTS_T,MANUAL_OLS_RECEIVED,TIMESTAMP
rpt-network-plng,sitetracker_data,TMP_ST_ALL_PROJECTS_T,MANUAL_OLS_SUBMITTED,TIMESTAMP
rpt-network-plng,sitetracker_data,TMP_ST_ALL_PROJECTS_T,MAPPING_RECORD_CORRECTION_COMMENTS,STRING
rpt-network-plng,sitetracker_data,TMP_ST_ALL_PROJECTS_T,MAPPING_RECORDS_NEED_A_CORRECTION,STRING
rpt-network-plng,sitetracker_data,TMP_ST_ALL_PROJECTS_T,MATERIALS_RECEIVED_A,TIMESTAMP
rpt-network-plng,sitetracker_data,TMP_ST_ALL_PROJECTS_T,MATERIALS_RECEIVED_F,TIMESTAMP
rpt-network-plng,sitetracker_data,TMP_ST_ALL_PROJECTS_T,MATERIALS_RECEIVED_ELECTRONICS_A,TIMESTAMP
rpt-network-plng,sitetracker_data,TMP_ST_ALL_PROJECTS_T,MATERIALS_RECEIVED_ELECTRONICS_F,TIMESTAMP
rpt-network-plng,sitetracker_data,TMP_ST_ALL_PROJECTS_T,MARKETING_PM_NAME,STRING
rpt-network-plng,sitetracker_data,TMP_ST_ALL_PROJECTS_T,MARKETING_PM_CUID,STRING
rpt-network-plng,sitetracker_data,TMP_ST_ALL_PROJECTS_T,MET_OR_MISSED,STRING
rpt-network-plng,sitetracker_data,TMP_ST_ALL_PROJECTS_T,MODEL_THE_OSP_PANEL_IN_PRO_A,TIMESTAMP
rpt-network-plng,sitetracker_data,TMP_ST_ALL_PROJECTS_T,MODEL_THE_OSP_PANEL_IN_PRO_F,TIMESTAMP
rpt-network-plng,sitetracker_data,TMP_ST_ALL_PROJECTS_T,MONTH_CAPGOV_SUBMITTED,STRING
rpt-network-plng,sitetracker_data,TMP_ST_ALL_PROJECTS_T,MY_ASSIGNED_PROJECT,NUMERIC
rpt-network-plng,sitetracker_data,TMP_ST_ALL_PROJECTS_T,NA_PRE_SALE_ORDERS,STRING
rpt-network-plng,sitetracker_data,TMP_ST_ALL_PROJECTS_T,NA_PRIORITY,STRING
rpt-network-plng,sitetracker_data,TMP_ST_ALL_PROJECTS_T,NA_SITE_STATUS,STRING
rpt-network-plng,sitetracker_data,TMP_ST_ALL_PROJECTS_T,NATIONAL_ACTIVE_FIBER_COUNT,NUMERIC
rpt-network-plng,sitetracker_data,TMP_ST_ALL_PROJECTS_T,NDS_A,TIMESTAMP
rpt-network-plng,sitetracker_data,TMP_ST_ALL_PROJECTS_T,NDS_F,TIMESTAMP
rpt-network-plng,sitetracker_data,TMP_ST_ALL_PROJECTS_T,NDS_PROJECT_NUMBER,STRING
rpt-network-plng,sitetracker_data,TMP_ST_ALL_PROJECTS_T,NDS_QF_QM_ERROR_CLEANUP_A,TIMESTAMP
rpt-network-plng,sitetracker_data,TMP_ST_ALL_PROJECTS_T,NDS_QF_QM_ERROR_CLEANUP_F,TIMESTAMP
rpt-network-plng,sitetracker_data,TMP_ST_ALL_PROJECTS_T,NI_ENGINEER,STRING
rpt-network-plng,sitetracker_data,TMP_ST_ALL_PROJECTS_T,NI_ENGINEER_CUID,STRING
rpt-network-plng,sitetracker_data,TMP_ST_ALL_PROJECTS_T,NETWORK_SYSTEMS_IMPLEMENTATION_NAME,STRING
rpt-network-plng,sitetracker_data,TMP_ST_ALL_PROJECTS_T,NETWORK_SYSTEMS_IMPLEMENTATION_CUID,STRING
rpt-network-plng,sitetracker_data,TMP_ST_ALL_PROJECTS_T,NEW_OR_EXISTING_FSAI,STRING
rpt-network-plng,sitetracker_data,TMP_ST_ALL_PROJECTS_T,NO_BUILD_COMMENTS,STRING
rpt-network-plng,sitetracker_data,TMP_ST_ALL_PROJECTS_T,NO_BUILD_NOTIFICATION_A,TIMESTAMP
rpt-network-plng,sitetracker_data,TMP_ST_ALL_PROJECTS_T,NO_BUILD_NOTIFICATION_F,TIMESTAMP
rpt-network-plng,sitetracker_data,TMP_ST_ALL_PROJECTS_T,NO_BUILD_PUN_FORM_SUBMITTED_A,TIMESTAMP
rpt-network-plng,sitetracker_data,TMP_ST_ALL_PROJECTS_T,NO_BUILD_PUN_FORM_SUBMITTED_F,TIMESTAMP
rpt-network-plng,sitetracker_data,TMP_ST_ALL_PROJECTS_T,NON_REIMB_PORTION_NON_PROFITABLE_A,TIMESTAMP
rpt-network-plng,sitetracker_data,TMP_ST_ALL_PROJECTS_T,NON_REIMB_PORTION_NON_PROFITABLE_F,TIMESTAMP
rpt-network-plng,sitetracker_data,TMP_ST_ALL_PROJECTS_T,NON_REIMBURSABLE_PORTION_PROFITABLE,STRING
rpt-network-plng,sitetracker_data,TMP_ST_ALL_PROJECTS_T,NOTIFY_MARKETING_A,TIMESTAMP
rpt-network-plng,sitetracker_data,TMP_ST_ALL_PROJECTS_T,NOTIFY_MARKETING_F,TIMESTAMP
rpt-network-plng,sitetracker_data,TMP_ST_ALL_PROJECTS_T,NUM_ACTIVE_ACTIVITY_HOLDS,NUMERIC
rpt-network-plng,sitetracker_data,TMP_ST_ALL_PROJECTS_T,NUM_ACTIVE_PROJECT_HOLDS,NUMERIC
rpt-network-plng,sitetracker_data,TMP_ST_ALL_PROJECTS_T,NUM_COPPER_SPECIAL_CKTS,NUMERIC
rpt-network-plng,sitetracker_data,TMP_ST_ALL_PROJECTS_T,NUM_OF_ACTIVITIES,NUMERIC
rpt-network-plng,sitetracker_data,TMP_ST_ALL_PROJECTS_T,NUM_OF_COMPLETED_PHASE_PROJECTS,NUMERIC
rpt-network-plng,sitetracker_data,TMP_ST_ALL_PROJECTS_T,NUM_OF_HSI,NUMERIC
rpt-network-plng,sitetracker_data,TMP_ST_ALL_PROJECTS_T,NUM_OF_IMP_PHASES,NUMERIC
rpt-network-plng,sitetracker_data,TMP_ST_ALL_PROJECTS_T,NUM_OF_LUS,NUMERIC
rpt-network-plng,sitetracker_data,TMP_ST_ALL_PROJECTS_T,NUM_OF_LUS_SOW,NUMERIC
rpt-network-plng,sitetracker_data,TMP_ST_ALL_PROJECTS_T,NUM_OF_PHASE_RECORDS,NUMERIC
rpt-network-plng,sitetracker_data,TMP_ST_ALL_PROJECTS_T,NUM_OF_POTS,NUMERIC
rpt-network-plng,sitetracker_data,TMP_ST_ALL_PROJECTS_T,NUM_OF_QF_PROJECTS,NUMERIC
rpt-network-plng,sitetracker_data,TMP_ST_ALL_PROJECTS_T,NUM_OF_RELATED_PROJECTS,NUMERIC
rpt-network-plng,sitetracker_data,TMP_ST_ALL_PROJECTS_T,NUM_OF_SPLITTERS_BEING_PLACED,NUMERIC
rpt-network-plng,sitetracker_data,TMP_ST_ALL_PROJECTS_T,NUM_OF_WORKING_NATIONAL_FIBERS,NUMERIC
rpt-network-plng,sitetracker_data,TMP_ST_ALL_PROJECTS_T,NUM_OF_WORKING_SUBS_ON_FIBER,NUMERIC
rpt-network-plng,sitetracker_data,TMP_ST_ALL_PROJECTS_T,NUM_PAYBACK_MONTHS_GREATER_THAN_60,STRING
rpt-network-plng,sitetracker_data,TMP_ST_ALL_PROJECTS_T,OBLIGATED_AMOUNT,NUMERIC
rpt-network-plng,sitetracker_data,TMP_ST_ALL_PROJECTS_T,ODIN_LAYER_2_3_TA_PATH_DEVICE_A,TIMESTAMP
rpt-network-plng,sitetracker_data,TMP_ST_ALL_PROJECTS_T,ODIN_LAYER_2_3_TA_PATH_DEVICE_F,TIMESTAMP
rpt-network-plng,sitetracker_data,TMP_ST_ALL_PROJECTS_T,ODIN_LOAD_LAYER_1,STRING
rpt-network-plng,sitetracker_data,TMP_ST_ALL_PROJECTS_T,ODIN_LOAD_LAYER_1_A,TIMESTAMP
rpt-network-plng,sitetracker_data,TMP_ST_ALL_PROJECTS_T,ODIN_LOAD_LAYER_1_COMPLETE_A,TIMESTAMP
rpt-network-plng,sitetracker_data,TMP_ST_ALL_PROJECTS_T,ODIN_LOAD_LAYER_1_COMPLETE_F,TIMESTAMP
rpt-network-plng,sitetracker_data,TMP_ST_ALL_PROJECTS_T,ODIN_LOAD_LAYER_1_F,TIMESTAMP
rpt-network-plng,sitetracker_data,TMP_ST_ALL_PROJECTS_T,ODIN_LOAD_LAYER_2_3_SASKTEL_LOAD_A,TIMESTAMP
rpt-network-plng,sitetracker_data,TMP_ST_ALL_PROJECTS_T,ODIN_LOAD_LAYER_2_3_SASKTEL_LOAD_F,TIMESTAMP
rpt-network-plng,sitetracker_data,TMP_ST_ALL_PROJECTS_T,OLT,STRING
rpt-network-plng,sitetracker_data,TMP_ST_ALL_PROJECTS_T,OLT_ADDRESS,STRING
rpt-network-plng,sitetracker_data,TMP_ST_ALL_PROJECTS_T,OLT_CARD,STRING
rpt-network-plng,sitetracker_data,TMP_ST_ALL_PROJECTS_T,OLT_CLLI,STRING
rpt-network-plng,sitetracker_data,TMP_ST_ALL_PROJECTS_T,OLT_CONFIGURATION,STRING
rpt-network-plng,sitetracker_data,TMP_ST_ALL_PROJECTS_T,OLT_COUNT,STRING
rpt-network-plng,sitetracker_data,TMP_ST_ALL_PROJECTS_T,OLT_F1_FIBER_SPLITTER_ASSIGNMENT,STRING
rpt-network-plng,sitetracker_data,TMP_ST_ALL_PROJECTS_T,OLT_LOCATION,STRING
rpt-network-plng,sitetracker_data,TMP_ST_ALL_PROJECTS_T,OLT_MANUFACTURER_TYPE,STRING
rpt-network-plng,sitetracker_data,TMP_ST_ALL_PROJECTS_T,OLT_PORTS,STRING
rpt-network-plng,sitetracker_data,TMP_ST_ALL_PROJECTS_T,OLT_SHELF,STRING
rpt-network-plng,sitetracker_data,TMP_ST_ALL_PROJECTS_T,OLT_TO_FSAI,STRING
rpt-network-plng,sitetracker_data,TMP_ST_ALL_PROJECTS_T,OLT_TYPE,STRING
rpt-network-plng,sitetracker_data,TMP_ST_ALL_PROJECTS_T,ON_TIME,STRING
rpt-network-plng,sitetracker_data,TMP_ST_ALL_PROJECTS_T,ONA,STRING
rpt-network-plng,sitetracker_data,TMP_ST_ALL_PROJECTS_T,ONA_PROVISIONING_RECORDS_A,TIMESTAMP
rpt-network-plng,sitetracker_data,TMP_ST_ALL_PROJECTS_T,ONA_PROVISIONING_RECORDS_F,TIMESTAMP
rpt-network-plng,sitetracker_data,TMP_ST_ALL_PROJECTS_T,ONT_TYPE,STRING
rpt-network-plng,sitetracker_data,TMP_ST_ALL_PROJECTS_T,OPEN_WORK_ORDERS_BIDS,STRING
rpt-network-plng,sitetracker_data,TMP_ST_ALL_PROJECTS_T,OPERATIONS_SUPPORT_NAME,STRING
rpt-network-plng,sitetracker_data,TMP_ST_ALL_PROJECTS_T,OPERATIONS_SUPPORT_CUID,STRING
rpt-network-plng,sitetracker_data,TMP_ST_ALL_PROJECTS_T,OO_LOAD_TEAM_NAME,STRING
rpt-network-plng,sitetracker_data,TMP_ST_ALL_PROJECTS_T,OO_LOAD_TEAM_CUID,STRING
rpt-network-plng,sitetracker_data,TMP_ST_ALL_PROJECTS_T,ORDER_INFO,STRING
rpt-network-plng,sitetracker_data,TMP_ST_ALL_PROJECTS_T,ORDER_MATERIALS_A,TIMESTAMP
rpt-network-plng,sitetracker_data,TMP_ST_ALL_PROJECTS_T,ORDER_MATERIALS_F,TIMESTAMP
rpt-network-plng,sitetracker_data,TMP_ST_ALL_PROJECTS_T,OVER_BUDGET,NUMERIC
rpt-network-plng,sitetracker_data,TMP_ST_ALL_PROJECTS_T,PARTIAL_RFS_RECEIVED,TIMESTAMP
rpt-network-plng,sitetracker_data,TMP_ST_ALL_PROJECTS_T,PATH_TO_LAYER_1,STRING
rpt-network-plng,sitetracker_data,TMP_ST_ALL_PROJECTS_T,PAYBACK_MONTHS_AFTER_REIMBURSEMENT,NUMERIC
rpt-network-plng,sitetracker_data,TMP_ST_ALL_PROJECTS_T,PAYBACK_MONTHS_AFTER_REIMBURSEMENT_N,NUMERIC
rpt-network-plng,sitetracker_data,TMP_ST_ALL_PROJECTS_T,PENDING_REVIEW_IN_STAGING_A,TIMESTAMP
rpt-network-plng,sitetracker_data,TMP_ST_ALL_PROJECTS_T,PENDING_REVIEW_IN_STAGING_F,TIMESTAMP
rpt-network-plng,sitetracker_data,TMP_ST_ALL_PROJECTS_T,PERCENT_PLANS_COMPLETE,STRING
rpt-network-plng,sitetracker_data,TMP_ST_ALL_PROJECTS_T,PERMITTING_RIGHT_OF_WAY_DEPENDENCIES_A,TIMESTAMP
rpt-network-plng,sitetracker_data,TMP_ST_ALL_PROJECTS_T,PERMITTING_RIGHT_OF_WAY_DEPENDENCIES_F,TIMESTAMP
rpt-network-plng,sitetracker_data,TMP_ST_ALL_PROJECTS_T,PERMITTING_RIGHT_OF_WAY_LARGE_F,TIMESTAMP
rpt-network-plng,sitetracker_data,TMP_ST_ALL_PROJECTS_T,PERMITTING_RIGHT_OF_WAY_LARGE_A,TIMESTAMP
rpt-network-plng,sitetracker_data,TMP_ST_ALL_PROJECTS_T,PERMITTING_RIGHT_OF_WAY_SMALL_F,TIMESTAMP
rpt-network-plng,sitetracker_data,TMP_ST_ALL_PROJECTS_T,PERMITTING_RIGHT_OF_WAY_SMALL_A,TIMESTAMP
rpt-network-plng,sitetracker_data,TMP_ST_ALL_PROJECTS_T,PERMITTING_RIGHT_OF_WAY_SPECIAL_A,TIMESTAMP
rpt-network-plng,sitetracker_data,TMP_ST_ALL_PROJECTS_T,PERMITTING_RIGHT_OF_WAY_SPECIAL_F,TIMESTAMP
rpt-network-plng,sitetracker_data,TMP_ST_ALL_PROJECTS_T,PERMITS_SUBMITTED_A,TIMESTAMP
rpt-network-plng,sitetracker_data,TMP_ST_ALL_PROJECTS_T,PERMITS_SUBMITTED_F,TIMESTAMP
rpt-network-plng,sitetracker_data,TMP_ST_ALL_PROJECTS_T,PHASE_ADDRESS,STRING
rpt-network-plng,sitetracker_data,TMP_ST_ALL_PROJECTS_T,PHASE_LUS_OUT_OF_SYNC_WITH_SALESFORCE,NUMERIC
rpt-network-plng,sitetracker_data,TMP_ST_ALL_PROJECTS_T,PHASE_S_IMPLEMENTATION_A,TIMESTAMP
rpt-network-plng,sitetracker_data,TMP_ST_ALL_PROJECTS_T,PHASE_S_IMPLEMENTATION_F,TIMESTAMP
rpt-network-plng,sitetracker_data,TMP_ST_ALL_PROJECTS_T,PHASE_PARCEL,STRING
rpt-network-plng,sitetracker_data,TMP_ST_ALL_PROJECTS_T,PLACING_A,TIMESTAMP
rpt-network-plng,sitetracker_data,TMP_ST_ALL_PROJECTS_T,PLACING_F,TIMESTAMP
rpt-network-plng,sitetracker_data,TMP_ST_ALL_PROJECTS_T,PLACING_LARGE_A,TIMESTAMP
rpt-network-plng,sitetracker_data,TMP_ST_ALL_PROJECTS_T,PLACING_LARGE_F,TIMESTAMP
rpt-network-plng,sitetracker_data,TMP_ST_ALL_PROJECTS_T,PLACING_SIMPLE_A,TIMESTAMP
rpt-network-plng,sitetracker_data,TMP_ST_ALL_PROJECTS_T,PLACING_SIMPLE_F,TIMESTAMP
rpt-network-plng,sitetracker_data,TMP_ST_ALL_PROJECTS_T,PLACING_SMALL_A,TIMESTAMP
rpt-network-plng,sitetracker_data,TMP_ST_ALL_PROJECTS_T,PLACING_SMALL_F,TIMESTAMP
rpt-network-plng,sitetracker_data,TMP_ST_ALL_PROJECTS_T,PLACING_SPECIAL_A,TIMESTAMP
rpt-network-plng,sitetracker_data,TMP_ST_ALL_PROJECTS_T,PLACING_SPECIAL_F,TIMESTAMP
rpt-network-plng,sitetracker_data,TMP_ST_ALL_PROJECTS_T,PLANNED_ADD_TOTAL,NUMERIC
rpt-network-plng,sitetracker_data,TMP_ST_ALL_PROJECTS_T,PLANNED_EXPENSE_TOTAL,NUMERIC
rpt-network-plng,sitetracker_data,TMP_ST_ALL_PROJECTS_T,PLANNED_REMOVAL_TOTAL,NUMERIC
rpt-network-plng,sitetracker_data,TMP_ST_ALL_PROJECTS_T,PLANNER_NAME,STRING
rpt-network-plng,sitetracker_data,TMP_ST_ALL_PROJECTS_T,PLANNER_CUID,STRING
rpt-network-plng,sitetracker_data,TMP_ST_ALL_PROJECTS_T,PLANNING_MANAGER_NAME,STRING
rpt-network-plng,sitetracker_data,TMP_ST_ALL_PROJECTS_T,PLANNING_MANAGER_CUID,STRING
rpt-network-plng,sitetracker_data,TMP_ST_ALL_PROJECTS_T,PLANNER_ADVISEMENT,STRING
rpt-network-plng,sitetracker_data,TMP_ST_ALL_PROJECTS_T,PLANNER_SUBMITS_RELO_PLAN_FOR_APPR_A,TIMESTAMP
rpt-network-plng,sitetracker_data,TMP_ST_ALL_PROJECTS_T,PLANNER_SUBMITS_RELO_PLAN_FOR_APPR_F,TIMESTAMP
rpt-network-plng,sitetracker_data,TMP_ST_ALL_PROJECTS_T,PLANNING_GATE_DECISION_A,TIMESTAMP
rpt-network-plng,sitetracker_data,TMP_ST_ALL_PROJECTS_T,PLANNING_GATE_DECISION_F,TIMESTAMP
rpt-network-plng,sitetracker_data,TMP_ST_ALL_PROJECTS_T,PLANNING_GATE_SUBMITTAL_A,TIMESTAMP
rpt-network-plng,sitetracker_data,TMP_ST_ALL_PROJECTS_T,PLANNING_GATE_SUBMITTAL_F,TIMESTAMP
rpt-network-plng,sitetracker_data,TMP_ST_ALL_PROJECTS_T,PLANNING_INPUT_CET_COMPLETE_A,TIMESTAMP
rpt-network-plng,sitetracker_data,TMP_ST_ALL_PROJECTS_T,PLANNING_INPUT_CET_COMPLETE_F,TIMESTAMP
rpt-network-plng,sitetracker_data,TMP_ST_ALL_PROJECTS_T,PLANNING_MANAGER_APPROVAL,STRING
rpt-network-plng,sitetracker_data,TMP_ST_ALL_PROJECTS_T,PLANNING_MANAGER_APPROVAL_COMMENTS,STRING
rpt-network-plng,sitetracker_data,TMP_ST_ALL_PROJECTS_T,PLANNING_TO_ENGINEERING,NUMERIC
rpt-network-plng,sitetracker_data,TMP_ST_ALL_PROJECTS_T,PLATS_UPLOADED,NUMERIC
rpt-network-plng,sitetracker_data,TMP_ST_ALL_PROJECTS_T,PM_CCM,STRING
rpt-network-plng,sitetracker_data,TMP_ST_ALL_PROJECTS_T,PM_MANAGER,STRING
rpt-network-plng,sitetracker_data,TMP_ST_ALL_PROJECTS_T,PM_MANAGER_CUID,STRING
rpt-network-plng,sitetracker_data,TMP_ST_ALL_PROJECTS_T,POLYGON_TEAM_NAME,STRING
rpt-network-plng,sitetracker_data,TMP_ST_ALL_PROJECTS_T,POLYGON_TEAM_CUID,STRING
rpt-network-plng,sitetracker_data,TMP_ST_ALL_PROJECTS_T,POLYGON_ECD,TIMESTAMP
rpt-network-plng,sitetracker_data,TMP_ST_ALL_PROJECTS_T,POLYGON_ID,STRING
rpt-network-plng,sitetracker_data,TMP_ST_ALL_PROJECTS_T,POLYGON_IN_PRODUCTION_A,TIMESTAMP
rpt-network-plng,sitetracker_data,TMP_ST_ALL_PROJECTS_T,POLYGON_IN_PRODUCTION_F,TIMESTAMP
rpt-network-plng,sitetracker_data,TMP_ST_ALL_PROJECTS_T,POLYGON_IN_SERVICE,STRING
rpt-network-plng,sitetracker_data,TMP_ST_ALL_PROJECTS_T,POM_DECISION_A,TIMESTAMP
rpt-network-plng,sitetracker_data,TMP_ST_ALL_PROJECTS_T,POM_DECISION_F,TIMESTAMP
rpt-network-plng,sitetracker_data,TMP_ST_ALL_PROJECTS_T,POM_REVIEW_A,TIMESTAMP
rpt-network-plng,sitetracker_data,TMP_ST_ALL_PROJECTS_T,POM_REVIEW_F,TIMESTAMP
rpt-network-plng,sitetracker_data,TMP_ST_ALL_PROJECTS_T,PORTS,STRING
rpt-network-plng,sitetracker_data,TMP_ST_ALL_PROJECTS_T,POSSIBLE_REIMBURSEMENT,NUMERIC
rpt-network-plng,sitetracker_data,TMP_ST_ALL_PROJECTS_T,POTS_AMOUNT,NUMERIC
rpt-network-plng,sitetracker_data,TMP_ST_ALL_PROJECTS_T,POWER_COMPANY_NAME,STRING
rpt-network-plng,sitetracker_data,TMP_ST_ALL_PROJECTS_T,POWER_CO_TRACKING_NUMBER,STRING
rpt-network-plng,sitetracker_data,TMP_ST_ALL_PROJECTS_T,POWER_SOURCE,STRING
rpt-network-plng,sitetracker_data,TMP_ST_ALL_PROJECTS_T,POWER_SOURCE_LOCATION,STRING
rpt-network-plng,sitetracker_data,TMP_ST_ALL_PROJECTS_T,PRELIM_PRICING_SUBMIT_CET_PLANNING_A,TIMESTAMP
rpt-network-plng,sitetracker_data,TMP_ST_ALL_PROJECTS_T,PRELIM_PRICING_SUBMIT_CET_PLANNING_F,TIMESTAMP
rpt-network-plng,sitetracker_data,TMP_ST_ALL_PROJECTS_T,PRELIMINARY_NETWORK_DESIGN_A,TIMESTAMP
rpt-network-plng,sitetracker_data,TMP_ST_ALL_PROJECTS_T,PRELIMINARY_NETWORK_DESIGN_F,TIMESTAMP
rpt-network-plng,sitetracker_data,TMP_ST_ALL_PROJECTS_T,PREMISE_EQUIPMENT_INSTALLED_A,TIMESTAMP
rpt-network-plng,sitetracker_data,TMP_ST_ALL_PROJECTS_T,PREMISE_EQUIPMENT_INSTALLED_F,TIMESTAMP
rpt-network-plng,sitetracker_data,TMP_ST_ALL_PROJECTS_T,PREMISE_READY,TIMESTAMP
rpt-network-plng,sitetracker_data,TMP_ST_ALL_PROJECTS_T,PRIOR_RIGHTS_DARK_FIBER_REVIEW_A,TIMESTAMP
rpt-network-plng,sitetracker_data,TMP_ST_ALL_PROJECTS_T,PRIOR_RIGHTS_DARK_FIBER_REVIEW_F,TIMESTAMP
rpt-network-plng,sitetracker_data,TMP_ST_ALL_PROJECTS_T,PROCEED_WITH_ABANDONMENT_PROCESS_A,TIMESTAMP
rpt-network-plng,sitetracker_data,TMP_ST_ALL_PROJECTS_T,PROCEED_WITH_ABANDONMENT_PROCESS_F,TIMESTAMP
rpt-network-plng,sitetracker_data,TMP_ST_ALL_PROJECTS_T,PROGRAM_MANAGER_NAME,STRING
rpt-network-plng,sitetracker_data,TMP_ST_ALL_PROJECTS_T,PROGRAM_MANAGER_CUID,STRING
rpt-network-plng,sitetracker_data,TMP_ST_ALL_PROJECTS_T,PROJECT_AUDIT_COMMENTS,STRING
rpt-network-plng,sitetracker_data,TMP_ST_ALL_PROJECTS_T,PROJECT_AUDIT_REQUESTED,NUMERIC
rpt-network-plng,sitetracker_data,TMP_ST_ALL_PROJECTS_T,PROJECT_BOUNDARY_CREATED_A,TIMESTAMP
rpt-network-plng,sitetracker_data,TMP_ST_ALL_PROJECTS_T,PROJECT_BOUNDARY_CREATED_F,TIMESTAMP
rpt-network-plng,sitetracker_data,TMP_ST_ALL_PROJECTS_T,PROJECT_BUDGET_TOTALS,NUMERIC
rpt-network-plng,sitetracker_data,TMP_ST_ALL_PROJECTS_T,PROJECT_CLOSE_A,TIMESTAMP
rpt-network-plng,sitetracker_data,TMP_ST_ALL_PROJECTS_T,PROJECT_CLOSE_F,TIMESTAMP
rpt-network-plng,sitetracker_data,TMP_ST_ALL_PROJECTS_T,PROJECT_EMAIL_RECEIVED,TIMESTAMP
rpt-network-plng,sitetracker_data,TMP_ST_ALL_PROJECTS_T,PROJECT_EMAIL_RECEIVED_A,TIMESTAMP
rpt-network-plng,sitetracker_data,TMP_ST_ALL_PROJECTS_T,PROJECT_EMAIL_RECEIVED_F,TIMESTAMP
rpt-network-plng,sitetracker_data,TMP_ST_ALL_PROJECTS_T,PROJECT_FIBER_AERIAL_FOOTAGE,NUMERIC
rpt-network-plng,sitetracker_data,TMP_ST_ALL_PROJECTS_T,PROJECT_FIBER_BURIED_UG_FOOTAGE,NUMERIC
rpt-network-plng,sitetracker_data,TMP_ST_ALL_PROJECTS_T,PROJECT_FIBER_FOOTAGE,NUMERIC
rpt-network-plng,sitetracker_data,TMP_ST_ALL_PROJECTS_T,PROJECT_FIBER_PLCG_FOOTAGE_COMPLETE,NUMERIC
rpt-network-plng,sitetracker_data,TMP_ST_ALL_PROJECTS_T,PROJECT_FIBER_PLCG_PERCENTAGE,NUMERIC
rpt-network-plng,sitetracker_data,TMP_ST_ALL_PROJECTS_T,PROJECT_FIBER_SPL_FOOTAGE_COMPLETE,NUMERIC
rpt-network-plng,sitetracker_data,TMP_ST_ALL_PROJECTS_T,PROJECT_FIBER_SPL_PERCENTAGE,NUMERIC
rpt-network-plng,sitetracker_data,TMP_ST_ALL_PROJECTS_T,PROJECT_HOLD_FORECASTED_RELEASE_DATE,TIMESTAMP
rpt-network-plng,sitetracker_data,TMP_ST_ALL_PROJECTS_T,PROJECT_INITIATED_A,TIMESTAMP
rpt-network-plng,sitetracker_data,TMP_ST_ALL_PROJECTS_T,PROJECT_INITIATED_F,TIMESTAMP
rpt-network-plng,sitetracker_data,TMP_ST_ALL_PROJECTS_T,PROJECT_INITIATED_IN_SAP_FIREWORKS_A,TIMESTAMP
rpt-network-plng,sitetracker_data,TMP_ST_ALL_PROJECTS_T,PROJECT_INITIATED_IN_SAP_FIREWORKS_F,TIMESTAMP
rpt-network-plng,sitetracker_data,TMP_ST_ALL_PROJECTS_T,PROJECT_INITIATED_IN_SAP,STRING
rpt-network-plng,sitetracker_data,TMP_ST_ALL_PROJECTS_T,PROJECT_KICK_OFF_COMPLETED_A,TIMESTAMP
rpt-network-plng,sitetracker_data,TMP_ST_ALL_PROJECTS_T,PROJECT_KICK_OFF_COMPLETED_F,TIMESTAMP
rpt-network-plng,sitetracker_data,TMP_ST_ALL_PROJECTS_T,PROJECT_ON_TIME,STRING
rpt-network-plng,sitetracker_data,TMP_ST_ALL_PROJECTS_T,PROJECT_REDLINES_COMPLETED_A,TIMESTAMP
rpt-network-plng,sitetracker_data,TMP_ST_ALL_PROJECTS_T,PROJECT_REDLINES_COMPLETED_F,TIMESTAMP
rpt-network-plng,sitetracker_data,TMP_ST_ALL_PROJECTS_T,PROJECT_REIMBURSEMENT_INDICATED_A,TIMESTAMP
rpt-network-plng,sitetracker_data,TMP_ST_ALL_PROJECTS_T,PROJECT_REIMBURSEMENT_INDICATED_F,TIMESTAMP
rpt-network-plng,sitetracker_data,TMP_ST_ALL_PROJECTS_T,PROJECT_START_CX,NUMERIC
rpt-network-plng,sitetracker_data,TMP_ST_ALL_PROJECTS_T,PROJECT_TARGET,STRING
rpt-network-plng,sitetracker_data,TMP_ST_ALL_PROJECTS_T,PTA_POLE_APPLICATION_SUBMITTED_A,TIMESTAMP
rpt-network-plng,sitetracker_data,TMP_ST_ALL_PROJECTS_T,PTA_POLE_APPLICATION_SUBMITTED_F,TIMESTAMP
rpt-network-plng,sitetracker_data,TMP_ST_ALL_PROJECTS_T,PTA_RECEIVED_FROM_POLE_OWNER_A,TIMESTAMP
rpt-network-plng,sitetracker_data,TMP_ST_ALL_PROJECTS_T,PTA_RECEIVED_FROM_POLE_OWNER_F,TIMESTAMP
rpt-network-plng,sitetracker_data,TMP_ST_ALL_PROJECTS_T,PUN_FORM_A,TIMESTAMP
rpt-network-plng,sitetracker_data,TMP_ST_ALL_PROJECTS_T,PUN_FORM_F,TIMESTAMP
rpt-network-plng,sitetracker_data,TMP_ST_ALL_PROJECTS_T,QF_AUTOMATION_POSTED_TO_TOP_A,TIMESTAMP
rpt-network-plng,sitetracker_data,TMP_ST_ALL_PROJECTS_T,QF_AUTOMATION_POSTED_TO_TOP_F,TIMESTAMP
rpt-network-plng,sitetracker_data,TMP_ST_ALL_PROJECTS_T,QUANTUM_FIBER_PROJECT_COMPLETE_A,TIMESTAMP
rpt-network-plng,sitetracker_data,TMP_ST_ALL_PROJECTS_T,QUANTUM_FIBER_PROJECT_COMPLETE_F,TIMESTAMP
rpt-network-plng,sitetracker_data,TMP_ST_ALL_PROJECTS_T,RDMV_CAPGOV_MONTHLY_SUBMISSION,STRING
rpt-network-plng,sitetracker_data,TMP_ST_ALL_PROJECTS_T,RECORD_UPDATES_FINAL_POST_A,TIMESTAMP
rpt-network-plng,sitetracker_data,TMP_ST_ALL_PROJECTS_T,RECORD_UPDATES_FINAL_POST_F,TIMESTAMP
rpt-network-plng,sitetracker_data,TMP_ST_ALL_PROJECTS_T,RECORD_UPDATES_FINAL_POST_LARGE_A,TIMESTAMP
rpt-network-plng,sitetracker_data,TMP_ST_ALL_PROJECTS_T,RECORD_UPDATES_FINAL_POST_LARGE_F,TIMESTAMP
rpt-network-plng,sitetracker_data,TMP_ST_ALL_PROJECTS_T,RECORD_UPDATES_FINAL_POST_SIMPLE_A,TIMESTAMP
rpt-network-plng,sitetracker_data,TMP_ST_ALL_PROJECTS_T,RECORD_UPDATES_FINAL_POST_SIMPLE_F,TIMESTAMP
rpt-network-plng,sitetracker_data,TMP_ST_ALL_PROJECTS_T,RECORD_UPDATES_FINAL_POST_SMALL_A,TIMESTAMP
rpt-network-plng,sitetracker_data,TMP_ST_ALL_PROJECTS_T,RECORD_UPDATES_FINAL_POST_SMALL_F,TIMESTAMP
rpt-network-plng,sitetracker_data,TMP_ST_ALL_PROJECTS_T,RECORD_UPDATES_FINAL_POST_SPECIAL_A,TIMESTAMP
rpt-network-plng,sitetracker_data,TMP_ST_ALL_PROJECTS_T,RECORD_UPDATES_FINAL_POST_SPECIAL_F,TIMESTAMP
rpt-network-plng,sitetracker_data,TMP_ST_ALL_PROJECTS_T,REDUCE_CABLE_SIZE_COMMENTS_N,STRING
rpt-network-plng,sitetracker_data,TMP_ST_ALL_PROJECTS_T,REDUCE_CABLE_SIZE_N,STRING
rpt-network-plng,sitetracker_data,TMP_ST_ALL_PROJECTS_T,REDUCE_CABLE_SIZES,STRING
rpt-network-plng,sitetracker_data,TMP_ST_ALL_PROJECTS_T,REDUCE_CABLE_SIZES_COMMENTS,STRING
rpt-network-plng,sitetracker_data,TMP_ST_ALL_PROJECTS_T,REDUCE_COST,STRING
rpt-network-plng,sitetracker_data,TMP_ST_ALL_PROJECTS_T,REDUCE_COST_ALT_PLACEMENT_COMMENTS_N,STRING
rpt-network-plng,sitetracker_data,TMP_ST_ALL_PROJECTS_T,REDUCE_COST_W_ALT_PLACEMENT_COMMENTS,STRING
rpt-network-plng,sitetracker_data,TMP_ST_ALL_PROJECTS_T,REDUCE_COST_W_ALTERNATE_PLACEMENT,STRING
rpt-network-plng,sitetracker_data,TMP_ST_ALL_PROJECTS_T,REDUCE_COST_W_ALTERNATE_PLACEMENT_N,STRING
rpt-network-plng,sitetracker_data,TMP_ST_ALL_PROJECTS_T,REDUCED_COST_WITH_ELECTRONIC_SOLUTION,STRING
rpt-network-plng,sitetracker_data,TMP_ST_ALL_PROJECTS_T,REIMBURSABLE_PM_NAME,STRING
rpt-network-plng,sitetracker_data,TMP_ST_ALL_PROJECTS_T,REIMBURSABLE_PM_CUID,STRING
rpt-network-plng,sitetracker_data,TMP_ST_ALL_PROJECTS_T,REIMBURSABLE_PM_CONFIRM_PRIOR_RIGHTS_A,TIMESTAMP
rpt-network-plng,sitetracker_data,TMP_ST_ALL_PROJECTS_T,REIMBURSABLE_PM_CONFIRM_PRIOR_RIGHTS_F,TIMESTAMP
rpt-network-plng,sitetracker_data,TMP_ST_ALL_PROJECTS_T,REIMBURSEMENT_AMOUNT,NUMERIC
rpt-network-plng,sitetracker_data,TMP_ST_ALL_PROJECTS_T,REIMBURSEMENT_AMOUNT_N,NUMERIC
rpt-network-plng,sitetracker_data,TMP_ST_ALL_PROJECTS_T,REIMBURSEMENT_RECEIPT_A,TIMESTAMP
rpt-network-plng,sitetracker_data,TMP_ST_ALL_PROJECTS_T,REIMBURSEMENT_RECEIPT_F,TIMESTAMP
rpt-network-plng,sitetracker_data,TMP_ST_ALL_PROJECTS_T,REL_TO_CONST_SLA,NUMERIC
rpt-network-plng,sitetracker_data,TMP_ST_ALL_PROJECTS_T,RELATED_FIBER_AERIAL_FOOTAGE,NUMERIC
rpt-network-plng,sitetracker_data,TMP_ST_ALL_PROJECTS_T,RELATED_FIBER_BURIED_UG_FOOTAGE,NUMERIC
rpt-network-plng,sitetracker_data,TMP_ST_ALL_PROJECTS_T,RELATED_FIBER_FOOTAGE,NUMERIC
rpt-network-plng,sitetracker_data,TMP_ST_ALL_PROJECTS_T,RELATED_FIBER_PLCG_FOOTAGE_COMPLETE,NUMERIC
rpt-network-plng,sitetracker_data,TMP_ST_ALL_PROJECTS_T,RELATED_FIBER_PLCG_PERCENTAGE,NUMERIC
rpt-network-plng,sitetracker_data,TMP_ST_ALL_PROJECTS_T,RELATED_FIBER_SPL_FOOTAGE_COMPLETE,NUMERIC
rpt-network-plng,sitetracker_data,TMP_ST_ALL_PROJECTS_T,RELATED_FIBER_SPL_PERCENTAGE,NUMERIC
rpt-network-plng,sitetracker_data,TMP_ST_ALL_PROJECTS_T,RELATED_PROJECT_S_IMPLEMENTATION_A,TIMESTAMP
rpt-network-plng,sitetracker_data,TMP_ST_ALL_PROJECTS_T,RELATED_PROJECT_S_IMPLEMENTATION_F,TIMESTAMP
rpt-network-plng,sitetracker_data,TMP_ST_ALL_PROJECTS_T,RELAY_RACK,STRING
rpt-network-plng,sitetracker_data,TMP_ST_ALL_PROJECTS_T,RELEASE_ORD_TO_DATA_DSC_OMC_LARGE_A,TIMESTAMP
rpt-network-plng,sitetracker_data,TMP_ST_ALL_PROJECTS_T,RELEASE_ORD_TO_DATA_DSC_OMC_LARGE_F,TIMESTAMP
rpt-network-plng,sitetracker_data,TMP_ST_ALL_PROJECTS_T,RELEASE_ORD_TO_DATA_DSC_OMC_SIMPLE_A,TIMESTAMP
rpt-network-plng,sitetracker_data,TMP_ST_ALL_PROJECTS_T,RELEASE_ORD_TO_DATA_DSC_OMC_SIMPLE_F,TIMESTAMP
rpt-network-plng,sitetracker_data,TMP_ST_ALL_PROJECTS_T,RELEASE_ORD_TO_DATA_DSC_OMC_SMALL_A,TIMESTAMP
rpt-network-plng,sitetracker_data,TMP_ST_ALL_PROJECTS_T,RELEASE_ORD_TO_DATA_DSC_OMC_SPECIAL_A,TIMESTAMP
rpt-network-plng,sitetracker_data,TMP_ST_ALL_PROJECTS_T,RELEASE_ORD_TO_DATA_DSC_OMC_SMALL_F,TIMESTAMP
rpt-network-plng,sitetracker_data,TMP_ST_ALL_PROJECTS_T,RELEASE_ORD_TO_DATA_DSC_OMC_SPECIAL_F,TIMESTAMP
rpt-network-plng,sitetracker_data,TMP_ST_ALL_PROJECTS_T,RELEASED_TO_CONSTRUCTION_A,TIMESTAMP
rpt-network-plng,sitetracker_data,TMP_ST_ALL_PROJECTS_T,RELEASED_TO_CONSTRUCTION_F,TIMESTAMP
rpt-network-plng,sitetracker_data,TMP_ST_ALL_PROJECTS_T,RELO_BUSINESS_ANALYST_NAME,STRING
rpt-network-plng,sitetracker_data,TMP_ST_ALL_PROJECTS_T,RELO_BUSINESS_ANALYST_CUID,STRING
rpt-network-plng,sitetracker_data,TMP_ST_ALL_PROJECTS_T,RELO_SPOC_NAME,STRING
rpt-network-plng,sitetracker_data,TMP_ST_ALL_PROJECTS_T,RELO_SPOC_CUID,STRING
rpt-network-plng,sitetracker_data,TMP_ST_ALL_PROJECTS_T,RELO_BA_DIRECT_REPORT,NUMERIC
rpt-network-plng,sitetracker_data,TMP_ST_ALL_PROJECTS_T,RELO_COMPLETE_CYCLE,NUMERIC
rpt-network-plng,sitetracker_data,TMP_ST_ALL_PROJECTS_T,RELO_CX_TO_FINISH,NUMERIC
rpt-network-plng,sitetracker_data,TMP_ST_ALL_PROJECTS_T,RELO_DESIGN_TO_CX,NUMERIC
rpt-network-plng,sitetracker_data,TMP_ST_ALL_PROJECTS_T,RELO_PLAN_STARTS_A,TIMESTAMP
rpt-network-plng,sitetracker_data,TMP_ST_ALL_PROJECTS_T,RELO_PLAN_STARTS_F,TIMESTAMP
rpt-network-plng,sitetracker_data,TMP_ST_ALL_PROJECTS_T,RELO_START_TO,NUMERIC
rpt-network-plng,sitetracker_data,TMP_ST_ALL_PROJECTS_T,RELO_UTILITY_MAP_TO_REQUESTOR_A,TIMESTAMP
rpt-network-plng,sitetracker_data,TMP_ST_ALL_PROJECTS_T,RELO_UTILITY_MAP_TO_REQUESTOR_F,TIMESTAMP
rpt-network-plng,sitetracker_data,TMP_ST_ALL_PROJECTS_T,REQUESTING_AGENCY_PROJECT_ID,STRING
rpt-network-plng,sitetracker_data,TMP_ST_ALL_PROJECTS_T,REQUIRED_APPR_TO_AVOID_COMPANY,STRING
rpt-network-plng,sitetracker_data,TMP_ST_ALL_PROJECTS_T,REROUTE_OR_REFEED_OPTION_COMMENTS,STRING
rpt-network-plng,sitetracker_data,TMP_ST_ALL_PROJECTS_T,REROUTE_OR_REFEED_OPTION_COMMENTS_N,STRING
rpt-network-plng,sitetracker_data,TMP_ST_ALL_PROJECTS_T,RESERVE_REIMBURSABLE_RIGHTS_A,TIMESTAMP
rpt-network-plng,sitetracker_data,TMP_ST_ALL_PROJECTS_T,RESERVE_REIMBURSABLE_RIGHTS_F,TIMESTAMP
rpt-network-plng,sitetracker_data,TMP_ST_ALL_PROJECTS_T,RESPOND_TO_REQUESTOR_WITH_IMPACT_A,TIMESTAMP
rpt-network-plng,sitetracker_data,TMP_ST_ALL_PROJECTS_T,RESPOND_TO_REQUESTOR_WITH_IMPACT_F,TIMESTAMP
rpt-network-plng,sitetracker_data,TMP_ST_ALL_PROJECTS_T,REVIEW_IN_STAGING_A,TIMESTAMP
rpt-network-plng,sitetracker_data,TMP_ST_ALL_PROJECTS_T,REVIEW_IN_STAGING_F,TIMESTAMP
rpt-network-plng,sitetracker_data,TMP_ST_ALL_PROJECTS_T,REVIEW_INPUT_PROJECT_DATA_A,TIMESTAMP
rpt-network-plng,sitetracker_data,TMP_ST_ALL_PROJECTS_T,REVIEW_INPUT_PROJECT_DATA_F,TIMESTAMP
rpt-network-plng,sitetracker_data,TMP_ST_ALL_PROJECTS_T,REVIEW_PRINTS_ACCEPT_ASSIGN_JOB_A,TIMESTAMP
rpt-network-plng,sitetracker_data,TMP_ST_ALL_PROJECTS_T,REVIEW_PRINTS_ACCEPT_ASSIGN_JOB_F,TIMESTAMP
rpt-network-plng,sitetracker_data,TMP_ST_ALL_PROJECTS_T,REVIEW_PRINTS_ASSIGN_JOB_SPECIAL_A,TIMESTAMP
rpt-network-plng,sitetracker_data,TMP_ST_ALL_PROJECTS_T,REVIEW_PRINTS_ASSIGN_JOB_SPECIAL_F,TIMESTAMP
rpt-network-plng,sitetracker_data,TMP_ST_ALL_PROJECTS_T,REVIEW_SOW_FILE_DOCUMENTS_A,TIMESTAMP
rpt-network-plng,sitetracker_data,TMP_ST_ALL_PROJECTS_T,REVIEW_SOW_FILE_DOCUMENTS_F,TIMESTAMP
rpt-network-plng,sitetracker_data,TMP_ST_ALL_PROJECTS_T,REVIEW_STATE_SPECIFIC_REQUIREMENTS_A,TIMESTAMP
rpt-network-plng,sitetracker_data,TMP_ST_ALL_PROJECTS_T,REVIEW_STATE_SPECIFIC_REQUIREMENTS_F,TIMESTAMP
rpt-network-plng,sitetracker_data,TMP_ST_ALL_PROJECTS_T,ROW_PLACEMENT_OF_OUR_FACILITY,STRING
rpt-network-plng,sitetracker_data,TMP_ST_ALL_PROJECTS_T,SA_TECHS_LOADED_A,TIMESTAMP
rpt-network-plng,sitetracker_data,TMP_ST_ALL_PROJECTS_T,SA_TECHS_LOADED_F,TIMESTAMP
rpt-network-plng,sitetracker_data,TMP_ST_ALL_PROJECTS_T,SALES_ENGINEER_NAME,STRING
rpt-network-plng,sitetracker_data,TMP_ST_ALL_PROJECTS_T,SALES_ENGINEER_CUID,STRING
rpt-network-plng,sitetracker_data,TMP_ST_ALL_PROJECTS_T,SALES_HANDOFF_TO_ENGINEERING_A,TIMESTAMP
rpt-network-plng,sitetracker_data,TMP_ST_ALL_PROJECTS_T,SALES_HANDOFF_TO_ENGINEERING_F,TIMESTAMP
rpt-network-plng,sitetracker_data,TMP_ST_ALL_PROJECTS_T,SALES_OSR_CONTACT,STRING
rpt-network-plng,sitetracker_data,TMP_ST_ALL_PROJECTS_T,SALES_SIGNED_CONTRACT_RECEIVED_A,TIMESTAMP
rpt-network-plng,sitetracker_data,TMP_ST_ALL_PROJECTS_T,SALES_SIGNED_CONTRACT_RECEIVED_F,TIMESTAMP
rpt-network-plng,sitetracker_data,TMP_ST_ALL_PROJECTS_T,SAP_SYSTEM_STATUS,STRING
rpt-network-plng,sitetracker_data,TMP_ST_ALL_PROJECTS_T,SAVINGS,NUMERIC
rpt-network-plng,sitetracker_data,TMP_ST_ALL_PROJECTS_T,SCOPE_OF_WORK_DEFINED_A,TIMESTAMP
rpt-network-plng,sitetracker_data,TMP_ST_ALL_PROJECTS_T,SCOPE_OF_WORK_DEFINED_F,TIMESTAMP
rpt-network-plng,sitetracker_data,TMP_ST_ALL_PROJECTS_T,SCOPE_OF_WORK_REVIEW_A,TIMESTAMP
rpt-network-plng,sitetracker_data,TMP_ST_ALL_PROJECTS_T,SCOPE_OF_WORK_REVIEW_F,TIMESTAMP
rpt-network-plng,sitetracker_data,TMP_ST_ALL_PROJECTS_T,SCOPEREVIEW_CX,NUMERIC
rpt-network-plng,sitetracker_data,TMP_ST_ALL_PROJECTS_T,SCOPEREVIEWSLA,NUMERIC
rpt-network-plng,sitetracker_data,TMP_ST_ALL_PROJECTS_T,SEGMENT,STRING
rpt-network-plng,sitetracker_data,TMP_ST_ALL_PROJECTS_T,SELECT_CORRECT_BUILD_TYPE,STRING
rpt-network-plng,sitetracker_data,TMP_ST_ALL_PROJECTS_T,SELECT_THE_REQUIRED_FIELDS_NEEDED,STRING
rpt-network-plng,sitetracker_data,TMP_ST_ALL_PROJECTS_T,SEND_RESPONSE_LETTER_TO_REQUESTOR_A,TIMESTAMP
rpt-network-plng,sitetracker_data,TMP_ST_ALL_PROJECTS_T,SEND_RESPONSE_LETTER_TO_REQUESTOR_F,TIMESTAMP
rpt-network-plng,sitetracker_data,TMP_ST_ALL_PROJECTS_T,SENT_TO_FINANCE_FOR_CAP_GOV_REVIEW,NUMERIC
rpt-network-plng,sitetracker_data,TMP_ST_ALL_PROJECTS_T,SERVICE_AREA,STRING
rpt-network-plng,sitetracker_data,TMP_ST_ALL_PROJECTS_T,SHELF,STRING
rpt-network-plng,sitetracker_data,TMP_ST_ALL_PROJECTS_T,SITE_NAME,STRING
rpt-network-plng,sitetracker_data,TMP_ST_ALL_PROJECTS_T,SITE_SURVEY_COMPLETE_A,TIMESTAMP
rpt-network-plng,sitetracker_data,TMP_ST_ALL_PROJECTS_T,SITE_SURVEY_COMPLETE_F,TIMESTAMP
rpt-network-plng,sitetracker_data,TMP_ST_ALL_PROJECTS_T,SITE_SURVEY_ISSUED_TO_FIELD_A,TIMESTAMP
rpt-network-plng,sitetracker_data,TMP_ST_ALL_PROJECTS_T,SITE_SURVEY_ISSUED_TO_FIELD_F,TIMESTAMP
rpt-network-plng,sitetracker_data,TMP_ST_ALL_PROJECTS_T,SITE_SURVEY_SCHEDULED_A,TIMESTAMP
rpt-network-plng,sitetracker_data,TMP_ST_ALL_PROJECTS_T,SITE_SURVEY_SCHEDULED_F,TIMESTAMP
rpt-network-plng,sitetracker_data,TMP_ST_ALL_PROJECTS_T,SITETRACKER_PM_NAME,STRING
rpt-network-plng,sitetracker_data,TMP_ST_ALL_PROJECTS_T,SITETRACKER_PM_CUID,STRING
rpt-network-plng,sitetracker_data,TMP_ST_ALL_PROJECTS_T,SI_REVIEW_IN_STAGING_A,TIMESTAMP
rpt-network-plng,sitetracker_data,TMP_ST_ALL_PROJECTS_T,SI_REVIEW_IN_STAGING_F,TIMESTAMP
rpt-network-plng,sitetracker_data,TMP_ST_ALL_PROJECTS_T,SITE_LAUNCH,STRING
rpt-network-plng,sitetracker_data,TMP_ST_ALL_PROJECTS_T,SITE_VISIT_COMPLETED_A,TIMESTAMP
rpt-network-plng,sitetracker_data,TMP_ST_ALL_PROJECTS_T,SITE_VISIT_COMPLETED_F,TIMESTAMP
rpt-network-plng,sitetracker_data,TMP_ST_ALL_PROJECTS_T,SL,STRING
rpt-network-plng,sitetracker_data,TMP_ST_ALL_PROJECTS_T,SL_COMPLETE_A,TIMESTAMP
rpt-network-plng,sitetracker_data,TMP_ST_ALL_PROJECTS_T,SL_COMPLETE_F,TIMESTAMP
rpt-network-plng,sitetracker_data,TMP_ST_ALL_PROJECTS_T,SOLICIT_PROJECT_BIDS_A,TIMESTAMP
rpt-network-plng,sitetracker_data,TMP_ST_ALL_PROJECTS_T,SOLICIT_PROJECT_BIDS_F,TIMESTAMP
rpt-network-plng,sitetracker_data,TMP_ST_ALL_PROJECTS_T,SOURCE,STRING
rpt-network-plng,sitetracker_data,TMP_ST_ALL_PROJECTS_T,SOW_FORM,STRING
rpt-network-plng,sitetracker_data,TMP_ST_ALL_PROJECTS_T,SOW_CREATED_BY_NAME,STRING
rpt-network-plng,sitetracker_data,TMP_ST_ALL_PROJECTS_T,SOW_CREATED_BY_CUID,STRING
rpt-network-plng,sitetracker_data,TMP_ST_ALL_PROJECTS_T,SOW_CREATED_DATE,TIMESTAMP
rpt-network-plng,sitetracker_data,TMP_ST_ALL_PROJECTS_T,SOW_FORM_NOT_SAME_AS_COMMUNITY,NUMERIC
rpt-network-plng,sitetracker_data,TMP_ST_ALL_PROJECTS_T,SOW_AND_FUNDING_HAS_BEEN_CONFIRMED_A,TIMESTAMP
rpt-network-plng,sitetracker_data,TMP_ST_ALL_PROJECTS_T,SOW_AND_FUNDING_HAS_BEEN_CONFIRMED_F,TIMESTAMP
rpt-network-plng,sitetracker_data,TMP_ST_ALL_PROJECTS_T,SOW_LAST_MODIFIED_BY_NAME,STRING
rpt-network-plng,sitetracker_data,TMP_ST_ALL_PROJECTS_T,SOW_LAST_MODIFIED_BY_CUID,STRING
rpt-network-plng,sitetracker_data,TMP_ST_ALL_PROJECTS_T,SOW_LAST_MODIFIED_DATE,TIMESTAMP
rpt-network-plng,sitetracker_data,TMP_ST_ALL_PROJECTS_T,SPLICING_SUPERVISOR_NAME,STRING
rpt-network-plng,sitetracker_data,TMP_ST_ALL_PROJECTS_T,SPLICING_SUPERVISOR_CUID,STRING
rpt-network-plng,sitetracker_data,TMP_ST_ALL_PROJECTS_T,SPLICING_A,TIMESTAMP
rpt-network-plng,sitetracker_data,TMP_ST_ALL_PROJECTS_T,SPLICING_F,TIMESTAMP
rpt-network-plng,sitetracker_data,TMP_ST_ALL_PROJECTS_T,SPLICING_LARGE_A,TIMESTAMP
rpt-network-plng,sitetracker_data,TMP_ST_ALL_PROJECTS_T,SPLICING_LARGE_F,TIMESTAMP
rpt-network-plng,sitetracker_data,TMP_ST_ALL_PROJECTS_T,SPLICING_SMALL_A,TIMESTAMP
rpt-network-plng,sitetracker_data,TMP_ST_ALL_PROJECTS_T,SPLICING_SMALL_F,TIMESTAMP
rpt-network-plng,sitetracker_data,TMP_ST_ALL_PROJECTS_T,SPLICING_SPECIAL_A,TIMESTAMP
rpt-network-plng,sitetracker_data,TMP_ST_ALL_PROJECTS_T,SPLICING_SPECIAL_F,TIMESTAMP
rpt-network-plng,sitetracker_data,TMP_ST_ALL_PROJECTS_T,SPLITTER_SIZE,STRING
rpt-network-plng,sitetracker_data,TMP_ST_ALL_PROJECTS_T,START_TO_FINISH,NUMERIC
rpt-network-plng,sitetracker_data,TMP_ST_ALL_PROJECTS_T,STEP_1_BUSINESS_OPERATIONS_TEAM_A,TIMESTAMP
rpt-network-plng,sitetracker_data,TMP_ST_ALL_PROJECTS_T,STEP_1_BUSINESS_OPERATIONS_TEAM_F,TIMESTAMP
rpt-network-plng,sitetracker_data,TMP_ST_ALL_PROJECTS_T,STEP_2_SI_A,TIMESTAMP
rpt-network-plng,sitetracker_data,TMP_ST_ALL_PROJECTS_T,STEP_2_SI_F,TIMESTAMP
rpt-network-plng,sitetracker_data,TMP_ST_ALL_PROJECTS_T,SUBMISSION_STATUS,STRING
rpt-network-plng,sitetracker_data,TMP_ST_ALL_PROJECTS_T,SUBMIT_SPLICING_CUTOVER_A,TIMESTAMP
rpt-network-plng,sitetracker_data,TMP_ST_ALL_PROJECTS_T,SUBMIT_SPLICING_CUTOVER_F,TIMESTAMP
rpt-network-plng,sitetracker_data,TMP_ST_ALL_PROJECTS_T,SUBMIT_TO_REG_IF_PLAN_IS_TO_ABANDON_A,TIMESTAMP
rpt-network-plng,sitetracker_data,TMP_ST_ALL_PROJECTS_T,SUBMIT_TO_REG_IF_PLAN_IS_TO_ABANDON_F,TIMESTAMP
rpt-network-plng,sitetracker_data,TMP_ST_ALL_PROJECTS_T,SUBMITS_PROPOSAL_TO_DEVELOPER_A,TIMESTAMP
rpt-network-plng,sitetracker_data,TMP_ST_ALL_PROJECTS_T,SUBMITS_PROPOSAL_TO_DEVELOPER_F,TIMESTAMP
rpt-network-plng,sitetracker_data,TMP_ST_ALL_PROJECTS_T,SUBMITTED_ON_TIME,STRING
rpt-network-plng,sitetracker_data,TMP_ST_ALL_PROJECTS_T,SUBMITTED_TO_PROD_A,TIMESTAMP
rpt-network-plng,sitetracker_data,TMP_ST_ALL_PROJECTS_T,SUBMITTED_TO_PROD_F,TIMESTAMP
rpt-network-plng,sitetracker_data,TMP_ST_ALL_PROJECTS_T,SUBMITTED_TO_STAGING_A,TIMESTAMP
rpt-network-plng,sitetracker_data,TMP_ST_ALL_PROJECTS_T,SUBMITTED_TO_STAGING_F,TIMESTAMP
rpt-network-plng,sitetracker_data,TMP_ST_ALL_PROJECTS_T,SUCCESS_IN_PROD_A,TIMESTAMP
rpt-network-plng,sitetracker_data,TMP_ST_ALL_PROJECTS_T,SUCCESS_IN_PROD_F,TIMESTAMP
rpt-network-plng,sitetracker_data,TMP_ST_ALL_PROJECTS_T,SUM_OF_LUS,STRING
rpt-network-plng,sitetracker_data,TMP_ST_ALL_PROJECTS_T,TDM_REQUIRED,STRING
rpt-network-plng,sitetracker_data,TMP_ST_ALL_PROJECTS_T,TECH_RESOURCES_IN_SALESFORCE,STRING
rpt-network-plng,sitetracker_data,TMP_ST_ALL_PROJECTS_T,TECHNICALLY_COMPLETE_A,TIMESTAMP
rpt-network-plng,sitetracker_data,TMP_ST_ALL_PROJECTS_T,TECHNICALLY_COMPLETE_F,TIMESTAMP
rpt-network-plng,sitetracker_data,TMP_ST_ALL_PROJECTS_T,TECHNICALLY_COMPLETE_LARGE_A,TIMESTAMP
rpt-network-plng,sitetracker_data,TMP_ST_ALL_PROJECTS_T,TECHNICALLY_COMPLETE_LARGE_F,TIMESTAMP
rpt-network-plng,sitetracker_data,TMP_ST_ALL_PROJECTS_T,TECHNICALLY_COMPLETE_SIMPLE_A,TIMESTAMP
rpt-network-plng,sitetracker_data,TMP_ST_ALL_PROJECTS_T,TECHNICALLY_COMPLETE_SIMPLE_F,TIMESTAMP
rpt-network-plng,sitetracker_data,TMP_ST_ALL_PROJECTS_T,TECHNICALLY_COMPLETE_SMALL_A,TIMESTAMP
rpt-network-plng,sitetracker_data,TMP_ST_ALL_PROJECTS_T,TECHNICALLY_COMPLETE_SMALL_F,TIMESTAMP
rpt-network-plng,sitetracker_data,TMP_ST_ALL_PROJECTS_T,TECHNICALLY_COMPLETE_SPECIAL_A,TIMESTAMP
rpt-network-plng,sitetracker_data,TMP_ST_ALL_PROJECTS_T,TECHNICALLY_COMPLETE_SPECIAL_F,TIMESTAMP
rpt-network-plng,sitetracker_data,TMP_ST_ALL_PROJECTS_T,TECO_TO_CLOSE,NUMERIC
rpt-network-plng,sitetracker_data,TMP_ST_ALL_PROJECTS_T,TERM,NUMERIC
rpt-network-plng,sitetracker_data,TMP_ST_ALL_PROJECTS_T,TEST_TURN_UP_A,TIMESTAMP
rpt-network-plng,sitetracker_data,TMP_ST_ALL_PROJECTS_T,TEST_TURN_UP_F,TIMESTAMP
rpt-network-plng,sitetracker_data,TMP_ST_ALL_PROJECTS_T,THIRD_PARTY_MAKE_READY_ESTIMATE_COMPLETE,TIMESTAMP
rpt-network-plng,sitetracker_data,TMP_ST_ALL_PROJECTS_T,TID,STRING
rpt-network-plng,sitetracker_data,TMP_ST_ALL_PROJECTS_T,TIE_PAIR_NAME,STRING
rpt-network-plng,sitetracker_data,TMP_ST_ALL_PROJECTS_T,TOTAL_APPROVED_BUDGET_PLAN_AMOUNT,NUMERIC
rpt-network-plng,sitetracker_data,TMP_ST_ALL_PROJECTS_T,TOTAL_CAPITAL_REQUEST,NUMERIC
rpt-network-plng,sitetracker_data,TMP_ST_ALL_PROJECTS_T,TOTAL_FIBER_AERIAL_FOOTAGE,NUMERIC
rpt-network-plng,sitetracker_data,TMP_ST_ALL_PROJECTS_T,TOTAL_FIBER_BURIED_UG_FOOTAGE,NUMERIC
rpt-network-plng,sitetracker_data,TMP_ST_ALL_PROJECTS_T,TOTAL_FIBER_FOOTAGE,NUMERIC
rpt-network-plng,sitetracker_data,TMP_ST_ALL_PROJECTS_T,TOTAL_FIBER_PLCG_FOOTAGE_COMPLETE,NUMERIC
rpt-network-plng,sitetracker_data,TMP_ST_ALL_PROJECTS_T,TOTAL_FIBER_PLCG_PERCENTAGE,NUMERIC
rpt-network-plng,sitetracker_data,TMP_ST_ALL_PROJECTS_T,TOTAL_FIBER_SPL_FOOTAGE_COMPLETE,NUMERIC
rpt-network-plng,sitetracker_data,TMP_ST_ALL_PROJECTS_T,TOTAL_FIBER_SPL_PERCENTAGE,NUMERIC
rpt-network-plng,sitetracker_data,TMP_ST_ALL_PROJECTS_T,TOTAL_MONTHLY_REVENUE,NUMERIC
rpt-network-plng,sitetracker_data,TMP_ST_ALL_PROJECTS_T,TOTAL_MONTHLY_REVENUE_N,NUMERIC
rpt-network-plng,sitetracker_data,TMP_ST_ALL_PROJECTS_T,TOTAL_PLANNED_AMOUNT,NUMERIC
rpt-network-plng,sitetracker_data,TMP_ST_ALL_PROJECTS_T,TRENCH_TYPE,STRING
rpt-network-plng,sitetracker_data,TMP_ST_ALL_PROJECTS_T,TRIGGER_POLYGON_TEAM,NUMERIC
rpt-network-plng,sitetracker_data,TMP_ST_ALL_PROJECTS_T,TURNED_UP_MARKET_LAUNCH_A,TIMESTAMP
rpt-network-plng,sitetracker_data,TMP_ST_ALL_PROJECTS_T,TURNED_UP_MARKET_LAUNCH_F,TIMESTAMP
rpt-network-plng,sitetracker_data,TMP_ST_ALL_PROJECTS_T,UPLOAD_ASBUILTS_A,TIMESTAMP
rpt-network-plng,sitetracker_data,TMP_ST_ALL_PROJECTS_T,UPLOAD_ASBUILTS_F,TIMESTAMP
rpt-network-plng,sitetracker_data,TMP_ST_ALL_PROJECTS_T,UPLOAD_ASBUILTS_LARGE_A,TIMESTAMP
rpt-network-plng,sitetracker_data,TMP_ST_ALL_PROJECTS_T,UPLOAD_ASBUILTS_LARGE_F,TIMESTAMP
rpt-network-plng,sitetracker_data,TMP_ST_ALL_PROJECTS_T,UPLOAD_ASBUILTS_SIMPLE_A,TIMESTAMP
rpt-network-plng,sitetracker_data,TMP_ST_ALL_PROJECTS_T,UPLOAD_ASBUILTS_SIMPLE_F,TIMESTAMP
rpt-network-plng,sitetracker_data,TMP_ST_ALL_PROJECTS_T,UPLOAD_ASBUILTS_SMALL_A,TIMESTAMP
rpt-network-plng,sitetracker_data,TMP_ST_ALL_PROJECTS_T,UPLOAD_ASBUILTS_SMALL_F,TIMESTAMP
rpt-network-plng,sitetracker_data,TMP_ST_ALL_PROJECTS_T,UPLOAD_ASBUILTS_SPECIAL_A,TIMESTAMP
rpt-network-plng,sitetracker_data,TMP_ST_ALL_PROJECTS_T,UPLOAD_ASBUILTS_SPECIAL_F,TIMESTAMP
rpt-network-plng,sitetracker_data,TMP_ST_ALL_PROJECTS_T,VALIDATE_QUAL_TYPE_IN_THE_QF_PORTAL_A,TIMESTAMP
rpt-network-plng,sitetracker_data,TMP_ST_ALL_PROJECTS_T,VALIDATE_QUAL_TYPE_IN_THE_QF_PORTAL_F,TIMESTAMP
rpt-network-plng,sitetracker_data,TMP_ST_ALL_PROJECTS_T,VALIDATE_ROUTE_A,TIMESTAMP
rpt-network-plng,sitetracker_data,TMP_ST_ALL_PROJECTS_T,VALIDATE_ROUTE_F,TIMESTAMP
rpt-network-plng,sitetracker_data,TMP_ST_ALL_PROJECTS_T,VALIDATE_ROUTE_SPECIAL_A,TIMESTAMP
rpt-network-plng,sitetracker_data,TMP_ST_ALL_PROJECTS_T,VALIDATE_ROUTE_SPECIAL_F,TIMESTAMP
rpt-network-plng,sitetracker_data,TMP_ST_ALL_PROJECTS_T,VENDOR_ASSIGNMENT_A,TIMESTAMP
rpt-network-plng,sitetracker_data,TMP_ST_ALL_PROJECTS_T,VENDOR_ASSIGNMENT_F,TIMESTAMP
rpt-network-plng,sitetracker_data,TMP_ST_ALL_PROJECTS_T,VENDOR_COMMITMENT_CONFIRMED_A,TIMESTAMP
rpt-network-plng,sitetracker_data,TMP_ST_ALL_PROJECTS_T,VENDOR_COMMITMENT_CONFIRMED_F,TIMESTAMP
rpt-network-plng,sitetracker_data,TMP_ST_ALL_PROJECTS_T,VENDOR_MATERIALS_ORDERED_A,TIMESTAMP
rpt-network-plng,sitetracker_data,TMP_ST_ALL_PROJECTS_T,VENDOR_MATERIALS_ORDERED_F,TIMESTAMP
rpt-network-plng,sitetracker_data,TMP_ST_ALL_PROJECTS_T,VENDOR_MATERIALS_RECEIVED_A,TIMESTAMP
rpt-network-plng,sitetracker_data,TMP_ST_ALL_PROJECTS_T,VENDOR_MATERIALS_RECEIVED_F,TIMESTAMP
rpt-network-plng,sitetracker_data,TMP_ST_ALL_PROJECTS_T,VENDOR_CONTRACT_ASSIGNMENT,STRING
rpt-network-plng,sitetracker_data,TMP_ST_ALL_PROJECTS_T,VENDOR_NAME,STRING
rpt-network-plng,sitetracker_data,TMP_ST_ALL_PROJECTS_T,VENDOR_TYPE,STRING
rpt-network-plng,sitetracker_data,TMP_ST_ALL_PROJECTS_T,VERIFY_ACTUALS_A,TIMESTAMP
rpt-network-plng,sitetracker_data,TMP_ST_ALL_PROJECTS_T,VERIFY_ACTUALS_F,TIMESTAMP
rpt-network-plng,sitetracker_data,TMP_ST_ALL_PROJECTS_T,VERIFY_ACTUALS_LARGE_A,TIMESTAMP
rpt-network-plng,sitetracker_data,TMP_ST_ALL_PROJECTS_T,VERIFY_ACTUALS_LARGE_F,TIMESTAMP
rpt-network-plng,sitetracker_data,TMP_ST_ALL_PROJECTS_T,VERIFY_ACTUALS_SIMPLE_A,TIMESTAMP
rpt-network-plng,sitetracker_data,TMP_ST_ALL_PROJECTS_T,VERIFY_ACTUALS_SIMPLE_F,TIMESTAMP
rpt-network-plng,sitetracker_data,TMP_ST_ALL_PROJECTS_T,VERIFY_ACTUALS_SMALL_A,TIMESTAMP
rpt-network-plng,sitetracker_data,TMP_ST_ALL_PROJECTS_T,VERIFY_ACTUALS_SMALL_F,TIMESTAMP
rpt-network-plng,sitetracker_data,TMP_ST_ALL_PROJECTS_T,VERIFY_ACTUALS_SPECIAL_A,TIMESTAMP
rpt-network-plng,sitetracker_data,TMP_ST_ALL_PROJECTS_T,VERIFY_ACTUALS_SPECIAL_F,TIMESTAMP
rpt-network-plng,sitetracker_data,TMP_ST_ALL_PROJECTS_T,WFMT_PROJECT_ID,STRING
rpt-network-plng,sitetracker_data,TMP_ST_ALL_PROJECTS_T,WHAT_IS_IN_CONFLICT,STRING
rpt-network-plng,sitetracker_data,TMP_ST_ALL_PROJECTS_T,WHAT_JOB_PLACED_OLT,STRING
rpt-network-plng,sitetracker_data,TMP_ST_ALL_PROJECTS_T,WHY,STRING
rpt-network-plng,sitetracker_data,TMP_ST_ALL_PROJECTS_T,WHY_NOW,STRING
rpt-network-plng,sitetracker_data,TMP_ST_ALL_PROJECTS_T,WIRE_CENTER_EXCHANGE_MISMATCH,NUMERIC
rpt-network-plng,sitetracker_data,TMP_ST_ALL_PROJECTS_T,WON_1ST_HOME,STRING
rpt-network-plng,sitetracker_data,TMP_ST_ALL_PROJECTS_T,WORKING_SUBS_ON_FIBER_AMOUNT,NUMERIC
rpt-network-plng,sitetracker_data,TMP_ST_ALL_PROJECTS_T,WRECKING_RESTORAL_A,TIMESTAMP
rpt-network-plng,sitetracker_data,TMP_ST_ALL_PROJECTS_T,WRECKING_RESTORAL_F,TIMESTAMP
rpt-network-plng,sitetracker_data,TMP_ST_ALL_PROJECTS_T,WRECKING_RESTORAL_LARGE_A,TIMESTAMP
rpt-network-plng,sitetracker_data,TMP_ST_ALL_PROJECTS_T,WRECKING_RESTORAL_LARGE_F,TIMESTAMP
rpt-network-plng,sitetracker_data,TMP_ST_ALL_PROJECTS_T,WRECKING_RESTORAL_SPECIAL_A,TIMESTAMP
rpt-network-plng,sitetracker_data,TMP_ST_ALL_PROJECTS_T,WRECKING_RESTORAL_SPECIAL_F,TIMESTAMP
rpt-network-plng,sitetracker_data,TMP_ST_ALL_PROJECTS_T,X3RD_PARTY_AERIAL_MAKE_READY_COMPLETED_A,TIMESTAMP
rpt-network-plng,sitetracker_data,TMP_ST_ALL_PROJECTS_T,X3RD_PARTY_AERIAL_MAKE_READY_COMPLETED_F,TIMESTAMP
rpt-network-plng,sitetracker_data,TMP_ST_ALL_PROJECTS_T,X3RD_PARTY_PROCESS_TRIGGERED_A,TIMESTAMP
rpt-network-plng,sitetracker_data,TMP_ST_ALL_PROJECTS_T,X3RD_PARTY_PROCESS_TRIGGERED_F,TIMESTAMP
rpt-network-plng,sitetracker_data,TMP_ST_ALL_PROJECTS_T,X3RD_PARTY_RECEIVED_A,TIMESTAMP
rpt-network-plng,sitetracker_data,TMP_ST_ALL_PROJECTS_T,X3RD_PARTY_RECEIVED_F,TIMESTAMP
rpt-network-plng,sitetracker_data,TMP_ST_ALL_PROJECTS_T,X3RD_PARTY_RECEIVED_SPECIAL_A,TIMESTAMP
rpt-network-plng,sitetracker_data,TMP_ST_ALL_PROJECTS_T,X3RD_PARTY_RECEIVED_SPECIAL_F,TIMESTAMP
rpt-network-plng,sitetracker_data,TMP_ST_ALL_PROJECTS_T,ST_PROJECT_URL,STRING
rpt-network-plng,sitetracker_data,TMP_ST_ALL_PROJECTS_T,ST_PARENT_PROJECT_URL,STRING
rpt-network-plng,sitetracker_data,TMP_ST_ALL_PROJECTS_T,ST_PARENT_PROJECT_ID,STRING
rpt-network-plng,sitetracker_data,TMP_ST_ALL_PROJECTS_T,ST_PARENT_PROJECT_TYPE,STRING
rpt-network-plng,sitetracker_data,TMP_ST_ALL_PROJECTS_T,ST_INTERNAL_PROJECT_ID,STRING
rpt-network-plng,sitetracker_data,TMP_ST_ALL_PROJECTS_T,ST_INTERNAL_PARENT_PROJECT_ID,STRING
rpt-network-plng,sitetracker_data,TMP_ST_ALL_PROJECTS_T,ST_SITE_PHASE,STRING
rpt-network-plng,sitetracker_data,TMP_ST_ALL_PROJECTS_T,ST_PARENT_CHILD,STRING
rpt-network-plng,sitetracker_data,TMP_ST_ALL_PROJECTS_T,QF_INVENTORY_COMPLETE_DATE,TIMESTAMP
rpt-network-plng,sitetracker_data,TMP_ST_ALL_PROJECTS_T,RELATED_QF_PROJECT_ID,STRING
rpt-network-plng,sitetracker_data,TMP_ST_ALL_PROJECTS_T,RELATED_GPON_PHASE_PROJECT_ID,STRING
rpt-network-plng,sitetracker_data,TMP_ST_ALL_PROJECTS_T,RELATED_PARENT_PROJECT_ID,STRING
rpt-network-plng,sitetracker_data,TMP_ST_ALL_PROJECTS_T,RELATED_CHILD_PROJECT_ID,STRING
rpt-network-plng,sitetracker_data,TMP_ST_ALL_PROJECTS_T,COMMUNITY_PROJECT,STRING
rpt-network-plng,sitetracker_data,TMP_ST_ALL_PROJECTS_T,ASSOCIATED_PROJECT,STRING
rpt-network-plng,sitetracker_data,TMP_ST_ALL_PROJECTS_T,COMMUNITY_PROJECT_INTERNAL_ID,STRING
rpt-network-plng,sitetracker_data,TMP_ST_ALL_PROJECTS_T,ASSOCIATED_PROJECT_INTERNAL_ID,STRING
rpt-network-plng,sitetracker_data,TMP_ST_ALL_PROJECTS_T,SF_PHASE_RECORD,STRING
rpt-network-plng,sitetracker_data,TMP_ST_ALL_PROJECTS_T,SF_IMPLEMENTATION_RECORD,STRING
rpt-network-plng,sitetracker_data,TMP_ST_ALL_PROJECTS_T,FLAG_FOR_MIGRATION,NUMERIC
rpt-network-plng,sitetracker_data,TMP_ST_ALL_PROJECTS_T,FLAG_FOR_DELETION,NUMERIC
rpt-network-plng,sitetracker_data,TMP_ST_ALL_PROJECTS_T,META_LOAD_DATE_TIME,TIMESTAMP
rpt-network-plng,sitetracker_data,Test_V,PROPERTIES_ID,STRING
rpt-network-plng,sitetracker_data,Test_V,PROPERTIES_VENDOR,STRING
rpt-network-plng,sitetracker_data,Test_V,PROPERTIES_STATUS,STRING
rpt-network-plng,sitetracker_data,Test_V,PROPERTIES_CREATED_DATE,DATETIME
rpt-network-plng,sitetracker_data,Test_V,PROPERTIES_SUBMITTED_DATE,DATETIME
rpt-network-plng,sitetracker_data,Test_V,PROPERTIES_APPROVED_DATE,DATETIME
rpt-network-plng,sitetracker_data,Test_V,PROPERTIES_CONTRACTOR,STRING
rpt-network-plng,sitetracker_data,Test_V,PROPERTIES_CREATED_BY,STRING
rpt-network-plng,sitetracker_data,Test_V,PROPERTIES_MYWWFM_TICKET_ID,STRING
rpt-network-plng,sitetracker_data,Test_V,PROPERTIES_SAP_STATUS,STRING
rpt-network-plng,sitetracker_data,Test_V,PROPERTIES_DELETED,BOOL
rpt-network-plng,sitetracker_data,Test_V,PROPERTIES_PARENT_ID,STRING
rpt-network-plng,sitetracker_data,Test_V,PROPERTIES_APPROVAL_COMMENTS,STRING
rpt-network-plng,sitetracker_data,Test_V,PROPERTIES_TICKET_TYPE,STRING
rpt-network-plng,sitetracker_data,Test_V,PROPERTIES_REFERENCE,STRING
rpt-network-plng,sitetracker_data,Test_V,ITEM_PROPERTIES_ID,STRING
rpt-network-plng,sitetracker_data,Test_V,ITEM_PROPERTIES_STATUS,STRING
rpt-network-plng,sitetracker_data,Test_V,ITEM_PROPERTIES_CREATED_DATE,DATETIME
rpt-network-plng,sitetracker_data,Test_V,ITEM_PROPERTIES_CREATED_BY,STRING
rpt-network-plng,sitetracker_data,Test_V,ITEM_PROPERTIES_MYWCM,STRING
rpt-network-plng,sitetracker_data,Test_V,ITEM_PROPERTIES_WBS,STRING
rpt-network-plng,sitetracker_data,Test_V,PROPERTIES_PO,STRING
rpt-network-plng,sitetracker_data,Test_V,ITEM_PROPERTIES_DESCRIPTION,STRING
rpt-network-plng,sitetracker_data,Test_V,ITEM_PROPERTIES_QTY_ESTIMATED,FLOAT64
rpt-network-plng,sitetracker_data,Test_V,ITEM_PROPERTIES_QTY_COMPLETED,FLOAT64
rpt-network-plng,sitetracker_data,Test_V,ITEM_PROPERTIES_UNIT_PRICE,FLOAT64
rpt-network-plng,sitetracker_data,Test_V,ITEM_PROPERTIES_GL,STRING
rpt-network-plng,sitetracker_data,Test_V,ITEM_PROPERTIES_EXTERNAL_ID,STRING
rpt-network-plng,sitetracker_data,Test_V,ITEM_PROPERTIES_EXTERNAL_MSG,STRING
rpt-network-plng,sitetracker_data,Test_V,ITEM_PROPERTIES_DELETED,BOOL
rpt-network-plng,sitetracker_data,Test_V,IQGEO_SOURCE,STRING
rpt-network-plng,sitetracker_data,ST_FXP_PHASE_ELSE_SITE_HIST_SNAP_T,ST_PROJECT_ID,STRING
rpt-network-plng,sitetracker_data,ST_FXP_PHASE_ELSE_SITE_HIST_SNAP_T,PROJECT_TYPE,STRING
rpt-network-plng,sitetracker_data,ST_FXP_PHASE_ELSE_SITE_HIST_SNAP_T,REGION,STRING
rpt-network-plng,sitetracker_data,ST_FXP_PHASE_ELSE_SITE_HIST_SNAP_T,STATE,STRING
rpt-network-plng,sitetracker_data,ST_FXP_PHASE_ELSE_SITE_HIST_SNAP_T,COUNTY,STRING
rpt-network-plng,sitetracker_data,ST_FXP_PHASE_ELSE_SITE_HIST_SNAP_T,CITY,STRING
rpt-network-plng,sitetracker_data,ST_FXP_PHASE_ELSE_SITE_HIST_SNAP_T,EXCHANGE_NAME,STRING
rpt-network-plng,sitetracker_data,ST_FXP_PHASE_ELSE_SITE_HIST_SNAP_T,EXCHANGE,STRING
rpt-network-plng,sitetracker_data,ST_FXP_PHASE_ELSE_SITE_HIST_SNAP_T,COMPANY_CODE,STRING
rpt-network-plng,sitetracker_data,ST_FXP_PHASE_ELSE_SITE_HIST_SNAP_T,LEGACY_COMPANY,STRING
rpt-network-plng,sitetracker_data,ST_FXP_PHASE_ELSE_SITE_HIST_SNAP_T,MARKET_CLUSTER,STRING
rpt-network-plng,sitetracker_data,ST_FXP_PHASE_ELSE_SITE_HIST_SNAP_T,PRIMARY_WIRE_CENTER_ID,STRING
rpt-network-plng,sitetracker_data,ST_FXP_PHASE_ELSE_SITE_HIST_SNAP_T,PRIMARY_WIRE_CENTER_NAME,STRING
rpt-network-plng,sitetracker_data,ST_FXP_PHASE_ELSE_SITE_HIST_SNAP_T,FW_PROJECT_ID,STRING
rpt-network-plng,sitetracker_data,ST_FXP_PHASE_ELSE_SITE_HIST_SNAP_T,SITE_OSP_ENGINEER_NAME,STRING
rpt-network-plng,sitetracker_data,ST_FXP_PHASE_ELSE_SITE_HIST_SNAP_T,SITE_OSP_ENGINEER_CUID,STRING
rpt-network-plng,sitetracker_data,ST_FXP_PHASE_ELSE_SITE_HIST_SNAP_T,PHASE_OSP_ENGINEER_NAME,STRING
rpt-network-plng,sitetracker_data,ST_FXP_PHASE_ELSE_SITE_HIST_SNAP_T,PHASE_OSP_ENGINEER_CUID,STRING
rpt-network-plng,sitetracker_data,ST_FXP_PHASE_ELSE_SITE_HIST_SNAP_T,SITE_CONSTRUCTION_COORDINATOR_NAME,STRING
rpt-network-plng,sitetracker_data,ST_FXP_PHASE_ELSE_SITE_HIST_SNAP_T,SITE_CONSTRUCTION_COORDINATOR_CUID,STRING
rpt-network-plng,sitetracker_data,ST_FXP_PHASE_ELSE_SITE_HIST_SNAP_T,PHASE_CONSTRUCTION_COORDINATOR_NAME,STRING
rpt-network-plng,sitetracker_data,ST_FXP_PHASE_ELSE_SITE_HIST_SNAP_T,PHASE_CONSTRUCTION_COORDINATOR_CUID,STRING
rpt-network-plng,sitetracker_data,ST_FXP_PHASE_ELSE_SITE_HIST_SNAP_T,SITE_GPON_PM_NAME,STRING
rpt-network-plng,sitetracker_data,ST_FXP_PHASE_ELSE_SITE_HIST_SNAP_T,SITE_GPON_PM_CUID,STRING
rpt-network-plng,sitetracker_data,ST_FXP_PHASE_ELSE_SITE_HIST_SNAP_T,PHASE_GPON_PM_NAME,STRING
rpt-network-plng,sitetracker_data,ST_FXP_PHASE_ELSE_SITE_HIST_SNAP_T,PHASE_GPON_PM_CUID,STRING
rpt-network-plng,sitetracker_data,ST_FXP_PHASE_ELSE_SITE_HIST_SNAP_T,SITE_IMPLEMENTATION_PM_NAME,STRING
rpt-network-plng,sitetracker_data,ST_FXP_PHASE_ELSE_SITE_HIST_SNAP_T,SITE_IMPLEMENTATION_PM_CUID,STRING
rpt-network-plng,sitetracker_data,ST_FXP_PHASE_ELSE_SITE_HIST_SNAP_T,PHASE_IMPLEMENTATION_PM_NAME,STRING
rpt-network-plng,sitetracker_data,ST_FXP_PHASE_ELSE_SITE_HIST_SNAP_T,PHASE_IMPLEMENTATION_PM_CUID,STRING
rpt-network-plng,sitetracker_data,ST_FXP_PHASE_ELSE_SITE_HIST_SNAP_T,SITE_MARKETING_PM_NAME,STRING
rpt-network-plng,sitetracker_data,ST_FXP_PHASE_ELSE_SITE_HIST_SNAP_T,SITE_MARKETING_PM_CUID,STRING
rpt-network-plng,sitetracker_data,ST_FXP_PHASE_ELSE_SITE_HIST_SNAP_T,PHASE_MARKETING_PM_NAME,STRING
rpt-network-plng,sitetracker_data,ST_FXP_PHASE_ELSE_SITE_HIST_SNAP_T,PHASE_MARKETING_PM_CUID,STRING
rpt-network-plng,sitetracker_data,ST_FXP_PHASE_ELSE_SITE_HIST_SNAP_T,SITE_OSP_ENG_DIRECTOR_NAME,STRING
rpt-network-plng,sitetracker_data,ST_FXP_PHASE_ELSE_SITE_HIST_SNAP_T,SITE_OSP_ENG_DIRECTOR_CUID,STRING
rpt-network-plng,sitetracker_data,ST_FXP_PHASE_ELSE_SITE_HIST_SNAP_T,PHASE_OSP_ENG_DIRECTOR_NAME,STRING
rpt-network-plng,sitetracker_data,ST_FXP_PHASE_ELSE_SITE_HIST_SNAP_T,PHASE_OSP_ENG_DIRECTOR_CUID,STRING
rpt-network-plng,sitetracker_data,ST_FXP_PHASE_ELSE_SITE_HIST_SNAP_T,SITE_OSP_MANAGER_NAME,STRING
rpt-network-plng,sitetracker_data,ST_FXP_PHASE_ELSE_SITE_HIST_SNAP_T,SITE_OSP_MANAGER_CUID,STRING
rpt-network-plng,sitetracker_data,ST_FXP_PHASE_ELSE_SITE_HIST_SNAP_T,PHASE_OSP_MANAGER_NAME,STRING
rpt-network-plng,sitetracker_data,ST_FXP_PHASE_ELSE_SITE_HIST_SNAP_T,PHASE_OSP_MANAGER_CUID,STRING
rpt-network-plng,sitetracker_data,ST_FXP_PHASE_ELSE_SITE_HIST_SNAP_T,SITE_PLANNER_NAME,STRING
rpt-network-plng,sitetracker_data,ST_FXP_PHASE_ELSE_SITE_HIST_SNAP_T,SITE_PLANNER_CUID,STRING
rpt-network-plng,sitetracker_data,ST_FXP_PHASE_ELSE_SITE_HIST_SNAP_T,PHASE_PLANNER_NAME,STRING
rpt-network-plng,sitetracker_data,ST_FXP_PHASE_ELSE_SITE_HIST_SNAP_T,PHASE_PLANNER_CUID,STRING
rpt-network-plng,sitetracker_data,ST_FXP_PHASE_ELSE_SITE_HIST_SNAP_T,SITE_PLANNING_MANAGER_NAME,STRING
rpt-network-plng,sitetracker_data,ST_FXP_PHASE_ELSE_SITE_HIST_SNAP_T,SITE_PLANNING_MANAGER_CUID,STRING
rpt-network-plng,sitetracker_data,ST_FXP_PHASE_ELSE_SITE_HIST_SNAP_T,PHASE_PLANNING_MANAGER_NAME,STRING
rpt-network-plng,sitetracker_data,ST_FXP_PHASE_ELSE_SITE_HIST_SNAP_T,PHASE_PLANNING_MANAGER_CUID,STRING
rpt-network-plng,sitetracker_data,ST_FXP_PHASE_ELSE_SITE_HIST_SNAP_T,SITE_RESPONSIBLE_PERSON_NAME,STRING
rpt-network-plng,sitetracker_data,ST_FXP_PHASE_ELSE_SITE_HIST_SNAP_T,SITE_RESPONSIBLE_PERSON_CUID,STRING
rpt-network-plng,sitetracker_data,ST_FXP_PHASE_ELSE_SITE_HIST_SNAP_T,PHASE_RESPONSIBLE_PERSON_NAME,STRING
rpt-network-plng,sitetracker_data,ST_FXP_PHASE_ELSE_SITE_HIST_SNAP_T,PHASE_RESPONSIBLE_PERSON_CUID,STRING
rpt-network-plng,sitetracker_data,ST_FXP_PHASE_ELSE_SITE_HIST_SNAP_T,SITE_SALES_ENGINEER_NAME,STRING
rpt-network-plng,sitetracker_data,ST_FXP_PHASE_ELSE_SITE_HIST_SNAP_T,SITE_SALES_ENGINEER_CUID,STRING
rpt-network-plng,sitetracker_data,ST_FXP_PHASE_ELSE_SITE_HIST_SNAP_T,PHASE_SALES_ENGINEER_NAME,STRING
rpt-network-plng,sitetracker_data,ST_FXP_PHASE_ELSE_SITE_HIST_SNAP_T,PHASE_SALES_ENGINEER_CUID,STRING
rpt-network-plng,sitetracker_data,ST_FXP_PHASE_ELSE_SITE_HIST_SNAP_T,SITE_SPLICING_SUPERVISOR_NAME,STRING
rpt-network-plng,sitetracker_data,ST_FXP_PHASE_ELSE_SITE_HIST_SNAP_T,SITE_SPLICING_SUPERVISOR_CUID,STRING
rpt-network-plng,sitetracker_data,ST_FXP_PHASE_ELSE_SITE_HIST_SNAP_T,PHASE_SPLICING_SUPERVISOR_NAME,STRING
rpt-network-plng,sitetracker_data,ST_FXP_PHASE_ELSE_SITE_HIST_SNAP_T,PHASE_SPLICING_SUPERVISOR_CUID,STRING
rpt-network-plng,sitetracker_data,ST_FXP_PHASE_ELSE_SITE_HIST_SNAP_T,SITE_LAST_MODIFIED_BY_NAME,STRING
rpt-network-plng,sitetracker_data,ST_FXP_PHASE_ELSE_SITE_HIST_SNAP_T,SITE_LAST_MODIFIED_BY_CUID,STRING
rpt-network-plng,sitetracker_data,ST_FXP_PHASE_ELSE_SITE_HIST_SNAP_T,PHASE_LAST_MODIFIED_BY_NAME,STRING
rpt-network-plng,sitetracker_data,ST_FXP_PHASE_ELSE_SITE_HIST_SNAP_T,PHASE_LAST_MODIFIED_BY_CUID,STRING
rpt-network-plng,sitetracker_data,ST_FXP_PHASE_ELSE_SITE_HIST_SNAP_T,SITE_SL_NAME,STRING
rpt-network-plng,sitetracker_data,ST_FXP_PHASE_ELSE_SITE_HIST_SNAP_T,SITE_SL_CUID,STRING
rpt-network-plng,sitetracker_data,ST_FXP_PHASE_ELSE_SITE_HIST_SNAP_T,PHASE_SL_NAME,STRING
rpt-network-plng,sitetracker_data,ST_FXP_PHASE_ELSE_SITE_HIST_SNAP_T,PHASE_SL_CUID,STRING
rpt-network-plng,sitetracker_data,ST_FXP_PHASE_ELSE_SITE_HIST_SNAP_T,SITE_ORIGINAL_ECD_NCD,TIMESTAMP
rpt-network-plng,sitetracker_data,ST_FXP_PHASE_ELSE_SITE_HIST_SNAP_T,SITE_MODIFIED_ECD,TIMESTAMP
rpt-network-plng,sitetracker_data,ST_FXP_PHASE_ELSE_SITE_HIST_SNAP_T,SITE_ECD_LOGIC,TIMESTAMP
rpt-network-plng,sitetracker_data,ST_FXP_PHASE_ELSE_SITE_HIST_SNAP_T,SITE_ML_ECD_LOGIC,TIMESTAMP
rpt-network-plng,sitetracker_data,ST_FXP_PHASE_ELSE_SITE_HIST_SNAP_T,PHASE_ORIGINAL_ECD_NCD,TIMESTAMP
rpt-network-plng,sitetracker_data,ST_FXP_PHASE_ELSE_SITE_HIST_SNAP_T,PHASE_MODIFIED_ECD,TIMESTAMP
rpt-network-plng,sitetracker_data,ST_FXP_PHASE_ELSE_SITE_HIST_SNAP_T,PHASE_ECD_LOGIC,TIMESTAMP
rpt-network-plng,sitetracker_data,ST_FXP_PHASE_ELSE_SITE_HIST_SNAP_T,PHASE_ML_ECD_LOGIC,TIMESTAMP
rpt-network-plng,sitetracker_data,ST_FXP_PHASE_ELSE_SITE_HIST_SNAP_T,ADDRESS,STRING
rpt-network-plng,sitetracker_data,ST_FXP_PHASE_ELSE_SITE_HIST_SNAP_T,ADDRESS_QUALIFICATION,STRING
rpt-network-plng,sitetracker_data,ST_FXP_PHASE_ELSE_SITE_HIST_SNAP_T,AERIAL_ATTACHMENT_REQUIRED,STRING
rpt-network-plng,sitetracker_data,ST_FXP_PHASE_ELSE_SITE_HIST_SNAP_T,AID_TO_CONSTRUCTION_REQUIRED,STRING
rpt-network-plng,sitetracker_data,ST_FXP_PHASE_ELSE_SITE_HIST_SNAP_T,APO_AUDIT_A,TIMESTAMP
rpt-network-plng,sitetracker_data,ST_FXP_PHASE_ELSE_SITE_HIST_SNAP_T,APO_AUDIT_F,TIMESTAMP
rpt-network-plng,sitetracker_data,ST_FXP_PHASE_ELSE_SITE_HIST_SNAP_T,ATC_APPROVED,STRING
rpt-network-plng,sitetracker_data,ST_FXP_PHASE_ELSE_SITE_HIST_SNAP_T,ATC_COST_SENT_TO_DEVELOPER_A,TIMESTAMP
rpt-network-plng,sitetracker_data,ST_FXP_PHASE_ELSE_SITE_HIST_SNAP_T,ATC_COST_SENT_TO_DEVELOPER_F,TIMESTAMP
rpt-network-plng,sitetracker_data,ST_FXP_PHASE_ELSE_SITE_HIST_SNAP_T,ATC_RECEIVED_FROM_DEVELOPER_A,TIMESTAMP
rpt-network-plng,sitetracker_data,ST_FXP_PHASE_ELSE_SITE_HIST_SNAP_T,ATC_RECEIVED_FROM_DEVELOPER_F,TIMESTAMP
rpt-network-plng,sitetracker_data,ST_FXP_PHASE_ELSE_SITE_HIST_SNAP_T,BID_ACCEPTANCE_A,TIMESTAMP
rpt-network-plng,sitetracker_data,ST_FXP_PHASE_ELSE_SITE_HIST_SNAP_T,BID_ACCEPTANCE_F,TIMESTAMP
rpt-network-plng,sitetracker_data,ST_FXP_PHASE_ELSE_SITE_HIST_SNAP_T,BID_CREATION_A,TIMESTAMP
rpt-network-plng,sitetracker_data,ST_FXP_PHASE_ELSE_SITE_HIST_SNAP_T,BID_CREATION_F,TIMESTAMP
rpt-network-plng,sitetracker_data,ST_FXP_PHASE_ELSE_SITE_HIST_SNAP_T,BID_POSTING_A,TIMESTAMP
rpt-network-plng,sitetracker_data,ST_FXP_PHASE_ELSE_SITE_HIST_SNAP_T,BID_POSTING_F,TIMESTAMP
rpt-network-plng,sitetracker_data,ST_FXP_PHASE_ELSE_SITE_HIST_SNAP_T,BID_VS_LEC_VENDOR_ASSIGNMENT,STRING
rpt-network-plng,sitetracker_data,ST_FXP_PHASE_ELSE_SITE_HIST_SNAP_T,BUILDER_EMAIL,STRING
rpt-network-plng,sitetracker_data,ST_FXP_PHASE_ELSE_SITE_HIST_SNAP_T,BUILDER_NAME_SITE_NAME,STRING
rpt-network-plng,sitetracker_data,ST_FXP_PHASE_ELSE_SITE_HIST_SNAP_T,BUILDER_PHONE,STRING
rpt-network-plng,sitetracker_data,ST_FXP_PHASE_ELSE_SITE_HIST_SNAP_T,BUILDER_SITE_CONTACT_INFO,STRING
rpt-network-plng,sitetracker_data,ST_FXP_PHASE_ELSE_SITE_HIST_SNAP_T,BUILD_OR_NO_BUILD,STRING
rpt-network-plng,sitetracker_data,ST_FXP_PHASE_ELSE_SITE_HIST_SNAP_T,BURIED_AERIAL_CONDUIT,STRING
rpt-network-plng,sitetracker_data,ST_FXP_PHASE_ELSE_SITE_HIST_SNAP_T,BUSINESS_CASE,STRING
rpt-network-plng,sitetracker_data,ST_FXP_PHASE_ELSE_SITE_HIST_SNAP_T,CABLE_TYPE,STRING
rpt-network-plng,sitetracker_data,ST_FXP_PHASE_ELSE_SITE_HIST_SNAP_T,CAD_DESIGN_COMPLETE_A,TIMESTAMP
rpt-network-plng,sitetracker_data,ST_FXP_PHASE_ELSE_SITE_HIST_SNAP_T,CAD_DESIGN_COMPLETE_F,TIMESTAMP
rpt-network-plng,sitetracker_data,ST_FXP_PHASE_ELSE_SITE_HIST_SNAP_T,CAD_DESIGN_STARTED_A,TIMESTAMP
rpt-network-plng,sitetracker_data,ST_FXP_PHASE_ELSE_SITE_HIST_SNAP_T,CAD_DESIGN_STARTED_F,TIMESTAMP
rpt-network-plng,sitetracker_data,ST_FXP_PHASE_ELSE_SITE_HIST_SNAP_T,CAPITAL_APPROVAL_CODE,STRING
rpt-network-plng,sitetracker_data,ST_FXP_PHASE_ELSE_SITE_HIST_SNAP_T,CAPITAL_DESIGN_COMPLETE_A,TIMESTAMP
rpt-network-plng,sitetracker_data,ST_FXP_PHASE_ELSE_SITE_HIST_SNAP_T,CAPITAL_DESIGN_COMPLETE_F,TIMESTAMP
rpt-network-plng,sitetracker_data,ST_FXP_PHASE_ELSE_SITE_HIST_SNAP_T,CAPITAL_DESIGN_REQUEST_A,TIMESTAMP
rpt-network-plng,sitetracker_data,ST_FXP_PHASE_ELSE_SITE_HIST_SNAP_T,CAPITAL_DESIGN_REQUEST_F,TIMESTAMP
rpt-network-plng,sitetracker_data,ST_FXP_PHASE_ELSE_SITE_HIST_SNAP_T,CCID,STRING
rpt-network-plng,sitetracker_data,ST_FXP_PHASE_ELSE_SITE_HIST_SNAP_T,CET_OPPORTUNITY_ID,STRING
rpt-network-plng,sitetracker_data,ST_FXP_PHASE_ELSE_SITE_HIST_SNAP_T,CLOSE_FINANCIAL_TOOL_A,TIMESTAMP
rpt-network-plng,sitetracker_data,ST_FXP_PHASE_ELSE_SITE_HIST_SNAP_T,CLOSE_FINANCIAL_TOOL_F,TIMESTAMP
rpt-network-plng,sitetracker_data,ST_FXP_PHASE_ELSE_SITE_HIST_SNAP_T,CMS_REVIEW_E7_2_SHELVES_ONLY_A,TIMESTAMP
rpt-network-plng,sitetracker_data,ST_FXP_PHASE_ELSE_SITE_HIST_SNAP_T,CMS_REVIEW_E7_2_SHELVES_ONLY_F,TIMESTAMP
rpt-network-plng,sitetracker_data,ST_FXP_PHASE_ELSE_SITE_HIST_SNAP_T,CO_ADDRESS,STRING
rpt-network-plng,sitetracker_data,ST_FXP_PHASE_ELSE_SITE_HIST_SNAP_T,CO_CLLI,STRING
rpt-network-plng,sitetracker_data,ST_FXP_PHASE_ELSE_SITE_HIST_SNAP_T,CO_EQUIP_CLLI,STRING
rpt-network-plng,sitetracker_data,ST_FXP_PHASE_ELSE_SITE_HIST_SNAP_T,COMMUNITY_OR_SERVING_AREA_NAME,STRING
rpt-network-plng,sitetracker_data,ST_FXP_PHASE_ELSE_SITE_HIST_SNAP_T,COMPETITOR,STRING
rpt-network-plng,sitetracker_data,ST_FXP_PHASE_ELSE_SITE_HIST_SNAP_T,SITE_CONSTRUCTION_CATEGORY_1,STRING
rpt-network-plng,sitetracker_data,ST_FXP_PHASE_ELSE_SITE_HIST_SNAP_T,SITE_CONSTRUCTION_CATEGORY_2,STRING
rpt-network-plng,sitetracker_data,ST_FXP_PHASE_ELSE_SITE_HIST_SNAP_T,PHASE_CONSTRUCTION_CATEGORY_1,STRING
rpt-network-plng,sitetracker_data,ST_FXP_PHASE_ELSE_SITE_HIST_SNAP_T,PHASE_CONSTRUCTION_CATEGORY_2,STRING
rpt-network-plng,sitetracker_data,ST_FXP_PHASE_ELSE_SITE_HIST_SNAP_T,CONSTRUCTION_COORD_SPLICING_SUPERVISOR,NUMERIC
rpt-network-plng,sitetracker_data,ST_FXP_PHASE_ELSE_SITE_HIST_SNAP_T,CONSTRUCTION_FUNDED,STRING
rpt-network-plng,sitetracker_data,ST_FXP_PHASE_ELSE_SITE_HIST_SNAP_T,SITE_CONSTRUCTION_VENDOR_1,STRING
rpt-network-plng,sitetracker_data,ST_FXP_PHASE_ELSE_SITE_HIST_SNAP_T,SITE_CONSTRUCTION_VENDOR_2,STRING
rpt-network-plng,sitetracker_data,ST_FXP_PHASE_ELSE_SITE_HIST_SNAP_T,PHASE_CONSTRUCTION_VENDOR_1,STRING
rpt-network-plng,sitetracker_data,ST_FXP_PHASE_ELSE_SITE_HIST_SNAP_T,PHASE_CONSTRUCTION_VENDOR_2,STRING
rpt-network-plng,sitetracker_data,ST_FXP_PHASE_ELSE_SITE_HIST_SNAP_T,CONTRACT_AGREEMENT_STATUS,STRING
rpt-network-plng,sitetracker_data,ST_FXP_PHASE_ELSE_SITE_HIST_SNAP_T,COST_CENTER,STRING
rpt-network-plng,sitetracker_data,ST_FXP_PHASE_ELSE_SITE_HIST_SNAP_T,COST_ESTIMATE_A,TIMESTAMP
rpt-network-plng,sitetracker_data,ST_FXP_PHASE_ELSE_SITE_HIST_SNAP_T,COST_ESTIMATE_F,TIMESTAMP
rpt-network-plng,sitetracker_data,ST_FXP_PHASE_ELSE_SITE_HIST_SNAP_T,COSTING_APPROVAL_UPLOADED,NUMERIC
rpt-network-plng,sitetracker_data,ST_FXP_PHASE_ELSE_SITE_HIST_SNAP_T,CREATED_DATE,TIMESTAMP
rpt-network-plng,sitetracker_data,ST_FXP_PHASE_ELSE_SITE_HIST_SNAP_T,SITE_CREATE_POLYGON_A,TIMESTAMP
rpt-network-plng,sitetracker_data,ST_FXP_PHASE_ELSE_SITE_HIST_SNAP_T,SITE_CREATE_POLYGON_F,TIMESTAMP
rpt-network-plng,sitetracker_data,ST_FXP_PHASE_ELSE_SITE_HIST_SNAP_T,PHASE_CREATE_POLYGON_A,TIMESTAMP
rpt-network-plng,sitetracker_data,ST_FXP_PHASE_ELSE_SITE_HIST_SNAP_T,PHASE_CREATE_POLYGON_F,TIMESTAMP
rpt-network-plng,sitetracker_data,ST_FXP_PHASE_ELSE_SITE_HIST_SNAP_T,SITE_CURRENT_OPEN_ACTIVITY,STRING
rpt-network-plng,sitetracker_data,ST_FXP_PHASE_ELSE_SITE_HIST_SNAP_T,PHASE_CURRENT_OPEN_ACTIVITY,STRING
rpt-network-plng,sitetracker_data,ST_FXP_PHASE_ELSE_SITE_HIST_SNAP_T,DATE_AUDIT_COMPLETED,TIMESTAMP
rpt-network-plng,sitetracker_data,ST_FXP_PHASE_ELSE_SITE_HIST_SNAP_T,DATE_AUDIT_STARTED,TIMESTAMP
rpt-network-plng,sitetracker_data,ST_FXP_PHASE_ELSE_SITE_HIST_SNAP_T,DATE_OF_POST,TIMESTAMP
rpt-network-plng,sitetracker_data,ST_FXP_PHASE_ELSE_SITE_HIST_SNAP_T,DEV_TYPE,STRING
rpt-network-plng,sitetracker_data,ST_FXP_PHASE_ELSE_SITE_HIST_SNAP_T,DEVELOPER_CONTACT_INFO,STRING
rpt-network-plng,sitetracker_data,ST_FXP_PHASE_ELSE_SITE_HIST_SNAP_T,DEVELOPER_FINAL_PLATS_RECEIVED_A,TIMESTAMP
rpt-network-plng,sitetracker_data,ST_FXP_PHASE_ELSE_SITE_HIST_SNAP_T,DEVELOPER_FINAL_PLATS_RECEIVED_F,TIMESTAMP
rpt-network-plng,sitetracker_data,ST_FXP_PHASE_ELSE_SITE_HIST_SNAP_T,DEVELOPER_EMAIL,STRING
rpt-network-plng,sitetracker_data,ST_FXP_PHASE_ELSE_SITE_HIST_SNAP_T,DEVELOPER_NAME,STRING
rpt-network-plng,sitetracker_data,ST_FXP_PHASE_ELSE_SITE_HIST_SNAP_T,DEVELOPER_PHONE,STRING
rpt-network-plng,sitetracker_data,ST_FXP_PHASE_ELSE_SITE_HIST_SNAP_T,DEVELOPMENT_ADDRESS,STRING
rpt-network-plng,sitetracker_data,ST_FXP_PHASE_ELSE_SITE_HIST_SNAP_T,EASEMENT_REQUIRED,STRING
rpt-network-plng,sitetracker_data,ST_FXP_PHASE_ELSE_SITE_HIST_SNAP_T,EASEMENT_ROW_RECEIVED_A,TIMESTAMP
rpt-network-plng,sitetracker_data,ST_FXP_PHASE_ELSE_SITE_HIST_SNAP_T,EASEMENT_ROW_RECEIVED_F,TIMESTAMP
rpt-network-plng,sitetracker_data,ST_FXP_PHASE_ELSE_SITE_HIST_SNAP_T,EASEMENT_ROW_REQUESTED_A,TIMESTAMP
rpt-network-plng,sitetracker_data,ST_FXP_PHASE_ELSE_SITE_HIST_SNAP_T,EASEMENT_ROW_REQUESTED_F,TIMESTAMP
rpt-network-plng,sitetracker_data,ST_FXP_PHASE_ELSE_SITE_HIST_SNAP_T,EASEMENT_ROW_REQUIRED,STRING
rpt-network-plng,sitetracker_data,ST_FXP_PHASE_ELSE_SITE_HIST_SNAP_T,ENGINEER_REVIEWS_POLYGON_COMPLETE_A,TIMESTAMP
rpt-network-plng,sitetracker_data,ST_FXP_PHASE_ELSE_SITE_HIST_SNAP_T,ENGINEER_REVIEWS_POLYGON_COMPLETE_F,TIMESTAMP
rpt-network-plng,sitetracker_data,ST_FXP_PHASE_ELSE_SITE_HIST_SNAP_T,ENGINEERING_CATEGORY_1,STRING
rpt-network-plng,sitetracker_data,ST_FXP_PHASE_ELSE_SITE_HIST_SNAP_T,ENGINEERING_CATEGORY_2,STRING
rpt-network-plng,sitetracker_data,ST_FXP_PHASE_ELSE_SITE_HIST_SNAP_T,ENGINEERING_COMPLETE_A,TIMESTAMP
rpt-network-plng,sitetracker_data,ST_FXP_PHASE_ELSE_SITE_HIST_SNAP_T,ENGINEERING_COMPLETE_F,TIMESTAMP
rpt-network-plng,sitetracker_data,ST_FXP_PHASE_ELSE_SITE_HIST_SNAP_T,ENGINEERING_FUNDED,STRING
rpt-network-plng,sitetracker_data,ST_FXP_PHASE_ELSE_SITE_HIST_SNAP_T,ENGINEERING_FUNDING_COMMENTS,STRING
rpt-network-plng,sitetracker_data,ST_FXP_PHASE_ELSE_SITE_HIST_SNAP_T,ENGINEERING_STATE,STRING
rpt-network-plng,sitetracker_data,ST_FXP_PHASE_ELSE_SITE_HIST_SNAP_T,ENGINEERING_VENDOR_1,STRING
rpt-network-plng,sitetracker_data,ST_FXP_PHASE_ELSE_SITE_HIST_SNAP_T,ENGINEERING_VENDOR_2,STRING
rpt-network-plng,sitetracker_data,ST_FXP_PHASE_ELSE_SITE_HIST_SNAP_T,F1_FOOTAGE_PLCG_COMPLETE,NUMERIC
rpt-network-plng,sitetracker_data,ST_FXP_PHASE_ELSE_SITE_HIST_SNAP_T,F1_FOOTAGE_SPL_COMPLETE,NUMERIC
rpt-network-plng,sitetracker_data,ST_FXP_PHASE_ELSE_SITE_HIST_SNAP_T,F1_PLCG_PERCENTAGE_COMPLETE,NUMERIC
rpt-network-plng,sitetracker_data,ST_FXP_PHASE_ELSE_SITE_HIST_SNAP_T,F1_SPL_PERCENTAGE_COMPLETE,NUMERIC
rpt-network-plng,sitetracker_data,ST_FXP_PHASE_ELSE_SITE_HIST_SNAP_T,F2_FOOTAGE_PLCG_COMPLETE,NUMERIC
rpt-network-plng,sitetracker_data,ST_FXP_PHASE_ELSE_SITE_HIST_SNAP_T,F2_FOOTAGE_SPL_COMPLETE,NUMERIC
rpt-network-plng,sitetracker_data,ST_FXP_PHASE_ELSE_SITE_HIST_SNAP_T,F2_PLCG_PERCENTAGE_COMPLETE,NUMERIC
rpt-network-plng,sitetracker_data,ST_FXP_PHASE_ELSE_SITE_HIST_SNAP_T,F2_SPL_PERCENTAGE_COMPLETE,NUMERIC
rpt-network-plng,sitetracker_data,ST_FXP_PHASE_ELSE_SITE_HIST_SNAP_T,FEED_FIBER_NAME_AND_COUNT,STRING
rpt-network-plng,sitetracker_data,ST_FXP_PHASE_ELSE_SITE_HIST_SNAP_T,FEEDER_PLANNING_A,TIMESTAMP
rpt-network-plng,sitetracker_data,ST_FXP_PHASE_ELSE_SITE_HIST_SNAP_T,FEEDER_PLANNING_F,TIMESTAMP
rpt-network-plng,sitetracker_data,ST_FXP_PHASE_ELSE_SITE_HIST_SNAP_T,FIBER_DB_LOSS,STRING
rpt-network-plng,sitetracker_data,ST_FXP_PHASE_ELSE_SITE_HIST_SNAP_T,FIBER_DISTANCE,STRING
rpt-network-plng,sitetracker_data,ST_FXP_PHASE_ELSE_SITE_HIST_SNAP_T,FIELD_TYPE,STRING
rpt-network-plng,sitetracker_data,ST_FXP_PHASE_ELSE_SITE_HIST_SNAP_T,FINALIZE_ALL_VENDOR_INVOICING_A,TIMESTAMP
rpt-network-plng,sitetracker_data,ST_FXP_PHASE_ELSE_SITE_HIST_SNAP_T,FINALIZE_ALL_VENDOR_INVOICING_F,TIMESTAMP
rpt-network-plng,sitetracker_data,ST_FXP_PHASE_ELSE_SITE_HIST_SNAP_T,FINALIZE_NETWORK_DESIGN_A,TIMESTAMP
rpt-network-plng,sitetracker_data,ST_FXP_PHASE_ELSE_SITE_HIST_SNAP_T,FINALIZE_NETWORK_DESIGN_F,TIMESTAMP
rpt-network-plng,sitetracker_data,ST_FXP_PHASE_ELSE_SITE_HIST_SNAP_T,FIRST_OCC_OUT_OF_SYNC_WITH_SALESFORCE,NUMERIC
rpt-network-plng,sitetracker_data,ST_FXP_PHASE_ELSE_SITE_HIST_SNAP_T,SITE_FIRST_OCCUPANCY_TGT_DT,TIMESTAMP
rpt-network-plng,sitetracker_data,ST_FXP_PHASE_ELSE_SITE_HIST_SNAP_T,PHASE_FIRST_OCCUPANCY_TGT_DT,TIMESTAMP
rpt-network-plng,sitetracker_data,ST_FXP_PHASE_ELSE_SITE_HIST_SNAP_T,FIRST_SERVICE_FIRE_ALARM_ELEVATOR,STRING
rpt-network-plng,sitetracker_data,ST_FXP_PHASE_ELSE_SITE_HIST_SNAP_T,SITE_FLAG_FOR_DELETION,NUMERIC
rpt-network-plng,sitetracker_data,ST_FXP_PHASE_ELSE_SITE_HIST_SNAP_T,SITE_FLAG_FOR_MIGRATION,NUMERIC
rpt-network-plng,sitetracker_data,ST_FXP_PHASE_ELSE_SITE_HIST_SNAP_T,PHASE_FLAG_FOR_DELETION,NUMERIC
rpt-network-plng,sitetracker_data,ST_FXP_PHASE_ELSE_SITE_HIST_SNAP_T,PHASE_FLAG_FOR_MIGRATION,NUMERIC
rpt-network-plng,sitetracker_data,ST_FXP_PHASE_ELSE_SITE_HIST_SNAP_T,FRAME,STRING
rpt-network-plng,sitetracker_data,ST_FXP_PHASE_ELSE_SITE_HIST_SNAP_T,FSAI_ADDRESS,STRING
rpt-network-plng,sitetracker_data,ST_FXP_PHASE_ELSE_SITE_HIST_SNAP_T,FSAI_CLLI,STRING
rpt-network-plng,sitetracker_data,ST_FXP_PHASE_ELSE_SITE_HIST_SNAP_T,FSAI_MANUFACTURER,STRING
rpt-network-plng,sitetracker_data,ST_FXP_PHASE_ELSE_SITE_HIST_SNAP_T,FSAI_SIZE,STRING
rpt-network-plng,sitetracker_data,ST_FXP_PHASE_ELSE_SITE_HIST_SNAP_T,FSAI_TAPER_DA_CODE,STRING
rpt-network-plng,sitetracker_data,ST_FXP_PHASE_ELSE_SITE_HIST_SNAP_T,FSAI_TO_ONT_S,STRING
rpt-network-plng,sitetracker_data,ST_FXP_PHASE_ELSE_SITE_HIST_SNAP_T,FTHGN_NAME_AND_COUNT,STRING
rpt-network-plng,sitetracker_data,ST_FXP_PHASE_ELSE_SITE_HIST_SNAP_T,FUNDING_DOCUMENTS_PREP_PRECHECKS_A,TIMESTAMP
rpt-network-plng,sitetracker_data,ST_FXP_PHASE_ELSE_SITE_HIST_SNAP_T,FUNDING_DOCUMENTS_PREP_PRECHECKS_F,TIMESTAMP
rpt-network-plng,sitetracker_data,ST_FXP_PHASE_ELSE_SITE_HIST_SNAP_T,FUNDING_REQUEST_RECEIVED_A,TIMESTAMP
rpt-network-plng,sitetracker_data,ST_FXP_PHASE_ELSE_SITE_HIST_SNAP_T,FUNDING_REQUEST_RECEIVED_F,TIMESTAMP
rpt-network-plng,sitetracker_data,ST_FXP_PHASE_ELSE_SITE_HIST_SNAP_T,FUNDING_REQUEST_SUBMITTED_A,TIMESTAMP
rpt-network-plng,sitetracker_data,ST_FXP_PHASE_ELSE_SITE_HIST_SNAP_T,FUNDING_REQUEST_SUBMITTED_F,TIMESTAMP
rpt-network-plng,sitetracker_data,ST_FXP_PHASE_ELSE_SITE_HIST_SNAP_T,SITE_FURTHEST_COMPLETED_ACTIVITY,STRING
rpt-network-plng,sitetracker_data,ST_FXP_PHASE_ELSE_SITE_HIST_SNAP_T,PHASE_FURTHEST_COMPLETED_ACTIVITY,STRING
rpt-network-plng,sitetracker_data,ST_FXP_PHASE_ELSE_SITE_HIST_SNAP_T,GEOSPATIAL_CHECKS_PASSED_A,TIMESTAMP
rpt-network-plng,sitetracker_data,ST_FXP_PHASE_ELSE_SITE_HIST_SNAP_T,GEOSPATIAL_CHECKS_PASSED_F,TIMESTAMP
rpt-network-plng,sitetracker_data,ST_FXP_PHASE_ELSE_SITE_HIST_SNAP_T,GEOSPATIAL_SUBMITTED_TO_BRAIN_A,TIMESTAMP
rpt-network-plng,sitetracker_data,ST_FXP_PHASE_ELSE_SITE_HIST_SNAP_T,GEOSPATIAL_SUBMITTED_TO_BRAIN_F,TIMESTAMP
rpt-network-plng,sitetracker_data,ST_FXP_PHASE_ELSE_SITE_HIST_SNAP_T,GOOGLE_ADDRESS_VALIDATION_FALLOUT_A,TIMESTAMP
rpt-network-plng,sitetracker_data,ST_FXP_PHASE_ELSE_SITE_HIST_SNAP_T,GOOGLE_ADDRESS_VALIDATION_FALLOUT_F,TIMESTAMP
rpt-network-plng,sitetracker_data,ST_FXP_PHASE_ELSE_SITE_HIST_SNAP_T,GOOGLE_UPDATE_REQUEST_A,TIMESTAMP
rpt-network-plng,sitetracker_data,ST_FXP_PHASE_ELSE_SITE_HIST_SNAP_T,GOOGLE_UPDATE_REQUEST_F,TIMESTAMP
rpt-network-plng,sitetracker_data,ST_FXP_PHASE_ELSE_SITE_HIST_SNAP_T,GRATIS,STRING
rpt-network-plng,sitetracker_data,ST_FXP_PHASE_ELSE_SITE_HIST_SNAP_T,GRATIS_ORDER,STRING
rpt-network-plng,sitetracker_data,ST_FXP_PHASE_ELSE_SITE_HIST_SNAP_T,HANDED_OFF_TO_ENGINEER_A,TIMESTAMP
rpt-network-plng,sitetracker_data,ST_FXP_PHASE_ELSE_SITE_HIST_SNAP_T,HANDED_OFF_TO_ENGINEER_F,TIMESTAMP
rpt-network-plng,sitetracker_data,ST_FXP_PHASE_ELSE_SITE_HIST_SNAP_T,HANDOFF_TO_PLANNING_A,TIMESTAMP
rpt-network-plng,sitetracker_data,ST_FXP_PHASE_ELSE_SITE_HIST_SNAP_T,HANDOFF_TO_PLANNING_F,TIMESTAMP
rpt-network-plng,sitetracker_data,ST_FXP_PHASE_ELSE_SITE_HIST_SNAP_T,SITE_HELD_ORDER_ID,STRING
rpt-network-plng,sitetracker_data,ST_FXP_PHASE_ELSE_SITE_HIST_SNAP_T,PHASE_HELD_ORDER_ID,STRING
rpt-network-plng,sitetracker_data,ST_FXP_PHASE_ELSE_SITE_HIST_SNAP_T,HIGH_COST_REVIEW,STRING
rpt-network-plng,sitetracker_data,ST_FXP_PHASE_ELSE_SITE_HIST_SNAP_T,IMP_LUS_OUT_OF_SYNC_WITH_SALESFORCE,NUMERIC
rpt-network-plng,sitetracker_data,ST_FXP_PHASE_ELSE_SITE_HIST_SNAP_T,IMP_PM_OUT_OF_SYNC_WITH_SALESFORCE,NUMERIC
rpt-network-plng,sitetracker_data,ST_FXP_PHASE_ELSE_SITE_HIST_SNAP_T,SITE_IMPLEMENTATION_A,TIMESTAMP
rpt-network-plng,sitetracker_data,ST_FXP_PHASE_ELSE_SITE_HIST_SNAP_T,SITE_IMPLEMENTATION_F,TIMESTAMP
rpt-network-plng,sitetracker_data,ST_FXP_PHASE_ELSE_SITE_HIST_SNAP_T,PHASE_IMPLEMENTATION_A,TIMESTAMP
rpt-network-plng,sitetracker_data,ST_FXP_PHASE_ELSE_SITE_HIST_SNAP_T,PHASE_IMPLEMENTATION_F,TIMESTAMP
rpt-network-plng,sitetracker_data,ST_FXP_PHASE_ELSE_SITE_HIST_SNAP_T,INVENTORY_COMPLETE_A,TIMESTAMP
rpt-network-plng,sitetracker_data,ST_FXP_PHASE_ELSE_SITE_HIST_SNAP_T,INVENTORY_COMPLETE_F,TIMESTAMP
rpt-network-plng,sitetracker_data,ST_FXP_PHASE_ELSE_SITE_HIST_SNAP_T,SITE_INVENTORY_STACK,STRING
rpt-network-plng,sitetracker_data,ST_FXP_PHASE_ELSE_SITE_HIST_SNAP_T,PHASE_INVENTORY_STACK,STRING
rpt-network-plng,sitetracker_data,ST_FXP_PHASE_ELSE_SITE_HIST_SNAP_T,INVESTMENT_REASON,STRING
rpt-network-plng,sitetracker_data,ST_FXP_PHASE_ELSE_SITE_HIST_SNAP_T,JOINT_TRENCH_MEETING_DATE_A,TIMESTAMP
rpt-network-plng,sitetracker_data,ST_FXP_PHASE_ELSE_SITE_HIST_SNAP_T,JOINT_TRENCH_MEETING_DATE_F,TIMESTAMP
rpt-network-plng,sitetracker_data,ST_FXP_PHASE_ELSE_SITE_HIST_SNAP_T,JOINT_TRENCH_MEETING,STRING
rpt-network-plng,sitetracker_data,ST_FXP_PHASE_ELSE_SITE_HIST_SNAP_T,SITE_JOINT_TRENCH_READY_DATE,TIMESTAMP
rpt-network-plng,sitetracker_data,ST_FXP_PHASE_ELSE_SITE_HIST_SNAP_T,PHASE_JOINT_TRENCH_READY_DATE,TIMESTAMP
rpt-network-plng,sitetracker_data,ST_FXP_PHASE_ELSE_SITE_HIST_SNAP_T,LANDBASE_REQUEST_COMPLETED_A,TIMESTAMP
rpt-network-plng,sitetracker_data,ST_FXP_PHASE_ELSE_SITE_HIST_SNAP_T,LANDBASE_REQUEST_COMPLETED_F,TIMESTAMP
rpt-network-plng,sitetracker_data,ST_FXP_PHASE_ELSE_SITE_HIST_SNAP_T,LAST_MODIFIED_DATE,TIMESTAMP
rpt-network-plng,sitetracker_data,ST_FXP_PHASE_ELSE_SITE_HIST_SNAP_T,LATITUDE,STRING
rpt-network-plng,sitetracker_data,ST_FXP_PHASE_ELSE_SITE_HIST_SNAP_T,LEEP_F1_PORTION_A,TIMESTAMP
rpt-network-plng,sitetracker_data,ST_FXP_PHASE_ELSE_SITE_HIST_SNAP_T,LEEP_F1_PORTION_F,TIMESTAMP
rpt-network-plng,sitetracker_data,ST_FXP_PHASE_ELSE_SITE_HIST_SNAP_T,LEEP_F2_PORTION_A,TIMESTAMP
rpt-network-plng,sitetracker_data,ST_FXP_PHASE_ELSE_SITE_HIST_SNAP_T,LEEP_F2_PORTION_F,TIMESTAMP
rpt-network-plng,sitetracker_data,ST_FXP_PHASE_ELSE_SITE_HIST_SNAP_T,LEN_ASSIGNMENTS,STRING
rpt-network-plng,sitetracker_data,ST_FXP_PHASE_ELSE_SITE_HIST_SNAP_T,LOAD_KMZ_FILE_INTERVAL_TABLES_A,TIMESTAMP
rpt-network-plng,sitetracker_data,ST_FXP_PHASE_ELSE_SITE_HIST_SNAP_T,LOAD_KMZ_FILE_INTERVAL_TABLES_F,TIMESTAMP
rpt-network-plng,sitetracker_data,ST_FXP_PHASE_ELSE_SITE_HIST_SNAP_T,LONGITUDE,STRING
rpt-network-plng,sitetracker_data,ST_FXP_PHASE_ELSE_SITE_HIST_SNAP_T,LU_MISSED_ON_COMPLETE,NUMERIC
rpt-network-plng,sitetracker_data,ST_FXP_PHASE_ELSE_SITE_HIST_SNAP_T,MAKE_READY_CONSTRUCTION_EST_CMP_P,TIMESTAMP
rpt-network-plng,sitetracker_data,ST_FXP_PHASE_ELSE_SITE_HIST_SNAP_T,MAKE_READY_CONSTRUCTION_EST_CMP_S,TIMESTAMP
rpt-network-plng,sitetracker_data,ST_FXP_PHASE_ELSE_SITE_HIST_SNAP_T,MAKE_READY_COST_P,NUMERIC
rpt-network-plng,sitetracker_data,ST_FXP_PHASE_ELSE_SITE_HIST_SNAP_T,MAKE_READY_COST_S,NUMERIC
rpt-network-plng,sitetracker_data,ST_FXP_PHASE_ELSE_SITE_HIST_SNAP_T,MAKE_READY_ESTIMATE_RECEIVED_A,TIMESTAMP
rpt-network-plng,sitetracker_data,ST_FXP_PHASE_ELSE_SITE_HIST_SNAP_T,MAKE_READY_ESTIMATE_RECEIVED_F,TIMESTAMP
rpt-network-plng,sitetracker_data,ST_FXP_PHASE_ELSE_SITE_HIST_SNAP_T,MAKE_READY_PAYMENT_SUBMITTED_A,TIMESTAMP
rpt-network-plng,sitetracker_data,ST_FXP_PHASE_ELSE_SITE_HIST_SNAP_T,MAKE_READY_PAYMENT_SUBMITTED_F,TIMESTAMP
rpt-network-plng,sitetracker_data,ST_FXP_PHASE_ELSE_SITE_HIST_SNAP_T,MAKE_READY_REQUIRED,STRING
rpt-network-plng,sitetracker_data,ST_FXP_PHASE_ELSE_SITE_HIST_SNAP_T,MANUAL_OLS_LOAD_LAYER_1_A,TIMESTAMP
rpt-network-plng,sitetracker_data,ST_FXP_PHASE_ELSE_SITE_HIST_SNAP_T,MANUAL_OLS_LOAD_LAYER_1_F,TIMESTAMP
rpt-network-plng,sitetracker_data,ST_FXP_PHASE_ELSE_SITE_HIST_SNAP_T,MANUAL_OLS_RECEIVED,TIMESTAMP
rpt-network-plng,sitetracker_data,ST_FXP_PHASE_ELSE_SITE_HIST_SNAP_T,MATERIALS_RECEIVED_A,TIMESTAMP
rpt-network-plng,sitetracker_data,ST_FXP_PHASE_ELSE_SITE_HIST_SNAP_T,MATERIALS_RECEIVED_F,TIMESTAMP
rpt-network-plng,sitetracker_data,ST_FXP_PHASE_ELSE_SITE_HIST_SNAP_T,MKTG_PM_NAME,STRING
rpt-network-plng,sitetracker_data,ST_FXP_PHASE_ELSE_SITE_HIST_SNAP_T,MKTG_PM_CONTACT_COMPANY,STRING
rpt-network-plng,sitetracker_data,ST_FXP_PHASE_ELSE_SITE_HIST_SNAP_T,MKTG_PM_COMPANY_ADDRESS,STRING
rpt-network-plng,sitetracker_data,ST_FXP_PHASE_ELSE_SITE_HIST_SNAP_T,MKTG_PM_CONTACT_EMAIL,STRING
rpt-network-plng,sitetracker_data,ST_FXP_PHASE_ELSE_SITE_HIST_SNAP_T,MKTG_PM_CONTACT_PHONE,STRING
rpt-network-plng,sitetracker_data,ST_FXP_PHASE_ELSE_SITE_HIST_SNAP_T,MKTG_PM_CONTACT_TYPE,STRING
rpt-network-plng,sitetracker_data,ST_FXP_PHASE_ELSE_SITE_HIST_SNAP_T,SITE_NDS_PROJECT_NAME,STRING
rpt-network-plng,sitetracker_data,ST_FXP_PHASE_ELSE_SITE_HIST_SNAP_T,SITE_NDS_PROJECT_NUMBER,STRING
rpt-network-plng,sitetracker_data,ST_FXP_PHASE_ELSE_SITE_HIST_SNAP_T,PHASE_NDS_PROJECT_NAME,STRING
rpt-network-plng,sitetracker_data,ST_FXP_PHASE_ELSE_SITE_HIST_SNAP_T,PHASE_NDS_PROJECT_NUMBER,STRING
rpt-network-plng,sitetracker_data,ST_FXP_PHASE_ELSE_SITE_HIST_SNAP_T,NDS_QF_QM_ERROR_CLEANUP_A,TIMESTAMP
rpt-network-plng,sitetracker_data,ST_FXP_PHASE_ELSE_SITE_HIST_SNAP_T,NDS_QF_QM_ERROR_CLEANUP_F,TIMESTAMP
rpt-network-plng,sitetracker_data,ST_FXP_PHASE_ELSE_SITE_HIST_SNAP_T,SITE_NDS_USER_ID,STRING
rpt-network-plng,sitetracker_data,ST_FXP_PHASE_ELSE_SITE_HIST_SNAP_T,PHASE_NDS_USER_ID,STRING
rpt-network-plng,sitetracker_data,ST_FXP_PHASE_ELSE_SITE_HIST_SNAP_T,NEW_OR_EXISTING_FSAI,STRING
rpt-network-plng,sitetracker_data,ST_FXP_PHASE_ELSE_SITE_HIST_SNAP_T,NI_ACCEPTED_HANDOFF_A,TIMESTAMP
rpt-network-plng,sitetracker_data,ST_FXP_PHASE_ELSE_SITE_HIST_SNAP_T,NI_ACCEPTED_HANDOFF_F,TIMESTAMP
rpt-network-plng,sitetracker_data,ST_FXP_PHASE_ELSE_SITE_HIST_SNAP_T,SITE_NO_BUILD_COMMENTS,STRING
rpt-network-plng,sitetracker_data,ST_FXP_PHASE_ELSE_SITE_HIST_SNAP_T,NO_BUILD_NOTIFICATION_A,TIMESTAMP
rpt-network-plng,sitetracker_data,ST_FXP_PHASE_ELSE_SITE_HIST_SNAP_T,NO_BUILD_NOTIFICATION_F,TIMESTAMP
rpt-network-plng,sitetracker_data,ST_FXP_PHASE_ELSE_SITE_HIST_SNAP_T,NO_BUILD_PUN_FORM_SUBMITTED_A,TIMESTAMP
rpt-network-plng,sitetracker_data,ST_FXP_PHASE_ELSE_SITE_HIST_SNAP_T,NO_BUILD_PUN_FORM_SUBMITTED_F,TIMESTAMP
rpt-network-plng,sitetracker_data,ST_FXP_PHASE_ELSE_SITE_HIST_SNAP_T,NOTIFY_MARKETING_A,TIMESTAMP
rpt-network-plng,sitetracker_data,ST_FXP_PHASE_ELSE_SITE_HIST_SNAP_T,NOTIFY_MARKETING_F,TIMESTAMP
rpt-network-plng,sitetracker_data,ST_FXP_PHASE_ELSE_SITE_HIST_SNAP_T,SITE_NUMBER_OF_BUILD_LUS,NUMERIC
rpt-network-plng,sitetracker_data,ST_FXP_PHASE_ELSE_SITE_HIST_SNAP_T,PHASE_NUMBER_OF_BUILD_LUS,NUMERIC
rpt-network-plng,sitetracker_data,ST_FXP_PHASE_ELSE_SITE_HIST_SNAP_T,SITE_NUMBER_OF_CONSTRUCTED_SERVICE_LOCATIONS,NUMERIC
rpt-network-plng,sitetracker_data,ST_FXP_PHASE_ELSE_SITE_HIST_SNAP_T,SITE_NUMBER_OF_INVENTORIED_SERVICE_LOCATIONS,NUMERIC
rpt-network-plng,sitetracker_data,ST_FXP_PHASE_ELSE_SITE_HIST_SNAP_T,PHASE_NUMBER_OF_CONSTRUCTED_SERVICE_LOCATIONS,NUMERIC
rpt-network-plng,sitetracker_data,ST_FXP_PHASE_ELSE_SITE_HIST_SNAP_T,PHASE_NUMBER_OF_INVENTORIED_SERVICE_LOCATIONS,NUMERIC
rpt-network-plng,sitetracker_data,ST_FXP_PHASE_ELSE_SITE_HIST_SNAP_T,SITE_NUM_OF_LUS,NUMERIC
rpt-network-plng,sitetracker_data,ST_FXP_PHASE_ELSE_SITE_HIST_SNAP_T,PHASE_NUM_OF_LUS,NUMERIC
rpt-network-plng,sitetracker_data,ST_FXP_PHASE_ELSE_SITE_HIST_SNAP_T,NUMBER_OF_POLES_P,NUMERIC
rpt-network-plng,sitetracker_data,ST_FXP_PHASE_ELSE_SITE_HIST_SNAP_T,NUMBER_OF_POLES_S,NUMERIC
rpt-network-plng,sitetracker_data,ST_FXP_PHASE_ELSE_SITE_HIST_SNAP_T,ODIN_LAYER_2_3_TA_PATH_DEVICE_A,TIMESTAMP
rpt-network-plng,sitetracker_data,ST_FXP_PHASE_ELSE_SITE_HIST_SNAP_T,ODIN_LAYER_2_3_TA_PATH_DEVICE_F,TIMESTAMP
rpt-network-plng,sitetracker_data,ST_FXP_PHASE_ELSE_SITE_HIST_SNAP_T,ODIN_LOAD_LAYER_1_A,TIMESTAMP
rpt-network-plng,sitetracker_data,ST_FXP_PHASE_ELSE_SITE_HIST_SNAP_T,ODIN_LOAD_LAYER_1_F,TIMESTAMP
rpt-network-plng,sitetracker_data,ST_FXP_PHASE_ELSE_SITE_HIST_SNAP_T,ODIN_LOAD_LAYER_2_3_SASKTEL_LOAD_A,TIMESTAMP
rpt-network-plng,sitetracker_data,ST_FXP_PHASE_ELSE_SITE_HIST_SNAP_T,ODIN_LOAD_LAYER_2_3_SASKTEL_LOAD_F,TIMESTAMP
rpt-network-plng,sitetracker_data,ST_FXP_PHASE_ELSE_SITE_HIST_SNAP_T,NUM_OF_LUS_SOW,NUMERIC
rpt-network-plng,sitetracker_data,ST_FXP_PHASE_ELSE_SITE_HIST_SNAP_T,NUM_OF_PERMITS_SUBMITTED_P,NUMERIC
rpt-network-plng,sitetracker_data,ST_FXP_PHASE_ELSE_SITE_HIST_SNAP_T,NUM_OF_PERMITS_SUBMITTED_S,NUMERIC
rpt-network-plng,sitetracker_data,ST_FXP_PHASE_ELSE_SITE_HIST_SNAP_T,NUM_OF_SPLITTERS_BEING_PLACED,NUMERIC
rpt-network-plng,sitetracker_data,ST_FXP_PHASE_ELSE_SITE_HIST_SNAP_T,OFFER_CONFIRMATION_A,TIMESTAMP
rpt-network-plng,sitetracker_data,ST_FXP_PHASE_ELSE_SITE_HIST_SNAP_T,OFFER_CONFIRMATION_F,TIMESTAMP
rpt-network-plng,sitetracker_data,ST_FXP_PHASE_ELSE_SITE_HIST_SNAP_T,OLT,STRING
rpt-network-plng,sitetracker_data,ST_FXP_PHASE_ELSE_SITE_HIST_SNAP_T,OLT_ADDRESS,STRING
rpt-network-plng,sitetracker_data,ST_FXP_PHASE_ELSE_SITE_HIST_SNAP_T,OLT_CARD,STRING
rpt-network-plng,sitetracker_data,ST_FXP_PHASE_ELSE_SITE_HIST_SNAP_T,OLT_CLLI,STRING
rpt-network-plng,sitetracker_data,ST_FXP_PHASE_ELSE_SITE_HIST_SNAP_T,OLT_CONFIGURATION,STRING
rpt-network-plng,sitetracker_data,ST_FXP_PHASE_ELSE_SITE_HIST_SNAP_T,OLT_COUNT,STRING
rpt-network-plng,sitetracker_data,ST_FXP_PHASE_ELSE_SITE_HIST_SNAP_T,OLT_F1_FIBER_SPLITTER_ASSIGNMENT,STRING
rpt-network-plng,sitetracker_data,ST_FXP_PHASE_ELSE_SITE_HIST_SNAP_T,OLT_LOCATION,STRING
rpt-network-plng,sitetracker_data,ST_FXP_PHASE_ELSE_SITE_HIST_SNAP_T,OLT_MANUFACTURER_TYPE,STRING
rpt-network-plng,sitetracker_data,ST_FXP_PHASE_ELSE_SITE_HIST_SNAP_T,OLT_PORTS,STRING
rpt-network-plng,sitetracker_data,ST_FXP_PHASE_ELSE_SITE_HIST_SNAP_T,OLT_SHELF,STRING
rpt-network-plng,sitetracker_data,ST_FXP_PHASE_ELSE_SITE_HIST_SNAP_T,OLT_TO_FSAI,STRING
rpt-network-plng,sitetracker_data,ST_FXP_PHASE_ELSE_SITE_HIST_SNAP_T,OLT_TYPE,STRING
rpt-network-plng,sitetracker_data,ST_FXP_PHASE_ELSE_SITE_HIST_SNAP_T,ON_TIME,STRING
rpt-network-plng,sitetracker_data,ST_FXP_PHASE_ELSE_SITE_HIST_SNAP_T,ONA,STRING
rpt-network-plng,sitetracker_data,ST_FXP_PHASE_ELSE_SITE_HIST_SNAP_T,ONA_CUID,STRING
rpt-network-plng,sitetracker_data,ST_FXP_PHASE_ELSE_SITE_HIST_SNAP_T,ONT_TYPE,STRING
rpt-network-plng,sitetracker_data,ST_FXP_PHASE_ELSE_SITE_HIST_SNAP_T,OPPORTUNITY_CREATED_A,TIMESTAMP
rpt-network-plng,sitetracker_data,ST_FXP_PHASE_ELSE_SITE_HIST_SNAP_T,OPPORTUNITY_CREATED_F,TIMESTAMP
rpt-network-plng,sitetracker_data,ST_FXP_PHASE_ELSE_SITE_HIST_SNAP_T,ORDER_MATERIALS_A,TIMESTAMP
rpt-network-plng,sitetracker_data,ST_FXP_PHASE_ELSE_SITE_HIST_SNAP_T,ORDER_MATERIALS_F,TIMESTAMP
rpt-network-plng,sitetracker_data,ST_FXP_PHASE_ELSE_SITE_HIST_SNAP_T,OSP_CONSTRUCTION_COMPLETE_A,TIMESTAMP
rpt-network-plng,sitetracker_data,ST_FXP_PHASE_ELSE_SITE_HIST_SNAP_T,OSP_CONSTRUCTION_COMPLETE_F,TIMESTAMP
rpt-network-plng,sitetracker_data,ST_FXP_PHASE_ELSE_SITE_HIST_SNAP_T,OSP_CONSTRUCTION_START_A,TIMESTAMP
rpt-network-plng,sitetracker_data,ST_FXP_PHASE_ELSE_SITE_HIST_SNAP_T,OSP_CONSTRUCTION_START_F,TIMESTAMP
rpt-network-plng,sitetracker_data,ST_FXP_PHASE_ELSE_SITE_HIST_SNAP_T,SITE_PARTIAL_RFS_RECEIVED,TIMESTAMP
rpt-network-plng,sitetracker_data,ST_FXP_PHASE_ELSE_SITE_HIST_SNAP_T,PHASE_PARTIAL_RFS_RECEIVED,TIMESTAMP
rpt-network-plng,sitetracker_data,ST_FXP_PHASE_ELSE_SITE_HIST_SNAP_T,PATH_TO_LAYER_1,STRING
rpt-network-plng,sitetracker_data,ST_FXP_PHASE_ELSE_SITE_HIST_SNAP_T,PERMIT_FEE,NUMERIC
rpt-network-plng,sitetracker_data,ST_FXP_PHASE_ELSE_SITE_HIST_SNAP_T,PERMIT_FEE_S,NUMERIC
rpt-network-plng,sitetracker_data,ST_FXP_PHASE_ELSE_SITE_HIST_SNAP_T,PERMITS_RECEIVED_A,TIMESTAMP
rpt-network-plng,sitetracker_data,ST_FXP_PHASE_ELSE_SITE_HIST_SNAP_T,PERMITS_RECEIVED_F,TIMESTAMP
rpt-network-plng,sitetracker_data,ST_FXP_PHASE_ELSE_SITE_HIST_SNAP_T,PERMITS_REQUIRED,STRING
rpt-network-plng,sitetracker_data,ST_FXP_PHASE_ELSE_SITE_HIST_SNAP_T,PERMITS_SUBMITTED_A,TIMESTAMP
rpt-network-plng,sitetracker_data,ST_FXP_PHASE_ELSE_SITE_HIST_SNAP_T,PERMITS_SUBMITTED_F,TIMESTAMP
rpt-network-plng,sitetracker_data,ST_FXP_PHASE_ELSE_SITE_HIST_SNAP_T,PERMITTING_RIGHT_OF_WAY_DEPENDENCIES_A,TIMESTAMP
rpt-network-plng,sitetracker_data,ST_FXP_PHASE_ELSE_SITE_HIST_SNAP_T,PERMITTING_RIGHT_OF_WAY_DEPENDENCIES_F,TIMESTAMP
rpt-network-plng,sitetracker_data,ST_FXP_PHASE_ELSE_SITE_HIST_SNAP_T,PHASE_LUS_OUT_OF_SYNC_WITH_SALESFORCE,NUMERIC
rpt-network-plng,sitetracker_data,ST_FXP_PHASE_ELSE_SITE_HIST_SNAP_T,PHASE_S_IMPLEMENTATION_A,TIMESTAMP
rpt-network-plng,sitetracker_data,ST_FXP_PHASE_ELSE_SITE_HIST_SNAP_T,PHASE_S_IMPLEMENTATION_F,TIMESTAMP
rpt-network-plng,sitetracker_data,ST_FXP_PHASE_ELSE_SITE_HIST_SNAP_T,PLACING_A,TIMESTAMP
rpt-network-plng,sitetracker_data,ST_FXP_PHASE_ELSE_SITE_HIST_SNAP_T,PLACING_F,TIMESTAMP
rpt-network-plng,sitetracker_data,ST_FXP_PHASE_ELSE_SITE_HIST_SNAP_T,PLANNER_REVIEWS_OFFER_DECISION_A,TIMESTAMP
rpt-network-plng,sitetracker_data,ST_FXP_PHASE_ELSE_SITE_HIST_SNAP_T,PLANNER_REVIEWS_OFFER_DECISION_F,TIMESTAMP
rpt-network-plng,sitetracker_data,ST_FXP_PHASE_ELSE_SITE_HIST_SNAP_T,PLANNING_ACCEPTS_HANDOFF_A,TIMESTAMP
rpt-network-plng,sitetracker_data,ST_FXP_PHASE_ELSE_SITE_HIST_SNAP_T,PLANNING_ACCEPTS_HANDOFF_F,TIMESTAMP
rpt-network-plng,sitetracker_data,ST_FXP_PHASE_ELSE_SITE_HIST_SNAP_T,PLANNING_GATE_DECISION_A,TIMESTAMP
rpt-network-plng,sitetracker_data,ST_FXP_PHASE_ELSE_SITE_HIST_SNAP_T,PLANNING_GATE_DECISION_F,TIMESTAMP
rpt-network-plng,sitetracker_data,ST_FXP_PHASE_ELSE_SITE_HIST_SNAP_T,PLANNING_GATE_SUBMITTAL_A,TIMESTAMP
rpt-network-plng,sitetracker_data,ST_FXP_PHASE_ELSE_SITE_HIST_SNAP_T,PLANNING_GATE_SUBMITTAL_F,TIMESTAMP
rpt-network-plng,sitetracker_data,ST_FXP_PHASE_ELSE_SITE_HIST_SNAP_T,PLANNING_HANDOFF_COMPLETE_A,TIMESTAMP
rpt-network-plng,sitetracker_data,ST_FXP_PHASE_ELSE_SITE_HIST_SNAP_T,PLANNING_HANDOFF_COMPLETE_F,TIMESTAMP
rpt-network-plng,sitetracker_data,ST_FXP_PHASE_ELSE_SITE_HIST_SNAP_T,PLATS_UPLOADED,NUMERIC
rpt-network-plng,sitetracker_data,ST_FXP_PHASE_ELSE_SITE_HIST_SNAP_T,POLES_DENIED_S,NUMERIC
rpt-network-plng,sitetracker_data,ST_FXP_PHASE_ELSE_SITE_HIST_SNAP_T,SITE_POLYGON_ECD,TIMESTAMP
rpt-network-plng,sitetracker_data,ST_FXP_PHASE_ELSE_SITE_HIST_SNAP_T,PHASE_POLYGON_ECD,TIMESTAMP
rpt-network-plng,sitetracker_data,ST_FXP_PHASE_ELSE_SITE_HIST_SNAP_T,SITE_POLYGON_ID,STRING
rpt-network-plng,sitetracker_data,ST_FXP_PHASE_ELSE_SITE_HIST_SNAP_T,PHASE_POLYGON_ID,STRING
rpt-network-plng,sitetracker_data,ST_FXP_PHASE_ELSE_SITE_HIST_SNAP_T,POLYGON_IN_PRODUCTION_A,TIMESTAMP
rpt-network-plng,sitetracker_data,ST_FXP_PHASE_ELSE_SITE_HIST_SNAP_T,POLYGON_IN_PRODUCTION_F,TIMESTAMP
rpt-network-plng,sitetracker_data,ST_FXP_PHASE_ELSE_SITE_HIST_SNAP_T,SITE_POLYGON_IN_SERVICE,STRING
rpt-network-plng,sitetracker_data,ST_FXP_PHASE_ELSE_SITE_HIST_SNAP_T,PHASE_POLYGON_IN_SERVICE,STRING
rpt-network-plng,sitetracker_data,ST_FXP_PHASE_ELSE_SITE_HIST_SNAP_T,SITE_POLYGON_IN_SERVICE_DATE,TIMESTAMP
rpt-network-plng,sitetracker_data,ST_FXP_PHASE_ELSE_SITE_HIST_SNAP_T,PHASE_POLYGON_IN_SERVICE_DATE,TIMESTAMP
rpt-network-plng,sitetracker_data,ST_FXP_PHASE_ELSE_SITE_HIST_SNAP_T,SITE_POLYGON_STATUS,STRING
rpt-network-plng,sitetracker_data,ST_FXP_PHASE_ELSE_SITE_HIST_SNAP_T,PHASE_POLYGON_STATUS,STRING
rpt-network-plng,sitetracker_data,ST_FXP_PHASE_ELSE_SITE_HIST_SNAP_T,POM_DECISION_A,TIMESTAMP
rpt-network-plng,sitetracker_data,ST_FXP_PHASE_ELSE_SITE_HIST_SNAP_T,POM_DECISION_F,TIMESTAMP
rpt-network-plng,sitetracker_data,ST_FXP_PHASE_ELSE_SITE_HIST_SNAP_T,POM_REVIEW_A,TIMESTAMP
rpt-network-plng,sitetracker_data,ST_FXP_PHASE_ELSE_SITE_HIST_SNAP_T,POM_REVIEW_F,TIMESTAMP
rpt-network-plng,sitetracker_data,ST_FXP_PHASE_ELSE_SITE_HIST_SNAP_T,PORTS,STRING
rpt-network-plng,sitetracker_data,ST_FXP_PHASE_ELSE_SITE_HIST_SNAP_T,POWER_COMPANY_NAME,STRING
rpt-network-plng,sitetracker_data,ST_FXP_PHASE_ELSE_SITE_HIST_SNAP_T,POWER_SOURCE,STRING
rpt-network-plng,sitetracker_data,ST_FXP_PHASE_ELSE_SITE_HIST_SNAP_T,POWER_SOURCE_LOCATION,STRING
rpt-network-plng,sitetracker_data,ST_FXP_PHASE_ELSE_SITE_HIST_SNAP_T,PREMISE_EQUIPMENT_INSTALLED_A,TIMESTAMP
rpt-network-plng,sitetracker_data,ST_FXP_PHASE_ELSE_SITE_HIST_SNAP_T,PREMISE_EQUIPMENT_INSTALLED_F,TIMESTAMP
rpt-network-plng,sitetracker_data,ST_FXP_PHASE_ELSE_SITE_HIST_SNAP_T,SITE_PREMISE_READY,TIMESTAMP
rpt-network-plng,sitetracker_data,ST_FXP_PHASE_ELSE_SITE_HIST_SNAP_T,PHASE_PREMISE_READY,TIMESTAMP
rpt-network-plng,sitetracker_data,ST_FXP_PHASE_ELSE_SITE_HIST_SNAP_T,PRIMARY_POWER_COMPANY_NAME,STRING
rpt-network-plng,sitetracker_data,ST_FXP_PHASE_ELSE_SITE_HIST_SNAP_T,SITE_PROGRAM_NAME,STRING
rpt-network-plng,sitetracker_data,ST_FXP_PHASE_ELSE_SITE_HIST_SNAP_T,PHASE_PROGRAM_NAME,STRING
rpt-network-plng,sitetracker_data,ST_FXP_PHASE_ELSE_SITE_HIST_SNAP_T,SITE_PROJECT_AUDIT_COMMENTS,STRING
rpt-network-plng,sitetracker_data,ST_FXP_PHASE_ELSE_SITE_HIST_SNAP_T,PHASE_PROJECT_AUDIT_COMMENTS,STRING
rpt-network-plng,sitetracker_data,ST_FXP_PHASE_ELSE_SITE_HIST_SNAP_T,SITE_PROJECT_AUDIT_REQUESTED,NUMERIC
rpt-network-plng,sitetracker_data,ST_FXP_PHASE_ELSE_SITE_HIST_SNAP_T,PHASE_PROJECT_AUDIT_REQUESTED,NUMERIC
rpt-network-plng,sitetracker_data,ST_FXP_PHASE_ELSE_SITE_HIST_SNAP_T,PROJECT_BOUNDARY_CREATED_A,TIMESTAMP
rpt-network-plng,sitetracker_data,ST_FXP_PHASE_ELSE_SITE_HIST_SNAP_T,PROJECT_BOUNDARY_CREATED_F,TIMESTAMP
rpt-network-plng,sitetracker_data,ST_FXP_PHASE_ELSE_SITE_HIST_SNAP_T,SITE_PROJECT_COMMENTS_HISTORY_LONG_TEXT,STRING
rpt-network-plng,sitetracker_data,ST_FXP_PHASE_ELSE_SITE_HIST_SNAP_T,PHASE_PROJECT_COMMENTS_HISTORY_LONG_TEXT,STRING
rpt-network-plng,sitetracker_data,ST_FXP_PHASE_ELSE_SITE_HIST_SNAP_T,SITE_PROJECT_COMMENTS_LONG_TEXT,STRING
rpt-network-plng,sitetracker_data,ST_FXP_PHASE_ELSE_SITE_HIST_SNAP_T,PHASE_PROJECT_COMMENTS_LONG_TEXT,STRING
rpt-network-plng,sitetracker_data,ST_FXP_PHASE_ELSE_SITE_HIST_SNAP_T,SITE_PROJECT_DESCRIPTION,STRING
rpt-network-plng,sitetracker_data,ST_FXP_PHASE_ELSE_SITE_HIST_SNAP_T,PHASE_PROJECT_DESCRIPTION,STRING
rpt-network-plng,sitetracker_data,ST_FXP_PHASE_ELSE_SITE_HIST_SNAP_T,PROJECT_FIBER_AERIAL_FOOTAGE,NUMERIC
rpt-network-plng,sitetracker_data,ST_FXP_PHASE_ELSE_SITE_HIST_SNAP_T,PROJECT_FIBER_BURIED_UG_FOOTAGE,NUMERIC
rpt-network-plng,sitetracker_data,ST_FXP_PHASE_ELSE_SITE_HIST_SNAP_T,PROJECT_FIBER_FOOTAGE,NUMERIC
rpt-network-plng,sitetracker_data,ST_FXP_PHASE_ELSE_SITE_HIST_SNAP_T,PROJECT_FIBER_PLCG_FOOTAGE_COMPLETE,NUMERIC
rpt-network-plng,sitetracker_data,ST_FXP_PHASE_ELSE_SITE_HIST_SNAP_T,PROJECT_FIBER_PLCG_PERCENTAGE,NUMERIC
rpt-network-plng,sitetracker_data,ST_FXP_PHASE_ELSE_SITE_HIST_SNAP_T,PROJECT_FIBER_SPL_FOOTAGE_COMPLETE,NUMERIC
rpt-network-plng,sitetracker_data,ST_FXP_PHASE_ELSE_SITE_HIST_SNAP_T,PROJECT_FIBER_SPL_PERCENTAGE,NUMERIC
rpt-network-plng,sitetracker_data,ST_FXP_PHASE_ELSE_SITE_HIST_SNAP_T,PROJECT_INITIATED_IN_SAP_FIREWORKS_A,TIMESTAMP
rpt-network-plng,sitetracker_data,ST_FXP_PHASE_ELSE_SITE_HIST_SNAP_T,PROJECT_INITIATED_IN_SAP_FIREWORKS_F,TIMESTAMP
rpt-network-plng,sitetracker_data,ST_FXP_PHASE_ELSE_SITE_HIST_SNAP_T,SITE_PROJECT_NAME,STRING
rpt-network-plng,sitetracker_data,ST_FXP_PHASE_ELSE_SITE_HIST_SNAP_T,PHASE_PROJECT_NAME,STRING
rpt-network-plng,sitetracker_data,ST_FXP_PHASE_ELSE_SITE_HIST_SNAP_T,PROJECT_REDLINES_COMPLETED_A,TIMESTAMP
rpt-network-plng,sitetracker_data,ST_FXP_PHASE_ELSE_SITE_HIST_SNAP_T,PROJECT_REDLINES_COMPLETED_F,TIMESTAMP
rpt-network-plng,sitetracker_data,ST_FXP_PHASE_ELSE_SITE_HIST_SNAP_T,PROVISIONING_COMPLETE_A,TIMESTAMP
rpt-network-plng,sitetracker_data,ST_FXP_PHASE_ELSE_SITE_HIST_SNAP_T,PROVISIONING_COMPLETE_F,TIMESTAMP
rpt-network-plng,sitetracker_data,ST_FXP_PHASE_ELSE_SITE_HIST_SNAP_T,PTA_POLE_APPLICATION_SUBMITTED_A,TIMESTAMP
rpt-network-plng,sitetracker_data,ST_FXP_PHASE_ELSE_SITE_HIST_SNAP_T,PTA_POLE_APPLICATION_SUBMITTED_F,TIMESTAMP
rpt-network-plng,sitetracker_data,ST_FXP_PHASE_ELSE_SITE_HIST_SNAP_T,PTA_RECEIVED_FROM_POLE_OWNER_A,TIMESTAMP
rpt-network-plng,sitetracker_data,ST_FXP_PHASE_ELSE_SITE_HIST_SNAP_T,PTA_RECEIVED_FROM_POLE_OWNER_F,TIMESTAMP
rpt-network-plng,sitetracker_data,ST_FXP_PHASE_ELSE_SITE_HIST_SNAP_T,PTA_VENDOR_ASSIGNMENT_P,STRING
rpt-network-plng,sitetracker_data,ST_FXP_PHASE_ELSE_SITE_HIST_SNAP_T,PTA_VENDOR_ASSIGNMENT_S,STRING
rpt-network-plng,sitetracker_data,ST_FXP_PHASE_ELSE_SITE_HIST_SNAP_T,PTA_VENDOR_P,STRING
rpt-network-plng,sitetracker_data,ST_FXP_PHASE_ELSE_SITE_HIST_SNAP_T,PTA_VENDOR_S,STRING
rpt-network-plng,sitetracker_data,ST_FXP_PHASE_ELSE_SITE_HIST_SNAP_T,PUN_FORM_A,TIMESTAMP
rpt-network-plng,sitetracker_data,ST_FXP_PHASE_ELSE_SITE_HIST_SNAP_T,PUN_FORM_F,TIMESTAMP
rpt-network-plng,sitetracker_data,ST_FXP_PHASE_ELSE_SITE_HIST_SNAP_T,QF_AUTOMATION_POSTED_TO_TOP_A,TIMESTAMP
rpt-network-plng,sitetracker_data,ST_FXP_PHASE_ELSE_SITE_HIST_SNAP_T,QF_AUTOMATION_POSTED_TO_TOP_F,TIMESTAMP
rpt-network-plng,sitetracker_data,ST_FXP_PHASE_ELSE_SITE_HIST_SNAP_T,RECORD_UPDATES_FINAL_POST_A,TIMESTAMP
rpt-network-plng,sitetracker_data,ST_FXP_PHASE_ELSE_SITE_HIST_SNAP_T,RECORD_UPDATES_FINAL_POST_F,TIMESTAMP
rpt-network-plng,sitetracker_data,ST_FXP_PHASE_ELSE_SITE_HIST_SNAP_T,REDLINES_TO_DESIGN_A,TIMESTAMP
rpt-network-plng,sitetracker_data,ST_FXP_PHASE_ELSE_SITE_HIST_SNAP_T,REDLINES_TO_DESIGN_F,TIMESTAMP
rpt-network-plng,sitetracker_data,ST_FXP_PHASE_ELSE_SITE_HIST_SNAP_T,SITE_REJECT_FLAG,NUMERIC
rpt-network-plng,sitetracker_data,ST_FXP_PHASE_ELSE_SITE_HIST_SNAP_T,PHASE_REJECT_FLAG,NUMERIC
rpt-network-plng,sitetracker_data,ST_FXP_PHASE_ELSE_SITE_HIST_SNAP_T,RELATED_F1_FOOTAGE_PLCG_COMPLETE,NUMERIC
rpt-network-plng,sitetracker_data,ST_FXP_PHASE_ELSE_SITE_HIST_SNAP_T,RELATED_F1_FOOTAGE_SPL_COMPLETE,NUMERIC
rpt-network-plng,sitetracker_data,ST_FXP_PHASE_ELSE_SITE_HIST_SNAP_T,RELATED_F1_PLCG_PERCENTAGE_COMPLETE,NUMERIC
rpt-network-plng,sitetracker_data,ST_FXP_PHASE_ELSE_SITE_HIST_SNAP_T,RELATED_F1_SPL_PERCENTAGE_COMPLETE,NUMERIC
rpt-network-plng,sitetracker_data,ST_FXP_PHASE_ELSE_SITE_HIST_SNAP_T,RELATED_F2_FOOTAGE_PLCG_COMPLETE,NUMERIC
rpt-network-plng,sitetracker_data,ST_FXP_PHASE_ELSE_SITE_HIST_SNAP_T,RELATED_F2_FOOTAGE_SPL_COMPLETE,NUMERIC
rpt-network-plng,sitetracker_data,ST_FXP_PHASE_ELSE_SITE_HIST_SNAP_T,RELATED_F2_PLCG_PERCENTAGE_COMPLETE,NUMERIC
rpt-network-plng,sitetracker_data,ST_FXP_PHASE_ELSE_SITE_HIST_SNAP_T,RELATED_F2_SPL_PERCENTAGE_COMPLETE,NUMERIC
rpt-network-plng,sitetracker_data,ST_FXP_PHASE_ELSE_SITE_HIST_SNAP_T,RELATED_FIBER_AERIAL_FOOTAGE,NUMERIC
rpt-network-plng,sitetracker_data,ST_FXP_PHASE_ELSE_SITE_HIST_SNAP_T,RELATED_FIBER_BURIED_UG_FOOTAGE,NUMERIC
rpt-network-plng,sitetracker_data,ST_FXP_PHASE_ELSE_SITE_HIST_SNAP_T,RELATED_FIBER_FOOTAGE,NUMERIC
rpt-network-plng,sitetracker_data,ST_FXP_PHASE_ELSE_SITE_HIST_SNAP_T,RELATED_FIBER_PLCG_FOOTAGE_COMPLETE,NUMERIC
rpt-network-plng,sitetracker_data,ST_FXP_PHASE_ELSE_SITE_HIST_SNAP_T,RELATED_FIBER_PLCG_PERCENTAGE,NUMERIC
rpt-network-plng,sitetracker_data,ST_FXP_PHASE_ELSE_SITE_HIST_SNAP_T,RELATED_FIBER_SPL_FOOTAGE_COMPLETE,NUMERIC
rpt-network-plng,sitetracker_data,ST_FXP_PHASE_ELSE_SITE_HIST_SNAP_T,RELATED_FIBER_SPL_PERCENTAGE,NUMERIC
rpt-network-plng,sitetracker_data,ST_FXP_PHASE_ELSE_SITE_HIST_SNAP_T,RELATED_PROJECT_S_IMPLEMENTATION_A,TIMESTAMP
rpt-network-plng,sitetracker_data,ST_FXP_PHASE_ELSE_SITE_HIST_SNAP_T,RELATED_PROJECT_S_IMPLEMENTATION_F,TIMESTAMP
rpt-network-plng,sitetracker_data,ST_FXP_PHASE_ELSE_SITE_HIST_SNAP_T,RELAY_RACK,STRING
rpt-network-plng,sitetracker_data,ST_FXP_PHASE_ELSE_SITE_HIST_SNAP_T,RELEASED_TO_CONSTRUCTION_A,TIMESTAMP
rpt-network-plng,sitetracker_data,ST_FXP_PHASE_ELSE_SITE_HIST_SNAP_T,RELEASED_TO_CONSTRUCTION_F,TIMESTAMP
rpt-network-plng,sitetracker_data,ST_FXP_PHASE_ELSE_SITE_HIST_SNAP_T,REVIEW_CAPITAL_DESIGN_AND_ADD_F1_COS_A,TIMESTAMP
rpt-network-plng,sitetracker_data,ST_FXP_PHASE_ELSE_SITE_HIST_SNAP_T,REVIEW_CAPITAL_DESIGN_AND_ADD_F1_COS_F,TIMESTAMP
rpt-network-plng,sitetracker_data,ST_FXP_PHASE_ELSE_SITE_HIST_SNAP_T,REVIEW_IN_STAGING_A,TIMESTAMP
rpt-network-plng,sitetracker_data,ST_FXP_PHASE_ELSE_SITE_HIST_SNAP_T,REVIEW_IN_STAGING_F,TIMESTAMP
rpt-network-plng,sitetracker_data,ST_FXP_PHASE_ELSE_SITE_HIST_SNAP_T,SF_PHASE_RECORD,STRING
rpt-network-plng,sitetracker_data,ST_FXP_PHASE_ELSE_SITE_HIST_SNAP_T,SALES_OSR_CONTACT,STRING
rpt-network-plng,sitetracker_data,ST_FXP_PHASE_ELSE_SITE_HIST_SNAP_T,SF_IMPLEMENTATION_RECORD,STRING
rpt-network-plng,sitetracker_data,ST_FXP_PHASE_ELSE_SITE_HIST_SNAP_T,SAP_SYSTEM_STATUS,STRING
rpt-network-plng,sitetracker_data,ST_FXP_PHASE_ELSE_SITE_HIST_SNAP_T,SECONDARY_POWER_COMPANY_NAME,STRING
rpt-network-plng,sitetracker_data,ST_FXP_PHASE_ELSE_SITE_HIST_SNAP_T,SEGMENT,STRING
rpt-network-plng,sitetracker_data,ST_FXP_PHASE_ELSE_SITE_HIST_SNAP_T,SERVICE_AREA,STRING
rpt-network-plng,sitetracker_data,ST_FXP_PHASE_ELSE_SITE_HIST_SNAP_T,SHELF,STRING
rpt-network-plng,sitetracker_data,ST_FXP_PHASE_ELSE_SITE_HIST_SNAP_T,SITE_PROJECT_STATUS,STRING
rpt-network-plng,sitetracker_data,ST_FXP_PHASE_ELSE_SITE_HIST_SNAP_T,PHASE_PROJECT_STATUS,STRING
rpt-network-plng,sitetracker_data,ST_FXP_PHASE_ELSE_SITE_HIST_SNAP_T,SITE_PROJECT_STATUS_OVERRIDE,NUMERIC
rpt-network-plng,sitetracker_data,ST_FXP_PHASE_ELSE_SITE_HIST_SNAP_T,SITE_PROJECT_STATUS_OVERRIDE_REASON,STRING
rpt-network-plng,sitetracker_data,ST_FXP_PHASE_ELSE_SITE_HIST_SNAP_T,PHASE_PROJECT_STATUS_OVERRIDE,NUMERIC
rpt-network-plng,sitetracker_data,ST_FXP_PHASE_ELSE_SITE_HIST_SNAP_T,PHASE_PROJECT_STATUS_OVERRIDE_REASON,STRING
rpt-network-plng,sitetracker_data,ST_FXP_PHASE_ELSE_SITE_HIST_SNAP_T,SITE_NAME,STRING
rpt-network-plng,sitetracker_data,ST_FXP_PHASE_ELSE_SITE_HIST_SNAP_T,SITEWALK_CATEGORY_1,STRING
rpt-network-plng,sitetracker_data,ST_FXP_PHASE_ELSE_SITE_HIST_SNAP_T,SITEWALK_CATEGORY_2,STRING
rpt-network-plng,sitetracker_data,ST_FXP_PHASE_ELSE_SITE_HIST_SNAP_T,SITEWALK_COMPLETED_A,TIMESTAMP
rpt-network-plng,sitetracker_data,ST_FXP_PHASE_ELSE_SITE_HIST_SNAP_T,SITEWALK_COMPLETED_F,TIMESTAMP
rpt-network-plng,sitetracker_data,ST_FXP_PHASE_ELSE_SITE_HIST_SNAP_T,SITEWALK_HANDED_OFF_A,TIMESTAMP
rpt-network-plng,sitetracker_data,ST_FXP_PHASE_ELSE_SITE_HIST_SNAP_T,SITEWALK_HANDED_OFF_F,TIMESTAMP
rpt-network-plng,sitetracker_data,ST_FXP_PHASE_ELSE_SITE_HIST_SNAP_T,SITEWALK_REQUIRED,STRING
rpt-network-plng,sitetracker_data,ST_FXP_PHASE_ELSE_SITE_HIST_SNAP_T,SITEWALK_START_A,TIMESTAMP
rpt-network-plng,sitetracker_data,ST_FXP_PHASE_ELSE_SITE_HIST_SNAP_T,SITEWALK_START_F,TIMESTAMP
rpt-network-plng,sitetracker_data,ST_FXP_PHASE_ELSE_SITE_HIST_SNAP_T,SITEWALK_VENDOR_1,STRING
rpt-network-plng,sitetracker_data,ST_FXP_PHASE_ELSE_SITE_HIST_SNAP_T,SITEWALK_VENDOR_2,STRING
rpt-network-plng,sitetracker_data,ST_FXP_PHASE_ELSE_SITE_HIST_SNAP_T,SOW_FORM,STRING
rpt-network-plng,sitetracker_data,ST_FXP_PHASE_ELSE_SITE_HIST_SNAP_T,SPLICING_A,TIMESTAMP
rpt-network-plng,sitetracker_data,ST_FXP_PHASE_ELSE_SITE_HIST_SNAP_T,SPLICING_F,TIMESTAMP
rpt-network-plng,sitetracker_data,ST_FXP_PHASE_ELSE_SITE_HIST_SNAP_T,SPLITTER_SIZE,STRING
rpt-network-plng,sitetracker_data,ST_FXP_PHASE_ELSE_SITE_HIST_SNAP_T,SITE_STAR_ID_1,STRING
rpt-network-plng,sitetracker_data,ST_FXP_PHASE_ELSE_SITE_HIST_SNAP_T,SITE_STAR_ID_2,STRING
rpt-network-plng,sitetracker_data,ST_FXP_PHASE_ELSE_SITE_HIST_SNAP_T,SITE_STAR_ID_3,STRING
rpt-network-plng,sitetracker_data,ST_FXP_PHASE_ELSE_SITE_HIST_SNAP_T,SITE_STAR_ID_4,STRING
rpt-network-plng,sitetracker_data,ST_FXP_PHASE_ELSE_SITE_HIST_SNAP_T,SITE_STAR_ID_5,STRING
rpt-network-plng,sitetracker_data,ST_FXP_PHASE_ELSE_SITE_HIST_SNAP_T,SITE_STAR_ID_6,STRING
rpt-network-plng,sitetracker_data,ST_FXP_PHASE_ELSE_SITE_HIST_SNAP_T,SITE_STAR_ID_7,STRING
rpt-network-plng,sitetracker_data,ST_FXP_PHASE_ELSE_SITE_HIST_SNAP_T,SITE_STAR_ID_8,STRING
rpt-network-plng,sitetracker_data,ST_FXP_PHASE_ELSE_SITE_HIST_SNAP_T,SITE_STAR_ID_9,STRING
rpt-network-plng,sitetracker_data,ST_FXP_PHASE_ELSE_SITE_HIST_SNAP_T,SITE_STAR_ID_10,STRING
rpt-network-plng,sitetracker_data,ST_FXP_PHASE_ELSE_SITE_HIST_SNAP_T,SITE_STAR_ID_11,STRING
rpt-network-plng,sitetracker_data,ST_FXP_PHASE_ELSE_SITE_HIST_SNAP_T,SITE_STAR_ID_12,STRING
rpt-network-plng,sitetracker_data,ST_FXP_PHASE_ELSE_SITE_HIST_SNAP_T,SITE_STAR_ID_13,STRING
rpt-network-plng,sitetracker_data,ST_FXP_PHASE_ELSE_SITE_HIST_SNAP_T,SITE_STAR_ID_14,STRING
rpt-network-plng,sitetracker_data,ST_FXP_PHASE_ELSE_SITE_HIST_SNAP_T,SITE_STAR_ID_15,STRING
rpt-network-plng,sitetracker_data,ST_FXP_PHASE_ELSE_SITE_HIST_SNAP_T,SITE_STAR_ID_16,STRING
rpt-network-plng,sitetracker_data,ST_FXP_PHASE_ELSE_SITE_HIST_SNAP_T,SITE_STAR_ID_17,STRING
rpt-network-plng,sitetracker_data,ST_FXP_PHASE_ELSE_SITE_HIST_SNAP_T,SITE_STAR_ID_18,STRING
rpt-network-plng,sitetracker_data,ST_FXP_PHASE_ELSE_SITE_HIST_SNAP_T,SITE_STAR_ID_19,STRING
rpt-network-plng,sitetracker_data,ST_FXP_PHASE_ELSE_SITE_HIST_SNAP_T,SITE_STAR_ID_20,STRING
rpt-network-plng,sitetracker_data,ST_FXP_PHASE_ELSE_SITE_HIST_SNAP_T,PHASE_STAR_ID_1,STRING
rpt-network-plng,sitetracker_data,ST_FXP_PHASE_ELSE_SITE_HIST_SNAP_T,PHASE_STAR_ID_2,STRING
rpt-network-plng,sitetracker_data,ST_FXP_PHASE_ELSE_SITE_HIST_SNAP_T,PHASE_STAR_ID_3,STRING
rpt-network-plng,sitetracker_data,ST_FXP_PHASE_ELSE_SITE_HIST_SNAP_T,PHASE_STAR_ID_4,STRING
rpt-network-plng,sitetracker_data,ST_FXP_PHASE_ELSE_SITE_HIST_SNAP_T,PHASE_STAR_ID_5,STRING
rpt-network-plng,sitetracker_data,ST_FXP_PHASE_ELSE_SITE_HIST_SNAP_T,PHASE_STAR_ID_6,STRING
rpt-network-plng,sitetracker_data,ST_FXP_PHASE_ELSE_SITE_HIST_SNAP_T,PHASE_STAR_ID_7,STRING
rpt-network-plng,sitetracker_data,ST_FXP_PHASE_ELSE_SITE_HIST_SNAP_T,PHASE_STAR_ID_8,STRING
rpt-network-plng,sitetracker_data,ST_FXP_PHASE_ELSE_SITE_HIST_SNAP_T,PHASE_STAR_ID_9,STRING
rpt-network-plng,sitetracker_data,ST_FXP_PHASE_ELSE_SITE_HIST_SNAP_T,PHASE_STAR_ID_10,STRING
rpt-network-plng,sitetracker_data,ST_FXP_PHASE_ELSE_SITE_HIST_SNAP_T,PHASE_STAR_ID_11,STRING
rpt-network-plng,sitetracker_data,ST_FXP_PHASE_ELSE_SITE_HIST_SNAP_T,PHASE_STAR_ID_12,STRING
rpt-network-plng,sitetracker_data,ST_FXP_PHASE_ELSE_SITE_HIST_SNAP_T,PHASE_STAR_ID_13,STRING
rpt-network-plng,sitetracker_data,ST_FXP_PHASE_ELSE_SITE_HIST_SNAP_T,PHASE_STAR_ID_14,STRING
rpt-network-plng,sitetracker_data,ST_FXP_PHASE_ELSE_SITE_HIST_SNAP_T,PHASE_STAR_ID_15,STRING
rpt-network-plng,sitetracker_data,ST_FXP_PHASE_ELSE_SITE_HIST_SNAP_T,PHASE_STAR_ID_16,STRING
rpt-network-plng,sitetracker_data,ST_FXP_PHASE_ELSE_SITE_HIST_SNAP_T,PHASE_STAR_ID_17,STRING
rpt-network-plng,sitetracker_data,ST_FXP_PHASE_ELSE_SITE_HIST_SNAP_T,PHASE_STAR_ID_18,STRING
rpt-network-plng,sitetracker_data,ST_FXP_PHASE_ELSE_SITE_HIST_SNAP_T,PHASE_STAR_ID_19,STRING
rpt-network-plng,sitetracker_data,ST_FXP_PHASE_ELSE_SITE_HIST_SNAP_T,PHASE_STAR_ID_20,STRING
rpt-network-plng,sitetracker_data,ST_FXP_PHASE_ELSE_SITE_HIST_SNAP_T,SUBMIT_CAPITAL_DESIGN_FOR_ASSESSMENT_A,TIMESTAMP
rpt-network-plng,sitetracker_data,ST_FXP_PHASE_ELSE_SITE_HIST_SNAP_T,SUBMIT_CAPITAL_DESIGN_FOR_ASSESSMENT_F,TIMESTAMP
rpt-network-plng,sitetracker_data,ST_FXP_PHASE_ELSE_SITE_HIST_SNAP_T,SUBMITS_PROPOSAL_TO_DEVELOPER_A,TIMESTAMP
rpt-network-plng,sitetracker_data,ST_FXP_PHASE_ELSE_SITE_HIST_SNAP_T,SUBMITS_PROPOSAL_TO_DEVELOPER_F,TIMESTAMP
rpt-network-plng,sitetracker_data,ST_FXP_PHASE_ELSE_SITE_HIST_SNAP_T,SUBMITTED_TO_PROD_A,TIMESTAMP
rpt-network-plng,sitetracker_data,ST_FXP_PHASE_ELSE_SITE_HIST_SNAP_T,SUBMITTED_TO_PROD_F,TIMESTAMP
rpt-network-plng,sitetracker_data,ST_FXP_PHASE_ELSE_SITE_HIST_SNAP_T,SUBMITTED_TO_STAGING_A,TIMESTAMP
rpt-network-plng,sitetracker_data,ST_FXP_PHASE_ELSE_SITE_HIST_SNAP_T,SUBMITTED_TO_STAGING_F,TIMESTAMP
rpt-network-plng,sitetracker_data,ST_FXP_PHASE_ELSE_SITE_HIST_SNAP_T,SUCCESS_IN_PROD_A,TIMESTAMP
rpt-network-plng,sitetracker_data,ST_FXP_PHASE_ELSE_SITE_HIST_SNAP_T,SUCCESS_IN_PROD_F,TIMESTAMP
rpt-network-plng,sitetracker_data,ST_FXP_PHASE_ELSE_SITE_HIST_SNAP_T,SERVICE_DELIVERY,STRING
rpt-network-plng,sitetracker_data,ST_FXP_PHASE_ELSE_SITE_HIST_SNAP_T,TDM_REQUIRED,STRING
rpt-network-plng,sitetracker_data,ST_FXP_PHASE_ELSE_SITE_HIST_SNAP_T,TECH_RESOURCES_IN_SALESFORCE,STRING
rpt-network-plng,sitetracker_data,ST_FXP_PHASE_ELSE_SITE_HIST_SNAP_T,TECHNICALLY_COMPLETE_A,TIMESTAMP
rpt-network-plng,sitetracker_data,ST_FXP_PHASE_ELSE_SITE_HIST_SNAP_T,TECHNICALLY_COMPLETE_F,TIMESTAMP
rpt-network-plng,sitetracker_data,ST_FXP_PHASE_ELSE_SITE_HIST_SNAP_T,SITE_THIRD_PARTY_MAKE_READY_ESTIMATE_COMPLETE,TIMESTAMP
rpt-network-plng,sitetracker_data,ST_FXP_PHASE_ELSE_SITE_HIST_SNAP_T,PHASE_THIRD_PARTY_MAKE_READY_ESTIMATE_COMPLETE,TIMESTAMP
rpt-network-plng,sitetracker_data,ST_FXP_PHASE_ELSE_SITE_HIST_SNAP_T,TID,STRING
rpt-network-plng,sitetracker_data,ST_FXP_PHASE_ELSE_SITE_HIST_SNAP_T,TIE_PAIR_NAME,STRING
rpt-network-plng,sitetracker_data,ST_FXP_PHASE_ELSE_SITE_HIST_SNAP_T,TIRKS_CIRCUITS_REQUESTED_A,TIMESTAMP
rpt-network-plng,sitetracker_data,ST_FXP_PHASE_ELSE_SITE_HIST_SNAP_T,TIRKS_CIRCUITS_REQUESTED_F,TIMESTAMP
rpt-network-plng,sitetracker_data,ST_FXP_PHASE_ELSE_SITE_HIST_SNAP_T,TIRKS_FIBER_INVENTORY_F1_SUBMITTED_A,TIMESTAMP
rpt-network-plng,sitetracker_data,ST_FXP_PHASE_ELSE_SITE_HIST_SNAP_T,TIRKS_FIBER_INVENTORY_F1_SUBMITTED_F,TIMESTAMP
rpt-network-plng,sitetracker_data,ST_FXP_PHASE_ELSE_SITE_HIST_SNAP_T,TOTAL_FIBER_AERIAL_FOOTAGE,NUMERIC
rpt-network-plng,sitetracker_data,ST_FXP_PHASE_ELSE_SITE_HIST_SNAP_T,TOTAL_FIBER_BURIED_UG_FOOTAGE,NUMERIC
rpt-network-plng,sitetracker_data,ST_FXP_PHASE_ELSE_SITE_HIST_SNAP_T,TOTAL_FIBER_FOOTAGE,NUMERIC
rpt-network-plng,sitetracker_data,ST_FXP_PHASE_ELSE_SITE_HIST_SNAP_T,TOTAL_FIBER_PLCG_FOOTAGE_COMPLETE,NUMERIC
rpt-network-plng,sitetracker_data,ST_FXP_PHASE_ELSE_SITE_HIST_SNAP_T,TOTAL_FIBER_PLCG_PERCENTAGE,NUMERIC
rpt-network-plng,sitetracker_data,ST_FXP_PHASE_ELSE_SITE_HIST_SNAP_T,TOTAL_FIBER_SPL_FOOTAGE_COMPLETE,NUMERIC
rpt-network-plng,sitetracker_data,ST_FXP_PHASE_ELSE_SITE_HIST_SNAP_T,TOTAL_FIBER_SPL_PERCENTAGE,NUMERIC
rpt-network-plng,sitetracker_data,ST_FXP_PHASE_ELSE_SITE_HIST_SNAP_T,TOTAL_MAKE_READY_COST,NUMERIC
rpt-network-plng,sitetracker_data,ST_FXP_PHASE_ELSE_SITE_HIST_SNAP_T,TOTAL_NUMBER_OF_POLES,NUMERIC
rpt-network-plng,sitetracker_data,ST_FXP_PHASE_ELSE_SITE_HIST_SNAP_T,TOTAL_PERMIT_FEES,NUMERIC
rpt-network-plng,sitetracker_data,ST_FXP_PHASE_ELSE_SITE_HIST_SNAP_T,TOTAL_PERMITS_SUBMITTED,NUMERIC
rpt-network-plng,sitetracker_data,ST_FXP_PHASE_ELSE_SITE_HIST_SNAP_T,TOTAL_POLES_DENIED,NUMERIC
rpt-network-plng,sitetracker_data,ST_FXP_PHASE_ELSE_SITE_HIST_SNAP_T,TRENCH_TYPE,STRING
rpt-network-plng,sitetracker_data,ST_FXP_PHASE_ELSE_SITE_HIST_SNAP_T,TURNED_UP_MARKET_LAUNCH_A,TIMESTAMP
rpt-network-plng,sitetracker_data,ST_FXP_PHASE_ELSE_SITE_HIST_SNAP_T,TURNED_UP_MARKET_LAUNCH_F,TIMESTAMP
rpt-network-plng,sitetracker_data,ST_FXP_PHASE_ELSE_SITE_HIST_SNAP_T,UPLOAD_ASBUILTS_A,TIMESTAMP
rpt-network-plng,sitetracker_data,ST_FXP_PHASE_ELSE_SITE_HIST_SNAP_T,UPLOAD_ASBUILTS_F,TIMESTAMP
rpt-network-plng,sitetracker_data,ST_FXP_PHASE_ELSE_SITE_HIST_SNAP_T,VALIDATE_QUAL_TYPE_IN_THE_QF_PORTAL_A,TIMESTAMP
rpt-network-plng,sitetracker_data,ST_FXP_PHASE_ELSE_SITE_HIST_SNAP_T,VALIDATE_QUAL_TYPE_IN_THE_QF_PORTAL_F,TIMESTAMP
rpt-network-plng,sitetracker_data,ST_FXP_PHASE_ELSE_SITE_HIST_SNAP_T,VENDOR_ASSIGNMENT_A,TIMESTAMP
rpt-network-plng,sitetracker_data,ST_FXP_PHASE_ELSE_SITE_HIST_SNAP_T,VENDOR_ASSIGNMENT_F,TIMESTAMP
rpt-network-plng,sitetracker_data,ST_FXP_PHASE_ELSE_SITE_HIST_SNAP_T,VENDOR_COMMITMENT_CONFIRMED_A,TIMESTAMP
rpt-network-plng,sitetracker_data,ST_FXP_PHASE_ELSE_SITE_HIST_SNAP_T,VENDOR_COMMITMENT_CONFIRMED_F,TIMESTAMP
rpt-network-plng,sitetracker_data,ST_FXP_PHASE_ELSE_SITE_HIST_SNAP_T,SITE_VENDOR_CONTRACT_ASSIGNMENT,STRING
rpt-network-plng,sitetracker_data,ST_FXP_PHASE_ELSE_SITE_HIST_SNAP_T,PHASE_VENDOR_CONTRACT_ASSIGNMENT,STRING
rpt-network-plng,sitetracker_data,ST_FXP_PHASE_ELSE_SITE_HIST_SNAP_T,VENDOR_MATERIALS_ORDERED_A,TIMESTAMP
rpt-network-plng,sitetracker_data,ST_FXP_PHASE_ELSE_SITE_HIST_SNAP_T,VENDOR_MATERIALS_ORDERED_F,TIMESTAMP
rpt-network-plng,sitetracker_data,ST_FXP_PHASE_ELSE_SITE_HIST_SNAP_T,VENDOR_MATERIALS_RECEIVED_A,TIMESTAMP
rpt-network-plng,sitetracker_data,ST_FXP_PHASE_ELSE_SITE_HIST_SNAP_T,VENDOR_MATERIALS_RECEIVED_F,TIMESTAMP
rpt-network-plng,sitetracker_data,ST_FXP_PHASE_ELSE_SITE_HIST_SNAP_T,VERB_CODE_AND_DESCRIPTION,STRING
rpt-network-plng,sitetracker_data,ST_FXP_PHASE_ELSE_SITE_HIST_SNAP_T,VERIFY_ACTUALS_A,TIMESTAMP
rpt-network-plng,sitetracker_data,ST_FXP_PHASE_ELSE_SITE_HIST_SNAP_T,VERIFY_ACTUALS_F,TIMESTAMP
rpt-network-plng,sitetracker_data,ST_FXP_PHASE_ELSE_SITE_HIST_SNAP_T,WHAT_JOB_PLACED_OLT,STRING
rpt-network-plng,sitetracker_data,ST_FXP_PHASE_ELSE_SITE_HIST_SNAP_T,SITE_WHY,STRING
rpt-network-plng,sitetracker_data,ST_FXP_PHASE_ELSE_SITE_HIST_SNAP_T,PHASE_WHY,STRING
rpt-network-plng,sitetracker_data,ST_FXP_PHASE_ELSE_SITE_HIST_SNAP_T,SITE_WHY_NOW,STRING
rpt-network-plng,sitetracker_data,ST_FXP_PHASE_ELSE_SITE_HIST_SNAP_T,PHASE_WHY_NOW,STRING
rpt-network-plng,sitetracker_data,ST_FXP_PHASE_ELSE_SITE_HIST_SNAP_T,WON_1ST_HOME,STRING
rpt-network-plng,sitetracker_data,ST_FXP_PHASE_ELSE_SITE_HIST_SNAP_T,SITE_WORK_TYPE,STRING
rpt-network-plng,sitetracker_data,ST_FXP_PHASE_ELSE_SITE_HIST_SNAP_T,PHASE_WORK_TYPE,STRING
rpt-network-plng,sitetracker_data,ST_FXP_PHASE_ELSE_SITE_HIST_SNAP_T,WRECKING_RESTORAL_A,TIMESTAMP
rpt-network-plng,sitetracker_data,ST_FXP_PHASE_ELSE_SITE_HIST_SNAP_T,WRECKING_RESTORAL_F,TIMESTAMP
rpt-network-plng,sitetracker_data,ST_FXP_PHASE_ELSE_SITE_HIST_SNAP_T,X3RD_PARTY_AERIAL_MAKE_READY_COMPLETED_A,TIMESTAMP
rpt-network-plng,sitetracker_data,ST_FXP_PHASE_ELSE_SITE_HIST_SNAP_T,X3RD_PARTY_AERIAL_MAKE_READY_COMPLETED_F,TIMESTAMP
rpt-network-plng,sitetracker_data,ST_FXP_PHASE_ELSE_SITE_HIST_SNAP_T,ST_PROJECT_URL,STRING
rpt-network-plng,sitetracker_data,ST_FXP_PHASE_ELSE_SITE_HIST_SNAP_T,FW_PROJECT_URL,STRING
rpt-network-plng,sitetracker_data,ST_FXP_PHASE_ELSE_SITE_HIST_SNAP_T,SITE_ST_PROJECT_ID,STRING
rpt-network-plng,sitetracker_data,ST_FXP_PHASE_ELSE_SITE_HIST_SNAP_T,SITE_PROJECT_TYPE,STRING
rpt-network-plng,sitetracker_data,ST_FXP_PHASE_ELSE_SITE_HIST_SNAP_T,SITE_ST_PROJECT_URL,STRING
rpt-network-plng,sitetracker_data,ST_FXP_PHASE_ELSE_SITE_HIST_SNAP_T,SITE_FW_PROJ_URL,STRING
rpt-network-plng,sitetracker_data,ST_FXP_PHASE_ELSE_SITE_HIST_SNAP_T,PHASE_PROJECTS,STRING
rpt-network-plng,sitetracker_data,ST_FXP_PHASE_ELSE_SITE_HIST_SNAP_T,RELATED_PROJECTS,STRING
rpt-network-plng,sitetracker_data,ST_FXP_PHASE_ELSE_SITE_HIST_SNAP_T,ST_SITE_PHASE,STRING
rpt-network-plng,sitetracker_data,ST_FXP_PHASE_ELSE_SITE_HIST_SNAP_T,META_LOAD_DTTM,TIMESTAMP
rpt-network-plng,sitetracker_data,ST_FXP_PHASE_ELSE_SITE_HIST_SNAP_T,META_SRC_LOAD_DTTM,TIMESTAMP
rpt-network-plng,sitetracker_data,TMP_ST_FXP_PHASES_T,ST_PROJECT_ID,STRING
rpt-network-plng,sitetracker_data,TMP_ST_FXP_PHASES_T,PROJECT_TYPE,STRING
rpt-network-plng,sitetracker_data,TMP_ST_FXP_PHASES_T,REGION,STRING
rpt-network-plng,sitetracker_data,TMP_ST_FXP_PHASES_T,STATE,STRING
rpt-network-plng,sitetracker_data,TMP_ST_FXP_PHASES_T,COUNTY,STRING
rpt-network-plng,sitetracker_data,TMP_ST_FXP_PHASES_T,CITY,STRING
rpt-network-plng,sitetracker_data,TMP_ST_FXP_PHASES_T,EXCHANGE_NAME,STRING
rpt-network-plng,sitetracker_data,TMP_ST_FXP_PHASES_T,EXCHANGE,STRING
rpt-network-plng,sitetracker_data,TMP_ST_FXP_PHASES_T,COMPANY_CODE,STRING
rpt-network-plng,sitetracker_data,TMP_ST_FXP_PHASES_T,LEGACY_COMPANY,STRING
rpt-network-plng,sitetracker_data,TMP_ST_FXP_PHASES_T,MARKET_CLUSTER,STRING
rpt-network-plng,sitetracker_data,TMP_ST_FXP_PHASES_T,PRIMARY_WIRE_CENTER_ID,STRING
rpt-network-plng,sitetracker_data,TMP_ST_FXP_PHASES_T,PRIMARY_WIRE_CENTER_NAME,STRING
rpt-network-plng,sitetracker_data,TMP_ST_FXP_PHASES_T,FW_PROJECT_ID,STRING
rpt-network-plng,sitetracker_data,TMP_ST_FXP_PHASES_T,CONSTRUCTION_COORDINATOR_NAME,STRING
rpt-network-plng,sitetracker_data,TMP_ST_FXP_PHASES_T,CONSTRUCTION_COORDINATOR_CUID,STRING
rpt-network-plng,sitetracker_data,TMP_ST_FXP_PHASES_T,GPON_PM_NAME,STRING
rpt-network-plng,sitetracker_data,TMP_ST_FXP_PHASES_T,GPON_PM_CUID,STRING
rpt-network-plng,sitetracker_data,TMP_ST_FXP_PHASES_T,IMPLEMENTATION_PM_NAME,STRING
rpt-network-plng,sitetracker_data,TMP_ST_FXP_PHASES_T,IMPLEMENTATION_PM_CUID,STRING
rpt-network-plng,sitetracker_data,TMP_ST_FXP_PHASES_T,MARKETING_PM_NAME,STRING
rpt-network-plng,sitetracker_data,TMP_ST_FXP_PHASES_T,MARKETING_PM_CUID,STRING
rpt-network-plng,sitetracker_data,TMP_ST_FXP_PHASES_T,OSP_ENGINEER_NAME,STRING
rpt-network-plng,sitetracker_data,TMP_ST_FXP_PHASES_T,OSP_ENGINEER_CUID,STRING
rpt-network-plng,sitetracker_data,TMP_ST_FXP_PHASES_T,OSP_ENG_DIRECTOR_NAME,STRING
rpt-network-plng,sitetracker_data,TMP_ST_FXP_PHASES_T,OSP_ENG_DIRECTOR_CUID,STRING
rpt-network-plng,sitetracker_data,TMP_ST_FXP_PHASES_T,OSP_MANAGER_NAME,STRING
rpt-network-plng,sitetracker_data,TMP_ST_FXP_PHASES_T,OSP_MANAGER_CUID,STRING
rpt-network-plng,sitetracker_data,TMP_ST_FXP_PHASES_T,PLANNER_NAME,STRING
rpt-network-plng,sitetracker_data,TMP_ST_FXP_PHASES_T,PLANNER_CUID,STRING
rpt-network-plng,sitetracker_data,TMP_ST_FXP_PHASES_T,PLANNING_MANAGER_NAME,STRING
rpt-network-plng,sitetracker_data,TMP_ST_FXP_PHASES_T,PLANNING_MANAGER_CUID,STRING
rpt-network-plng,sitetracker_data,TMP_ST_FXP_PHASES_T,RESPONSIBLE_PERSON_NAME,STRING
rpt-network-plng,sitetracker_data,TMP_ST_FXP_PHASES_T,RESPONSIBLE_PERSON_CUID,STRING
rpt-network-plng,sitetracker_data,TMP_ST_FXP_PHASES_T,SALES_ENGINEER_NAME,STRING
rpt-network-plng,sitetracker_data,TMP_ST_FXP_PHASES_T,SALES_ENGINEER_CUID,STRING
rpt-network-plng,sitetracker_data,TMP_ST_FXP_PHASES_T,SPLICING_SUPERVISOR_NAME,STRING
rpt-network-plng,sitetracker_data,TMP_ST_FXP_PHASES_T,SPLICING_SUPERVISOR_CUID,STRING
rpt-network-plng,sitetracker_data,TMP_ST_FXP_PHASES_T,ONA,STRING
rpt-network-plng,sitetracker_data,TMP_ST_FXP_PHASES_T,ONA_CUID,STRING
rpt-network-plng,sitetracker_data,TMP_ST_FXP_PHASES_T,LAST_MODIFIED_BY_NAME,STRING
rpt-network-plng,sitetracker_data,TMP_ST_FXP_PHASES_T,LAST_MODIFIED_BY_CUID,STRING
rpt-network-plng,sitetracker_data,TMP_ST_FXP_PHASES_T,SL_NAME,STRING
rpt-network-plng,sitetracker_data,TMP_ST_FXP_PHASES_T,SL_CUID,STRING
rpt-network-plng,sitetracker_data,TMP_ST_FXP_PHASES_T,ORIGINAL_ECD_NCD,TIMESTAMP
rpt-network-plng,sitetracker_data,TMP_ST_FXP_PHASES_T,MODIFIED_ECD,TIMESTAMP
rpt-network-plng,sitetracker_data,TMP_ST_FXP_PHASES_T,ECD_LOGIC,TIMESTAMP
rpt-network-plng,sitetracker_data,TMP_ST_FXP_PHASES_T,ML_ECD_LOGIC,TIMESTAMP
rpt-network-plng,sitetracker_data,TMP_ST_FXP_PHASES_T,ADDRESS,STRING
rpt-network-plng,sitetracker_data,TMP_ST_FXP_PHASES_T,ADDRESS_QUALIFICATION,STRING
rpt-network-plng,sitetracker_data,TMP_ST_FXP_PHASES_T,BUILD_OR_NO_BUILD,STRING
rpt-network-plng,sitetracker_data,TMP_ST_FXP_PHASES_T,BURIED_AERIAL_CONDUIT,STRING
rpt-network-plng,sitetracker_data,TMP_ST_FXP_PHASES_T,CAPITAL_APPROVAL_CODE,STRING
rpt-network-plng,sitetracker_data,TMP_ST_FXP_PHASES_T,CONSTRUCTION_CATEGORY_1,STRING
rpt-network-plng,sitetracker_data,TMP_ST_FXP_PHASES_T,CONSTRUCTION_CATEGORY_2,STRING
rpt-network-plng,sitetracker_data,TMP_ST_FXP_PHASES_T,CONSTRUCTION_COORD_SPLICING_SUPERVISOR,NUMERIC
rpt-network-plng,sitetracker_data,TMP_ST_FXP_PHASES_T,CONSTRUCTION_VENDOR_1,STRING
rpt-network-plng,sitetracker_data,TMP_ST_FXP_PHASES_T,CONSTRUCTION_VENDOR_2,STRING
rpt-network-plng,sitetracker_data,TMP_ST_FXP_PHASES_T,CREATED_DATE,TIMESTAMP
rpt-network-plng,sitetracker_data,TMP_ST_FXP_PHASES_T,CREATE_POLYGON_A,TIMESTAMP
rpt-network-plng,sitetracker_data,TMP_ST_FXP_PHASES_T,CREATE_POLYGON_F,TIMESTAMP
rpt-network-plng,sitetracker_data,TMP_ST_FXP_PHASES_T,CURRENT_OPEN_ACTIVITY,STRING
rpt-network-plng,sitetracker_data,TMP_ST_FXP_PHASES_T,DATE_AUDIT_COMPLETED,TIMESTAMP
rpt-network-plng,sitetracker_data,TMP_ST_FXP_PHASES_T,DATE_AUDIT_STARTED,TIMESTAMP
rpt-network-plng,sitetracker_data,TMP_ST_FXP_PHASES_T,DATE_OF_POST,TIMESTAMP
rpt-network-plng,sitetracker_data,TMP_ST_FXP_PHASES_T,ENGINEER_REVIEWS_POLYGON_COMPLETE_A,TIMESTAMP
rpt-network-plng,sitetracker_data,TMP_ST_FXP_PHASES_T,ENGINEER_REVIEWS_POLYGON_COMPLETE_F,TIMESTAMP
rpt-network-plng,sitetracker_data,TMP_ST_FXP_PHASES_T,ENGINEERING_STATE,STRING
rpt-network-plng,sitetracker_data,TMP_ST_FXP_PHASES_T,FIRST_OCCUPANCY_TGT_DT,TIMESTAMP
rpt-network-plng,sitetracker_data,TMP_ST_FXP_PHASES_T,FLAG_FOR_DELETION,NUMERIC
rpt-network-plng,sitetracker_data,TMP_ST_FXP_PHASES_T,FLAG_FOR_MIGRATION,NUMERIC
rpt-network-plng,sitetracker_data,TMP_ST_FXP_PHASES_T,FURTHEST_COMPLETED_ACTIVITY,STRING
rpt-network-plng,sitetracker_data,TMP_ST_FXP_PHASES_T,GOOGLE_ADDRESS_VALIDATION_FALLOUT_A,TIMESTAMP
rpt-network-plng,sitetracker_data,TMP_ST_FXP_PHASES_T,GOOGLE_ADDRESS_VALIDATION_FALLOUT_F,TIMESTAMP
rpt-network-plng,sitetracker_data,TMP_ST_FXP_PHASES_T,GOOGLE_UPDATE_REQUEST_A,TIMESTAMP
rpt-network-plng,sitetracker_data,TMP_ST_FXP_PHASES_T,GOOGLE_UPDATE_REQUEST_F,TIMESTAMP
rpt-network-plng,sitetracker_data,TMP_ST_FXP_PHASES_T,HELD_ORDER_ID,STRING
rpt-network-plng,sitetracker_data,TMP_ST_FXP_PHASES_T,IMP_PM_OUT_OF_SYNC_WITH_SALESFORCE,NUMERIC
rpt-network-plng,sitetracker_data,TMP_ST_FXP_PHASES_T,IMPLEMENTATION_A,TIMESTAMP
rpt-network-plng,sitetracker_data,TMP_ST_FXP_PHASES_T,IMPLEMENTATION_F,TIMESTAMP
rpt-network-plng,sitetracker_data,TMP_ST_FXP_PHASES_T,INVENTORY_COMPLETE_A,TIMESTAMP
rpt-network-plng,sitetracker_data,TMP_ST_FXP_PHASES_T,INVENTORY_COMPLETE_F,TIMESTAMP
rpt-network-plng,sitetracker_data,TMP_ST_FXP_PHASES_T,INVENTORY_STACK,STRING
rpt-network-plng,sitetracker_data,TMP_ST_FXP_PHASES_T,INVESTMENT_REASON,STRING
rpt-network-plng,sitetracker_data,TMP_ST_FXP_PHASES_T,JOINT_TRENCH_READY_DATE,TIMESTAMP
rpt-network-plng,sitetracker_data,TMP_ST_FXP_PHASES_T,LAST_MODIFIED_DATE,TIMESTAMP
rpt-network-plng,sitetracker_data,TMP_ST_FXP_PHASES_T,LATITUDE,STRING
rpt-network-plng,sitetracker_data,TMP_ST_FXP_PHASES_T,LOAD_KMZ_FILE_INTERVAL_TABLES_A,TIMESTAMP
rpt-network-plng,sitetracker_data,TMP_ST_FXP_PHASES_T,LOAD_KMZ_FILE_INTERVAL_TABLES_F,TIMESTAMP
rpt-network-plng,sitetracker_data,TMP_ST_FXP_PHASES_T,LONGITUDE,STRING
rpt-network-plng,sitetracker_data,TMP_ST_FXP_PHASES_T,MATERIALS_RECEIVED_A,TIMESTAMP
rpt-network-plng,sitetracker_data,TMP_ST_FXP_PHASES_T,MATERIALS_RECEIVED_F,TIMESTAMP
rpt-network-plng,sitetracker_data,TMP_ST_FXP_PHASES_T,NDS_PROJECT_NAME,STRING
rpt-network-plng,sitetracker_data,TMP_ST_FXP_PHASES_T,NDS_PROJECT_NUMBER,STRING
rpt-network-plng,sitetracker_data,TMP_ST_FXP_PHASES_T,NDS_USER_ID,STRING
rpt-network-plng,sitetracker_data,TMP_ST_FXP_PHASES_T,NOTIFY_MARKETING_A,TIMESTAMP
rpt-network-plng,sitetracker_data,TMP_ST_FXP_PHASES_T,NOTIFY_MARKETING_F,TIMESTAMP
rpt-network-plng,sitetracker_data,TMP_ST_FXP_PHASES_T,NUMBER_OF_BUILD_LUS,NUMERIC
rpt-network-plng,sitetracker_data,TMP_ST_FXP_PHASES_T,NUMBER_OF_CONSTRUCTED_SERVICE_LOCATIONS,NUMERIC
rpt-network-plng,sitetracker_data,TMP_ST_FXP_PHASES_T,NUMBER_OF_INVENTORIED_SERVICE_LOCATIONS,NUMERIC
rpt-network-plng,sitetracker_data,TMP_ST_FXP_PHASES_T,NUM_OF_LUS,NUMERIC
rpt-network-plng,sitetracker_data,TMP_ST_FXP_PHASES_T,OSP_CONSTRUCTION_COMPLETE_A,TIMESTAMP
rpt-network-plng,sitetracker_data,TMP_ST_FXP_PHASES_T,OSP_CONSTRUCTION_COMPLETE_F,TIMESTAMP
rpt-network-plng,sitetracker_data,TMP_ST_FXP_PHASES_T,OSP_CONSTRUCTION_START_A,TIMESTAMP
rpt-network-plng,sitetracker_data,TMP_ST_FXP_PHASES_T,OSP_CONSTRUCTION_START_F,TIMESTAMP
rpt-network-plng,sitetracker_data,TMP_ST_FXP_PHASES_T,PARTIAL_RFS_RECEIVED,TIMESTAMP
rpt-network-plng,sitetracker_data,TMP_ST_FXP_PHASES_T,PHASE_LUS_OUT_OF_SYNC_WITH_SALESFORCE,NUMERIC
rpt-network-plng,sitetracker_data,TMP_ST_FXP_PHASES_T,PLACING_A,TIMESTAMP
rpt-network-plng,sitetracker_data,TMP_ST_FXP_PHASES_T,PLACING_F,TIMESTAMP
rpt-network-plng,sitetracker_data,TMP_ST_FXP_PHASES_T,POLYGON_ECD,TIMESTAMP
rpt-network-plng,sitetracker_data,TMP_ST_FXP_PHASES_T,POLYGON_ID,STRING
rpt-network-plng,sitetracker_data,TMP_ST_FXP_PHASES_T,POLYGON_IN_PRODUCTION_A,TIMESTAMP
rpt-network-plng,sitetracker_data,TMP_ST_FXP_PHASES_T,POLYGON_IN_PRODUCTION_F,TIMESTAMP
rpt-network-plng,sitetracker_data,TMP_ST_FXP_PHASES_T,POLYGON_IN_SERVICE,STRING
rpt-network-plng,sitetracker_data,TMP_ST_FXP_PHASES_T,POLYGON_IN_SERVICE_DATE,TIMESTAMP
rpt-network-plng,sitetracker_data,TMP_ST_FXP_PHASES_T,POLYGON_STATUS,STRING
rpt-network-plng,sitetracker_data,TMP_ST_FXP_PHASES_T,PREMISE_EQUIPMENT_INSTALLED_A,TIMESTAMP
rpt-network-plng,sitetracker_data,TMP_ST_FXP_PHASES_T,PREMISE_EQUIPMENT_INSTALLED_F,TIMESTAMP
rpt-network-plng,sitetracker_data,TMP_ST_FXP_PHASES_T,PREMISE_READY,TIMESTAMP
rpt-network-plng,sitetracker_data,TMP_ST_FXP_PHASES_T,PROGRAM_NAME,STRING
rpt-network-plng,sitetracker_data,TMP_ST_FXP_PHASES_T,PROJECT_AUDIT_COMMENTS,STRING
rpt-network-plng,sitetracker_data,TMP_ST_FXP_PHASES_T,PROJECT_AUDIT_REQUESTED,NUMERIC
rpt-network-plng,sitetracker_data,TMP_ST_FXP_PHASES_T,PROJECT_COMMENTS_HISTORY_LONG_TEXT,STRING
rpt-network-plng,sitetracker_data,TMP_ST_FXP_PHASES_T,PROJECT_COMMENTS_LONG_TEXT,STRING
rpt-network-plng,sitetracker_data,TMP_ST_FXP_PHASES_T,PROJECT_DESCRIPTION,STRING
rpt-network-plng,sitetracker_data,TMP_ST_FXP_PHASES_T,PROJECT_NAME,STRING
rpt-network-plng,sitetracker_data,TMP_ST_FXP_PHASES_T,PROVISIONING_COMPLETE_A,TIMESTAMP
rpt-network-plng,sitetracker_data,TMP_ST_FXP_PHASES_T,PROVISIONING_COMPLETE_F,TIMESTAMP
rpt-network-plng,sitetracker_data,TMP_ST_FXP_PHASES_T,REJECT_FLAG,NUMERIC
rpt-network-plng,sitetracker_data,TMP_ST_FXP_PHASES_T,RELATED_PROJECT_S_IMPLEMENTATION_A,TIMESTAMP
rpt-network-plng,sitetracker_data,TMP_ST_FXP_PHASES_T,RELATED_PROJECT_S_IMPLEMENTATION_F,TIMESTAMP
rpt-network-plng,sitetracker_data,TMP_ST_FXP_PHASES_T,RELEASED_TO_CONSTRUCTION_A,TIMESTAMP
rpt-network-plng,sitetracker_data,TMP_ST_FXP_PHASES_T,RELEASED_TO_CONSTRUCTION_F,TIMESTAMP
rpt-network-plng,sitetracker_data,TMP_ST_FXP_PHASES_T,SF_PHASE_RECORD,STRING
rpt-network-plng,sitetracker_data,TMP_ST_FXP_PHASES_T,SAP_SYSTEM_STATUS,STRING
rpt-network-plng,sitetracker_data,TMP_ST_FXP_PHASES_T,SEGMENT,STRING
rpt-network-plng,sitetracker_data,TMP_ST_FXP_PHASES_T,SERVICE_AREA,STRING
rpt-network-plng,sitetracker_data,TMP_ST_FXP_PHASES_T,PROJECT_STATUS,STRING
rpt-network-plng,sitetracker_data,TMP_ST_FXP_PHASES_T,PROJECT_STATUS_OVERRIDE,NUMERIC
rpt-network-plng,sitetracker_data,TMP_ST_FXP_PHASES_T,PROJECT_STATUS_OVERRIDE_REASON,STRING
rpt-network-plng,sitetracker_data,TMP_ST_FXP_PHASES_T,SITE_NAME,STRING
rpt-network-plng,sitetracker_data,TMP_ST_FXP_PHASES_T,SOW_FORM,STRING
rpt-network-plng,sitetracker_data,TMP_ST_FXP_PHASES_T,SPLICING_A,TIMESTAMP
rpt-network-plng,sitetracker_data,TMP_ST_FXP_PHASES_T,SPLICING_F,TIMESTAMP
rpt-network-plng,sitetracker_data,TMP_ST_FXP_PHASES_T,STAR_ID_1,STRING
rpt-network-plng,sitetracker_data,TMP_ST_FXP_PHASES_T,STAR_ID_2,STRING
rpt-network-plng,sitetracker_data,TMP_ST_FXP_PHASES_T,STAR_ID_3,STRING
rpt-network-plng,sitetracker_data,TMP_ST_FXP_PHASES_T,STAR_ID_4,STRING
rpt-network-plng,sitetracker_data,TMP_ST_FXP_PHASES_T,STAR_ID_5,STRING
rpt-network-plng,sitetracker_data,TMP_ST_FXP_PHASES_T,STAR_ID_6,STRING
rpt-network-plng,sitetracker_data,TMP_ST_FXP_PHASES_T,STAR_ID_7,STRING
rpt-network-plng,sitetracker_data,TMP_ST_FXP_PHASES_T,STAR_ID_8,STRING
rpt-network-plng,sitetracker_data,TMP_ST_FXP_PHASES_T,STAR_ID_9,STRING
rpt-network-plng,sitetracker_data,TMP_ST_FXP_PHASES_T,STAR_ID_10,STRING
rpt-network-plng,sitetracker_data,TMP_ST_FXP_PHASES_T,STAR_ID_11,STRING
rpt-network-plng,sitetracker_data,TMP_ST_FXP_PHASES_T,STAR_ID_12,STRING
rpt-network-plng,sitetracker_data,TMP_ST_FXP_PHASES_T,STAR_ID_13,STRING
rpt-network-plng,sitetracker_data,TMP_ST_FXP_PHASES_T,STAR_ID_14,STRING
rpt-network-plng,sitetracker_data,TMP_ST_FXP_PHASES_T,STAR_ID_15,STRING
rpt-network-plng,sitetracker_data,TMP_ST_FXP_PHASES_T,STAR_ID_16,STRING
rpt-network-plng,sitetracker_data,TMP_ST_FXP_PHASES_T,STAR_ID_17,STRING
rpt-network-plng,sitetracker_data,TMP_ST_FXP_PHASES_T,STAR_ID_18,STRING
rpt-network-plng,sitetracker_data,TMP_ST_FXP_PHASES_T,STAR_ID_19,STRING
rpt-network-plng,sitetracker_data,TMP_ST_FXP_PHASES_T,STAR_ID_20,STRING
rpt-network-plng,sitetracker_data,TMP_ST_FXP_PHASES_T,TECH_RESOURCES_IN_SALESFORCE,STRING
rpt-network-plng,sitetracker_data,TMP_ST_FXP_PHASES_T,THIRD_PARTY_MAKE_READY_ESTIMATE_COMPLETE,TIMESTAMP
rpt-network-plng,sitetracker_data,TMP_ST_FXP_PHASES_T,TURNED_UP_MARKET_LAUNCH_A,TIMESTAMP
rpt-network-plng,sitetracker_data,TMP_ST_FXP_PHASES_T,TURNED_UP_MARKET_LAUNCH_F,TIMESTAMP
rpt-network-plng,sitetracker_data,TMP_ST_FXP_PHASES_T,UPLOAD_ASBUILTS_A,TIMESTAMP
rpt-network-plng,sitetracker_data,TMP_ST_FXP_PHASES_T,UPLOAD_ASBUILTS_F,TIMESTAMP
rpt-network-plng,sitetracker_data,TMP_ST_FXP_PHASES_T,VALIDATE_QUAL_TYPE_IN_THE_QF_PORTAL_A,TIMESTAMP
rpt-network-plng,sitetracker_data,TMP_ST_FXP_PHASES_T,VALIDATE_QUAL_TYPE_IN_THE_QF_PORTAL_F,TIMESTAMP
rpt-network-plng,sitetracker_data,TMP_ST_FXP_PHASES_T,VENDOR_ASSIGNMENT_A,TIMESTAMP
rpt-network-plng,sitetracker_data,TMP_ST_FXP_PHASES_T,VENDOR_ASSIGNMENT_F,TIMESTAMP
rpt-network-plng,sitetracker_data,TMP_ST_FXP_PHASES_T,VENDOR_COMMITMENT_CONFIRMED_A,TIMESTAMP
rpt-network-plng,sitetracker_data,TMP_ST_FXP_PHASES_T,VENDOR_COMMITMENT_CONFIRMED_F,TIMESTAMP
rpt-network-plng,sitetracker_data,TMP_ST_FXP_PHASES_T,VENDOR_CONTRACT_ASSIGNMENT,STRING
rpt-network-plng,sitetracker_data,TMP_ST_FXP_PHASES_T,VENDOR_MATERIALS_ORDERED_A,TIMESTAMP
rpt-network-plng,sitetracker_data,TMP_ST_FXP_PHASES_T,VENDOR_MATERIALS_ORDERED_F,TIMESTAMP
rpt-network-plng,sitetracker_data,TMP_ST_FXP_PHASES_T,VENDOR_MATERIALS_RECEIVED_A,TIMESTAMP
rpt-network-plng,sitetracker_data,TMP_ST_FXP_PHASES_T,VENDOR_MATERIALS_RECEIVED_F,TIMESTAMP
rpt-network-plng,sitetracker_data,TMP_ST_FXP_PHASES_T,VERB_CODE_AND_DESCRIPTION,STRING
rpt-network-plng,sitetracker_data,TMP_ST_FXP_PHASES_T,WHY,STRING
rpt-network-plng,sitetracker_data,TMP_ST_FXP_PHASES_T,WHY_NOW,STRING
rpt-network-plng,sitetracker_data,TMP_ST_FXP_PHASES_T,WORK_TYPE,STRING
rpt-network-plng,sitetracker_data,TMP_ST_FXP_PHASES_T,ACTUAL_LAUNCH,TIMESTAMP
rpt-network-plng,sitetracker_data,TMP_ST_FXP_PHASES_T,SITE_LAUNCH,STRING
rpt-network-plng,sitetracker_data,TMP_ST_FXP_PHASES_T,ST_PROJECT_URL,STRING
rpt-network-plng,sitetracker_data,TMP_ST_FXP_PHASES_T,FW_PROJECT_URL,STRING
rpt-network-plng,sitetracker_data,TMP_ST_FXP_PHASES_T,SITE_ST_PROJECT_ID,STRING
rpt-network-plng,sitetracker_data,TMP_ST_FXP_PHASES_T,SITE_PROJECT_TYPE,STRING
rpt-network-plng,sitetracker_data,TMP_ST_FXP_PHASES_T,RELATED_PROJECTS,STRING
rpt-network-plng,sitetracker_data,TMP_ST_FXP_PHASES_T,ST_SITE_PHASE,STRING
rpt-network-plng,sitetracker_data,TMP_ST_FXP_PHASES_T,META_LOAD_DTTM,DATE
rpt-network-plng,sitetracker_data,ST_FXP_PHASE_ELSE_SITE_DAILY_SNAP_SWAP_T,st_project_id,STRING
rpt-network-plng,sitetracker_data,ST_FXP_PHASE_ELSE_SITE_DAILY_SNAP_SWAP_T,project_type,STRING
rpt-network-plng,sitetracker_data,ST_FXP_PHASE_ELSE_SITE_DAILY_SNAP_SWAP_T,region,STRING
rpt-network-plng,sitetracker_data,ST_FXP_PHASE_ELSE_SITE_DAILY_SNAP_SWAP_T,state,STRING
rpt-network-plng,sitetracker_data,ST_FXP_PHASE_ELSE_SITE_DAILY_SNAP_SWAP_T,county,STRING
rpt-network-plng,sitetracker_data,ST_FXP_PHASE_ELSE_SITE_DAILY_SNAP_SWAP_T,city,STRING
rpt-network-plng,sitetracker_data,ST_FXP_PHASE_ELSE_SITE_DAILY_SNAP_SWAP_T,exchange_name,STRING
rpt-network-plng,sitetracker_data,ST_FXP_PHASE_ELSE_SITE_DAILY_SNAP_SWAP_T,exchange,STRING
rpt-network-plng,sitetracker_data,ST_FXP_PHASE_ELSE_SITE_DAILY_SNAP_SWAP_T,company_code,STRING
rpt-network-plng,sitetracker_data,ST_FXP_PHASE_ELSE_SITE_DAILY_SNAP_SWAP_T,legacy_company,STRING
rpt-network-plng,sitetracker_data,ST_FXP_PHASE_ELSE_SITE_DAILY_SNAP_SWAP_T,market_cluster,STRING
rpt-network-plng,sitetracker_data,ST_FXP_PHASE_ELSE_SITE_DAILY_SNAP_SWAP_T,primary_wire_center_id,STRING
rpt-network-plng,sitetracker_data,ST_FXP_PHASE_ELSE_SITE_DAILY_SNAP_SWAP_T,primary_wire_center_name,STRING
rpt-network-plng,sitetracker_data,ST_FXP_PHASE_ELSE_SITE_DAILY_SNAP_SWAP_T,fw_project_id,STRING
rpt-network-plng,sitetracker_data,ST_FXP_PHASE_ELSE_SITE_DAILY_SNAP_SWAP_T,site_osp_engineer_name,STRING
rpt-network-plng,sitetracker_data,ST_FXP_PHASE_ELSE_SITE_DAILY_SNAP_SWAP_T,site_osp_engineer_cuid,STRING
rpt-network-plng,sitetracker_data,ST_FXP_PHASE_ELSE_SITE_DAILY_SNAP_SWAP_T,phase_osp_engineer_name,STRING
rpt-network-plng,sitetracker_data,ST_FXP_PHASE_ELSE_SITE_DAILY_SNAP_SWAP_T,phase_osp_engineer_cuid,STRING
rpt-network-plng,sitetracker_data,ST_FXP_PHASE_ELSE_SITE_DAILY_SNAP_SWAP_T,site_construction_coordinator_name,STRING
rpt-network-plng,sitetracker_data,ST_FXP_PHASE_ELSE_SITE_DAILY_SNAP_SWAP_T,site_construction_coordinator_cuid,STRING
rpt-network-plng,sitetracker_data,ST_FXP_PHASE_ELSE_SITE_DAILY_SNAP_SWAP_T,phase_construction_coordinator_name,STRING
rpt-network-plng,sitetracker_data,ST_FXP_PHASE_ELSE_SITE_DAILY_SNAP_SWAP_T,phase_construction_coordinator_cuid,STRING
rpt-network-plng,sitetracker_data,ST_FXP_PHASE_ELSE_SITE_DAILY_SNAP_SWAP_T,site_gpon_pm_name,STRING
rpt-network-plng,sitetracker_data,ST_FXP_PHASE_ELSE_SITE_DAILY_SNAP_SWAP_T,site_gpon_pm_cuid,STRING
rpt-network-plng,sitetracker_data,ST_FXP_PHASE_ELSE_SITE_DAILY_SNAP_SWAP_T,phase_gpon_pm_name,STRING
rpt-network-plng,sitetracker_data,ST_FXP_PHASE_ELSE_SITE_DAILY_SNAP_SWAP_T,phase_gpon_pm_cuid,STRING
rpt-network-plng,sitetracker_data,ST_FXP_PHASE_ELSE_SITE_DAILY_SNAP_SWAP_T,site_implementation_pm_name,STRING
rpt-network-plng,sitetracker_data,ST_FXP_PHASE_ELSE_SITE_DAILY_SNAP_SWAP_T,site_implementation_pm_cuid,STRING
rpt-network-plng,sitetracker_data,ST_FXP_PHASE_ELSE_SITE_DAILY_SNAP_SWAP_T,phase_implementation_pm_name,STRING
rpt-network-plng,sitetracker_data,ST_FXP_PHASE_ELSE_SITE_DAILY_SNAP_SWAP_T,phase_implementation_pm_cuid,STRING
rpt-network-plng,sitetracker_data,ST_FXP_PHASE_ELSE_SITE_DAILY_SNAP_SWAP_T,site_marketing_pm_name,STRING
rpt-network-plng,sitetracker_data,ST_FXP_PHASE_ELSE_SITE_DAILY_SNAP_SWAP_T,site_marketing_pm_cuid,STRING
rpt-network-plng,sitetracker_data,ST_FXP_PHASE_ELSE_SITE_DAILY_SNAP_SWAP_T,phase_marketing_pm_name,STRING
rpt-network-plng,sitetracker_data,ST_FXP_PHASE_ELSE_SITE_DAILY_SNAP_SWAP_T,phase_marketing_pm_cuid,STRING
rpt-network-plng,sitetracker_data,ST_FXP_PHASE_ELSE_SITE_DAILY_SNAP_SWAP_T,site_osp_eng_director_name,STRING
rpt-network-plng,sitetracker_data,ST_FXP_PHASE_ELSE_SITE_DAILY_SNAP_SWAP_T,site_osp_eng_director_cuid,STRING
rpt-network-plng,sitetracker_data,ST_FXP_PHASE_ELSE_SITE_DAILY_SNAP_SWAP_T,phase_osp_eng_director_name,STRING
rpt-network-plng,sitetracker_data,ST_FXP_PHASE_ELSE_SITE_DAILY_SNAP_SWAP_T,phase_osp_eng_director_cuid,STRING
rpt-network-plng,sitetracker_data,ST_FXP_PHASE_ELSE_SITE_DAILY_SNAP_SWAP_T,site_osp_manager_name,STRING
rpt-network-plng,sitetracker_data,ST_FXP_PHASE_ELSE_SITE_DAILY_SNAP_SWAP_T,site_osp_manager_cuid,STRING
rpt-network-plng,sitetracker_data,ST_FXP_PHASE_ELSE_SITE_DAILY_SNAP_SWAP_T,phase_osp_manager_name,STRING
rpt-network-plng,sitetracker_data,ST_FXP_PHASE_ELSE_SITE_DAILY_SNAP_SWAP_T,phase_osp_manager_cuid,STRING
rpt-network-plng,sitetracker_data,ST_FXP_PHASE_ELSE_SITE_DAILY_SNAP_SWAP_T,site_planner_name,STRING
rpt-network-plng,sitetracker_data,ST_FXP_PHASE_ELSE_SITE_DAILY_SNAP_SWAP_T,site_planner_cuid,STRING
rpt-network-plng,sitetracker_data,ST_FXP_PHASE_ELSE_SITE_DAILY_SNAP_SWAP_T,phase_planner_name,STRING
rpt-network-plng,sitetracker_data,ST_FXP_PHASE_ELSE_SITE_DAILY_SNAP_SWAP_T,phase_planner_cuid,STRING
rpt-network-plng,sitetracker_data,ST_FXP_PHASE_ELSE_SITE_DAILY_SNAP_SWAP_T,site_planning_manager_name,STRING
rpt-network-plng,sitetracker_data,ST_FXP_PHASE_ELSE_SITE_DAILY_SNAP_SWAP_T,site_planning_manager_cuid,STRING
rpt-network-plng,sitetracker_data,ST_FXP_PHASE_ELSE_SITE_DAILY_SNAP_SWAP_T,phase_planning_manager_name,STRING
rpt-network-plng,sitetracker_data,ST_FXP_PHASE_ELSE_SITE_DAILY_SNAP_SWAP_T,phase_planning_manager_cuid,STRING
rpt-network-plng,sitetracker_data,ST_FXP_PHASE_ELSE_SITE_DAILY_SNAP_SWAP_T,site_responsible_person_name,STRING
rpt-network-plng,sitetracker_data,ST_FXP_PHASE_ELSE_SITE_DAILY_SNAP_SWAP_T,site_responsible_person_cuid,STRING
rpt-network-plng,sitetracker_data,ST_FXP_PHASE_ELSE_SITE_DAILY_SNAP_SWAP_T,phase_responsible_person_name,STRING
rpt-network-plng,sitetracker_data,ST_FXP_PHASE_ELSE_SITE_DAILY_SNAP_SWAP_T,phase_responsible_person_cuid,STRING
rpt-network-plng,sitetracker_data,ST_FXP_PHASE_ELSE_SITE_DAILY_SNAP_SWAP_T,site_sales_engineer_name,STRING
rpt-network-plng,sitetracker_data,ST_FXP_PHASE_ELSE_SITE_DAILY_SNAP_SWAP_T,site_sales_engineer_cuid,STRING
rpt-network-plng,sitetracker_data,ST_FXP_PHASE_ELSE_SITE_DAILY_SNAP_SWAP_T,phase_sales_engineer_name,STRING
rpt-network-plng,sitetracker_data,ST_FXP_PHASE_ELSE_SITE_DAILY_SNAP_SWAP_T,phase_sales_engineer_cuid,STRING
rpt-network-plng,sitetracker_data,ST_FXP_PHASE_ELSE_SITE_DAILY_SNAP_SWAP_T,site_splicing_supervisor_name,STRING
rpt-network-plng,sitetracker_data,ST_FXP_PHASE_ELSE_SITE_DAILY_SNAP_SWAP_T,site_splicing_supervisor_cuid,STRING
rpt-network-plng,sitetracker_data,ST_FXP_PHASE_ELSE_SITE_DAILY_SNAP_SWAP_T,phase_splicing_supervisor_name,STRING
rpt-network-plng,sitetracker_data,ST_FXP_PHASE_ELSE_SITE_DAILY_SNAP_SWAP_T,phase_splicing_supervisor_cuid,STRING
rpt-network-plng,sitetracker_data,ST_FXP_PHASE_ELSE_SITE_DAILY_SNAP_SWAP_T,site_last_modified_by_name,STRING
rpt-network-plng,sitetracker_data,ST_FXP_PHASE_ELSE_SITE_DAILY_SNAP_SWAP_T,site_last_modified_by_cuid,STRING
rpt-network-plng,sitetracker_data,ST_FXP_PHASE_ELSE_SITE_DAILY_SNAP_SWAP_T,phase_last_modified_by_name,STRING
rpt-network-plng,sitetracker_data,ST_FXP_PHASE_ELSE_SITE_DAILY_SNAP_SWAP_T,phase_last_modified_by_cuid,STRING
rpt-network-plng,sitetracker_data,ST_FXP_PHASE_ELSE_SITE_DAILY_SNAP_SWAP_T,site_sl_name,STRING
rpt-network-plng,sitetracker_data,ST_FXP_PHASE_ELSE_SITE_DAILY_SNAP_SWAP_T,site_sl_cuid,STRING
rpt-network-plng,sitetracker_data,ST_FXP_PHASE_ELSE_SITE_DAILY_SNAP_SWAP_T,phase_sl_name,STRING
rpt-network-plng,sitetracker_data,ST_FXP_PHASE_ELSE_SITE_DAILY_SNAP_SWAP_T,phase_sl_cuid,STRING
rpt-network-plng,sitetracker_data,ST_FXP_PHASE_ELSE_SITE_DAILY_SNAP_SWAP_T,site_original_ecd_ncd,TIMESTAMP
rpt-network-plng,sitetracker_data,ST_FXP_PHASE_ELSE_SITE_DAILY_SNAP_SWAP_T,site_modified_ecd,TIMESTAMP
rpt-network-plng,sitetracker_data,ST_FXP_PHASE_ELSE_SITE_DAILY_SNAP_SWAP_T,site_ecd_logic,TIMESTAMP
rpt-network-plng,sitetracker_data,ST_FXP_PHASE_ELSE_SITE_DAILY_SNAP_SWAP_T,site_ml_ecd_logic,TIMESTAMP
rpt-network-plng,sitetracker_data,ST_FXP_PHASE_ELSE_SITE_DAILY_SNAP_SWAP_T,phase_original_ecd_ncd,TIMESTAMP
rpt-network-plng,sitetracker_data,ST_FXP_PHASE_ELSE_SITE_DAILY_SNAP_SWAP_T,phase_modified_ecd,TIMESTAMP
rpt-network-plng,sitetracker_data,ST_FXP_PHASE_ELSE_SITE_DAILY_SNAP_SWAP_T,phase_ecd_logic,TIMESTAMP
rpt-network-plng,sitetracker_data,ST_FXP_PHASE_ELSE_SITE_DAILY_SNAP_SWAP_T,phase_ml_ecd_logic,TIMESTAMP
rpt-network-plng,sitetracker_data,ST_FXP_PHASE_ELSE_SITE_DAILY_SNAP_SWAP_T,address,STRING
rpt-network-plng,sitetracker_data,ST_FXP_PHASE_ELSE_SITE_DAILY_SNAP_SWAP_T,address_qualification,STRING
rpt-network-plng,sitetracker_data,ST_FXP_PHASE_ELSE_SITE_DAILY_SNAP_SWAP_T,aerial_attachment_required,STRING
rpt-network-plng,sitetracker_data,ST_FXP_PHASE_ELSE_SITE_DAILY_SNAP_SWAP_T,aid_to_construction_required,STRING
rpt-network-plng,sitetracker_data,ST_FXP_PHASE_ELSE_SITE_DAILY_SNAP_SWAP_T,apo_audit_a,TIMESTAMP
rpt-network-plng,sitetracker_data,ST_FXP_PHASE_ELSE_SITE_DAILY_SNAP_SWAP_T,apo_audit_f,TIMESTAMP
rpt-network-plng,sitetracker_data,ST_FXP_PHASE_ELSE_SITE_DAILY_SNAP_SWAP_T,atc_approved,STRING
rpt-network-plng,sitetracker_data,ST_FXP_PHASE_ELSE_SITE_DAILY_SNAP_SWAP_T,atc_cost_sent_to_developer_a,TIMESTAMP
rpt-network-plng,sitetracker_data,ST_FXP_PHASE_ELSE_SITE_DAILY_SNAP_SWAP_T,atc_cost_sent_to_developer_f,TIMESTAMP
rpt-network-plng,sitetracker_data,ST_FXP_PHASE_ELSE_SITE_DAILY_SNAP_SWAP_T,atc_received_from_developer_a,TIMESTAMP
rpt-network-plng,sitetracker_data,ST_FXP_PHASE_ELSE_SITE_DAILY_SNAP_SWAP_T,atc_received_from_developer_f,TIMESTAMP
rpt-network-plng,sitetracker_data,ST_FXP_PHASE_ELSE_SITE_DAILY_SNAP_SWAP_T,bid_acceptance_a,TIMESTAMP
rpt-network-plng,sitetracker_data,ST_FXP_PHASE_ELSE_SITE_DAILY_SNAP_SWAP_T,bid_acceptance_f,TIMESTAMP
rpt-network-plng,sitetracker_data,ST_FXP_PHASE_ELSE_SITE_DAILY_SNAP_SWAP_T,bid_creation_a,TIMESTAMP
rpt-network-plng,sitetracker_data,ST_FXP_PHASE_ELSE_SITE_DAILY_SNAP_SWAP_T,bid_creation_f,TIMESTAMP
rpt-network-plng,sitetracker_data,ST_FXP_PHASE_ELSE_SITE_DAILY_SNAP_SWAP_T,bid_posting_a,TIMESTAMP
rpt-network-plng,sitetracker_data,ST_FXP_PHASE_ELSE_SITE_DAILY_SNAP_SWAP_T,bid_posting_f,TIMESTAMP
rpt-network-plng,sitetracker_data,ST_FXP_PHASE_ELSE_SITE_DAILY_SNAP_SWAP_T,bid_vs_lec_vendor_assignment,STRING
rpt-network-plng,sitetracker_data,ST_FXP_PHASE_ELSE_SITE_DAILY_SNAP_SWAP_T,builder_email,STRING
rpt-network-plng,sitetracker_data,ST_FXP_PHASE_ELSE_SITE_DAILY_SNAP_SWAP_T,builder_name_site_name,STRING
rpt-network-plng,sitetracker_data,ST_FXP_PHASE_ELSE_SITE_DAILY_SNAP_SWAP_T,builder_phone,STRING
rpt-network-plng,sitetracker_data,ST_FXP_PHASE_ELSE_SITE_DAILY_SNAP_SWAP_T,builder_site_contact_info,STRING
rpt-network-plng,sitetracker_data,ST_FXP_PHASE_ELSE_SITE_DAILY_SNAP_SWAP_T,build_or_no_build,STRING
rpt-network-plng,sitetracker_data,ST_FXP_PHASE_ELSE_SITE_DAILY_SNAP_SWAP_T,buried_aerial_conduit,STRING
rpt-network-plng,sitetracker_data,ST_FXP_PHASE_ELSE_SITE_DAILY_SNAP_SWAP_T,business_case,STRING
rpt-network-plng,sitetracker_data,ST_FXP_PHASE_ELSE_SITE_DAILY_SNAP_SWAP_T,cable_type,STRING
rpt-network-plng,sitetracker_data,ST_FXP_PHASE_ELSE_SITE_DAILY_SNAP_SWAP_T,cad_design_complete_a,TIMESTAMP
rpt-network-plng,sitetracker_data,ST_FXP_PHASE_ELSE_SITE_DAILY_SNAP_SWAP_T,cad_design_complete_f,TIMESTAMP
rpt-network-plng,sitetracker_data,ST_FXP_PHASE_ELSE_SITE_DAILY_SNAP_SWAP_T,cad_design_started_a,TIMESTAMP
rpt-network-plng,sitetracker_data,ST_FXP_PHASE_ELSE_SITE_DAILY_SNAP_SWAP_T,cad_design_started_f,TIMESTAMP
rpt-network-plng,sitetracker_data,ST_FXP_PHASE_ELSE_SITE_DAILY_SNAP_SWAP_T,capital_approval_code,STRING
rpt-network-plng,sitetracker_data,ST_FXP_PHASE_ELSE_SITE_DAILY_SNAP_SWAP_T,capital_design_complete_a,TIMESTAMP
rpt-network-plng,sitetracker_data,ST_FXP_PHASE_ELSE_SITE_DAILY_SNAP_SWAP_T,capital_design_complete_f,TIMESTAMP
rpt-network-plng,sitetracker_data,ST_FXP_PHASE_ELSE_SITE_DAILY_SNAP_SWAP_T,capital_design_request_a,TIMESTAMP
rpt-network-plng,sitetracker_data,ST_FXP_PHASE_ELSE_SITE_DAILY_SNAP_SWAP_T,capital_design_request_f,TIMESTAMP
rpt-network-plng,sitetracker_data,ST_FXP_PHASE_ELSE_SITE_DAILY_SNAP_SWAP_T,ccid,STRING
rpt-network-plng,sitetracker_data,ST_FXP_PHASE_ELSE_SITE_DAILY_SNAP_SWAP_T,cet_opportunity_id,STRING
rpt-network-plng,sitetracker_data,ST_FXP_PHASE_ELSE_SITE_DAILY_SNAP_SWAP_T,close_financial_tool_a,TIMESTAMP
rpt-network-plng,sitetracker_data,ST_FXP_PHASE_ELSE_SITE_DAILY_SNAP_SWAP_T,close_financial_tool_f,TIMESTAMP
rpt-network-plng,sitetracker_data,ST_FXP_PHASE_ELSE_SITE_DAILY_SNAP_SWAP_T,cms_review_e7_2_shelves_only_a,TIMESTAMP
rpt-network-plng,sitetracker_data,ST_FXP_PHASE_ELSE_SITE_DAILY_SNAP_SWAP_T,cms_review_e7_2_shelves_only_f,TIMESTAMP
rpt-network-plng,sitetracker_data,ST_FXP_PHASE_ELSE_SITE_DAILY_SNAP_SWAP_T,co_address,STRING
rpt-network-plng,sitetracker_data,ST_FXP_PHASE_ELSE_SITE_DAILY_SNAP_SWAP_T,co_clli,STRING
rpt-network-plng,sitetracker_data,ST_FXP_PHASE_ELSE_SITE_DAILY_SNAP_SWAP_T,co_equip_clli,STRING
rpt-network-plng,sitetracker_data,ST_FXP_PHASE_ELSE_SITE_DAILY_SNAP_SWAP_T,community_or_serving_area_name,STRING
rpt-network-plng,sitetracker_data,ST_FXP_PHASE_ELSE_SITE_DAILY_SNAP_SWAP_T,competitor,STRING
rpt-network-plng,sitetracker_data,ST_FXP_PHASE_ELSE_SITE_DAILY_SNAP_SWAP_T,site_construction_category_1,STRING
rpt-network-plng,sitetracker_data,ST_FXP_PHASE_ELSE_SITE_DAILY_SNAP_SWAP_T,site_construction_category_2,STRING
rpt-network-plng,sitetracker_data,ST_FXP_PHASE_ELSE_SITE_DAILY_SNAP_SWAP_T,phase_construction_category_1,STRING
rpt-network-plng,sitetracker_data,ST_FXP_PHASE_ELSE_SITE_DAILY_SNAP_SWAP_T,phase_construction_category_2,STRING
rpt-network-plng,sitetracker_data,ST_FXP_PHASE_ELSE_SITE_DAILY_SNAP_SWAP_T,construction_coord_splicing_supervisor,NUMERIC
rpt-network-plng,sitetracker_data,ST_FXP_PHASE_ELSE_SITE_DAILY_SNAP_SWAP_T,construction_funded,STRING
rpt-network-plng,sitetracker_data,ST_FXP_PHASE_ELSE_SITE_DAILY_SNAP_SWAP_T,site_construction_vendor_1,STRING
rpt-network-plng,sitetracker_data,ST_FXP_PHASE_ELSE_SITE_DAILY_SNAP_SWAP_T,site_construction_vendor_2,STRING
rpt-network-plng,sitetracker_data,ST_FXP_PHASE_ELSE_SITE_DAILY_SNAP_SWAP_T,phase_construction_vendor_1,STRING
rpt-network-plng,sitetracker_data,ST_FXP_PHASE_ELSE_SITE_DAILY_SNAP_SWAP_T,phase_construction_vendor_2,STRING
rpt-network-plng,sitetracker_data,ST_FXP_PHASE_ELSE_SITE_DAILY_SNAP_SWAP_T,contract_agreement_status,STRING
rpt-network-plng,sitetracker_data,ST_FXP_PHASE_ELSE_SITE_DAILY_SNAP_SWAP_T,cost_center,STRING
rpt-network-plng,sitetracker_data,ST_FXP_PHASE_ELSE_SITE_DAILY_SNAP_SWAP_T,cost_estimate_a,TIMESTAMP
rpt-network-plng,sitetracker_data,ST_FXP_PHASE_ELSE_SITE_DAILY_SNAP_SWAP_T,cost_estimate_f,TIMESTAMP
rpt-network-plng,sitetracker_data,ST_FXP_PHASE_ELSE_SITE_DAILY_SNAP_SWAP_T,costing_approval_uploaded,NUMERIC
rpt-network-plng,sitetracker_data,ST_FXP_PHASE_ELSE_SITE_DAILY_SNAP_SWAP_T,created_date,TIMESTAMP
rpt-network-plng,sitetracker_data,ST_FXP_PHASE_ELSE_SITE_DAILY_SNAP_SWAP_T,site_create_polygon_a,TIMESTAMP
rpt-network-plng,sitetracker_data,ST_FXP_PHASE_ELSE_SITE_DAILY_SNAP_SWAP_T,site_create_polygon_f,TIMESTAMP
rpt-network-plng,sitetracker_data,ST_FXP_PHASE_ELSE_SITE_DAILY_SNAP_SWAP_T,phase_create_polygon_a,TIMESTAMP
rpt-network-plng,sitetracker_data,ST_FXP_PHASE_ELSE_SITE_DAILY_SNAP_SWAP_T,phase_create_polygon_f,TIMESTAMP
rpt-network-plng,sitetracker_data,ST_FXP_PHASE_ELSE_SITE_DAILY_SNAP_SWAP_T,site_current_open_activity,STRING
rpt-network-plng,sitetracker_data,ST_FXP_PHASE_ELSE_SITE_DAILY_SNAP_SWAP_T,phase_current_open_activity,STRING
rpt-network-plng,sitetracker_data,ST_FXP_PHASE_ELSE_SITE_DAILY_SNAP_SWAP_T,date_audit_completed,TIMESTAMP
rpt-network-plng,sitetracker_data,ST_FXP_PHASE_ELSE_SITE_DAILY_SNAP_SWAP_T,date_audit_started,TIMESTAMP
rpt-network-plng,sitetracker_data,ST_FXP_PHASE_ELSE_SITE_DAILY_SNAP_SWAP_T,date_of_post,TIMESTAMP
rpt-network-plng,sitetracker_data,ST_FXP_PHASE_ELSE_SITE_DAILY_SNAP_SWAP_T,dev_type,STRING
rpt-network-plng,sitetracker_data,ST_FXP_PHASE_ELSE_SITE_DAILY_SNAP_SWAP_T,developer_contact_info,STRING
rpt-network-plng,sitetracker_data,ST_FXP_PHASE_ELSE_SITE_DAILY_SNAP_SWAP_T,developer_final_plats_received_a,TIMESTAMP
rpt-network-plng,sitetracker_data,ST_FXP_PHASE_ELSE_SITE_DAILY_SNAP_SWAP_T,developer_final_plats_received_f,TIMESTAMP
rpt-network-plng,sitetracker_data,ST_FXP_PHASE_ELSE_SITE_DAILY_SNAP_SWAP_T,developer_email,STRING
rpt-network-plng,sitetracker_data,ST_FXP_PHASE_ELSE_SITE_DAILY_SNAP_SWAP_T,developer_name,STRING
rpt-network-plng,sitetracker_data,ST_FXP_PHASE_ELSE_SITE_DAILY_SNAP_SWAP_T,developer_phone,STRING
rpt-network-plng,sitetracker_data,ST_FXP_PHASE_ELSE_SITE_DAILY_SNAP_SWAP_T,development_address,STRING
rpt-network-plng,sitetracker_data,ST_FXP_PHASE_ELSE_SITE_DAILY_SNAP_SWAP_T,easement_required,STRING
rpt-network-plng,sitetracker_data,ST_FXP_PHASE_ELSE_SITE_DAILY_SNAP_SWAP_T,easement_row_received_a,TIMESTAMP
rpt-network-plng,sitetracker_data,ST_FXP_PHASE_ELSE_SITE_DAILY_SNAP_SWAP_T,easement_row_received_f,TIMESTAMP
rpt-network-plng,sitetracker_data,ST_FXP_PHASE_ELSE_SITE_DAILY_SNAP_SWAP_T,easement_row_requested_a,TIMESTAMP
rpt-network-plng,sitetracker_data,ST_FXP_PHASE_ELSE_SITE_DAILY_SNAP_SWAP_T,easement_row_requested_f,TIMESTAMP
rpt-network-plng,sitetracker_data,ST_FXP_PHASE_ELSE_SITE_DAILY_SNAP_SWAP_T,easement_row_required,STRING
rpt-network-plng,sitetracker_data,ST_FXP_PHASE_ELSE_SITE_DAILY_SNAP_SWAP_T,engineer_reviews_polygon_complete_a,TIMESTAMP
rpt-network-plng,sitetracker_data,ST_FXP_PHASE_ELSE_SITE_DAILY_SNAP_SWAP_T,engineer_reviews_polygon_complete_f,TIMESTAMP
rpt-network-plng,sitetracker_data,ST_FXP_PHASE_ELSE_SITE_DAILY_SNAP_SWAP_T,engineering_category_1,STRING
rpt-network-plng,sitetracker_data,ST_FXP_PHASE_ELSE_SITE_DAILY_SNAP_SWAP_T,engineering_category_2,STRING
rpt-network-plng,sitetracker_data,ST_FXP_PHASE_ELSE_SITE_DAILY_SNAP_SWAP_T,engineering_complete_a,TIMESTAMP
rpt-network-plng,sitetracker_data,ST_FXP_PHASE_ELSE_SITE_DAILY_SNAP_SWAP_T,engineering_complete_f,TIMESTAMP
rpt-network-plng,sitetracker_data,ST_FXP_PHASE_ELSE_SITE_DAILY_SNAP_SWAP_T,engineering_funded,STRING
rpt-network-plng,sitetracker_data,ST_FXP_PHASE_ELSE_SITE_DAILY_SNAP_SWAP_T,engineering_funding_comments,STRING
rpt-network-plng,sitetracker_data,ST_FXP_PHASE_ELSE_SITE_DAILY_SNAP_SWAP_T,engineering_state,STRING
rpt-network-plng,sitetracker_data,ST_FXP_PHASE_ELSE_SITE_DAILY_SNAP_SWAP_T,engineering_vendor_1,STRING
rpt-network-plng,sitetracker_data,ST_FXP_PHASE_ELSE_SITE_DAILY_SNAP_SWAP_T,engineering_vendor_2,STRING
rpt-network-plng,sitetracker_data,ST_FXP_PHASE_ELSE_SITE_DAILY_SNAP_SWAP_T,f1_footage_plcg_complete,NUMERIC
rpt-network-plng,sitetracker_data,ST_FXP_PHASE_ELSE_SITE_DAILY_SNAP_SWAP_T,f1_footage_spl_complete,NUMERIC
rpt-network-plng,sitetracker_data,ST_FXP_PHASE_ELSE_SITE_DAILY_SNAP_SWAP_T,f1_plcg_percentage_complete,NUMERIC
rpt-network-plng,sitetracker_data,ST_FXP_PHASE_ELSE_SITE_DAILY_SNAP_SWAP_T,f1_spl_percentage_complete,NUMERIC
rpt-network-plng,sitetracker_data,ST_FXP_PHASE_ELSE_SITE_DAILY_SNAP_SWAP_T,f2_footage_plcg_complete,NUMERIC
rpt-network-plng,sitetracker_data,ST_FXP_PHASE_ELSE_SITE_DAILY_SNAP_SWAP_T,f2_footage_spl_complete,NUMERIC
rpt-network-plng,sitetracker_data,ST_FXP_PHASE_ELSE_SITE_DAILY_SNAP_SWAP_T,f2_plcg_percentage_complete,NUMERIC
rpt-network-plng,sitetracker_data,ST_FXP_PHASE_ELSE_SITE_DAILY_SNAP_SWAP_T,f2_spl_percentage_complete,NUMERIC
rpt-network-plng,sitetracker_data,ST_FXP_PHASE_ELSE_SITE_DAILY_SNAP_SWAP_T,feed_fiber_name_and_count,STRING
rpt-network-plng,sitetracker_data,ST_FXP_PHASE_ELSE_SITE_DAILY_SNAP_SWAP_T,feeder_planning_a,TIMESTAMP
rpt-network-plng,sitetracker_data,ST_FXP_PHASE_ELSE_SITE_DAILY_SNAP_SWAP_T,feeder_planning_f,TIMESTAMP
rpt-network-plng,sitetracker_data,ST_FXP_PHASE_ELSE_SITE_DAILY_SNAP_SWAP_T,fiber_db_loss,STRING
rpt-network-plng,sitetracker_data,ST_FXP_PHASE_ELSE_SITE_DAILY_SNAP_SWAP_T,fiber_distance,STRING
rpt-network-plng,sitetracker_data,ST_FXP_PHASE_ELSE_SITE_DAILY_SNAP_SWAP_T,field_type,STRING
rpt-network-plng,sitetracker_data,ST_FXP_PHASE_ELSE_SITE_DAILY_SNAP_SWAP_T,finalize_all_vendor_invoicing_a,TIMESTAMP
rpt-network-plng,sitetracker_data,ST_FXP_PHASE_ELSE_SITE_DAILY_SNAP_SWAP_T,finalize_all_vendor_invoicing_f,TIMESTAMP
rpt-network-plng,sitetracker_data,ST_FXP_PHASE_ELSE_SITE_DAILY_SNAP_SWAP_T,finalize_network_design_a,TIMESTAMP
rpt-network-plng,sitetracker_data,ST_FXP_PHASE_ELSE_SITE_DAILY_SNAP_SWAP_T,finalize_network_design_f,TIMESTAMP
rpt-network-plng,sitetracker_data,ST_FXP_PHASE_ELSE_SITE_DAILY_SNAP_SWAP_T,first_occ_out_of_sync_with_salesforce,NUMERIC
rpt-network-plng,sitetracker_data,ST_FXP_PHASE_ELSE_SITE_DAILY_SNAP_SWAP_T,site_first_occupancy_tgt_dt,TIMESTAMP
rpt-network-plng,sitetracker_data,ST_FXP_PHASE_ELSE_SITE_DAILY_SNAP_SWAP_T,phase_first_occupancy_tgt_dt,TIMESTAMP
rpt-network-plng,sitetracker_data,ST_FXP_PHASE_ELSE_SITE_DAILY_SNAP_SWAP_T,first_service_fire_alarm_elevator,STRING
rpt-network-plng,sitetracker_data,ST_FXP_PHASE_ELSE_SITE_DAILY_SNAP_SWAP_T,site_flag_for_deletion,NUMERIC
rpt-network-plng,sitetracker_data,ST_FXP_PHASE_ELSE_SITE_DAILY_SNAP_SWAP_T,site_flag_for_migration,NUMERIC
rpt-network-plng,sitetracker_data,ST_FXP_PHASE_ELSE_SITE_DAILY_SNAP_SWAP_T,phase_flag_for_deletion,NUMERIC
rpt-network-plng,sitetracker_data,ST_FXP_PHASE_ELSE_SITE_DAILY_SNAP_SWAP_T,phase_flag_for_migration,NUMERIC
rpt-network-plng,sitetracker_data,ST_FXP_PHASE_ELSE_SITE_DAILY_SNAP_SWAP_T,frame,STRING
rpt-network-plng,sitetracker_data,ST_FXP_PHASE_ELSE_SITE_DAILY_SNAP_SWAP_T,fsai_address,STRING
rpt-network-plng,sitetracker_data,ST_FXP_PHASE_ELSE_SITE_DAILY_SNAP_SWAP_T,fsai_clli,STRING
rpt-network-plng,sitetracker_data,ST_FXP_PHASE_ELSE_SITE_DAILY_SNAP_SWAP_T,fsai_manufacturer,STRING
rpt-network-plng,sitetracker_data,ST_FXP_PHASE_ELSE_SITE_DAILY_SNAP_SWAP_T,fsai_size,STRING
rpt-network-plng,sitetracker_data,ST_FXP_PHASE_ELSE_SITE_DAILY_SNAP_SWAP_T,fsai_taper_da_code,STRING
rpt-network-plng,sitetracker_data,ST_FXP_PHASE_ELSE_SITE_DAILY_SNAP_SWAP_T,fsai_to_ont_s,STRING
rpt-network-plng,sitetracker_data,ST_FXP_PHASE_ELSE_SITE_DAILY_SNAP_SWAP_T,fthgn_name_and_count,STRING
rpt-network-plng,sitetracker_data,ST_FXP_PHASE_ELSE_SITE_DAILY_SNAP_SWAP_T,funding_documents_prep_prechecks_a,TIMESTAMP
rpt-network-plng,sitetracker_data,ST_FXP_PHASE_ELSE_SITE_DAILY_SNAP_SWAP_T,funding_documents_prep_prechecks_f,TIMESTAMP
rpt-network-plng,sitetracker_data,ST_FXP_PHASE_ELSE_SITE_DAILY_SNAP_SWAP_T,funding_request_received_a,TIMESTAMP
rpt-network-plng,sitetracker_data,ST_FXP_PHASE_ELSE_SITE_DAILY_SNAP_SWAP_T,funding_request_received_f,TIMESTAMP
rpt-network-plng,sitetracker_data,ST_FXP_PHASE_ELSE_SITE_DAILY_SNAP_SWAP_T,funding_request_submitted_a,TIMESTAMP
rpt-network-plng,sitetracker_data,ST_FXP_PHASE_ELSE_SITE_DAILY_SNAP_SWAP_T,funding_request_submitted_f,TIMESTAMP
rpt-network-plng,sitetracker_data,ST_FXP_PHASE_ELSE_SITE_DAILY_SNAP_SWAP_T,site_furthest_completed_activity,STRING
rpt-network-plng,sitetracker_data,ST_FXP_PHASE_ELSE_SITE_DAILY_SNAP_SWAP_T,phase_furthest_completed_activity,STRING
rpt-network-plng,sitetracker_data,ST_FXP_PHASE_ELSE_SITE_DAILY_SNAP_SWAP_T,geospatial_checks_passed_a,TIMESTAMP
rpt-network-plng,sitetracker_data,ST_FXP_PHASE_ELSE_SITE_DAILY_SNAP_SWAP_T,geospatial_checks_passed_f,TIMESTAMP
rpt-network-plng,sitetracker_data,ST_FXP_PHASE_ELSE_SITE_DAILY_SNAP_SWAP_T,geospatial_submitted_to_brain_a,TIMESTAMP
rpt-network-plng,sitetracker_data,ST_FXP_PHASE_ELSE_SITE_DAILY_SNAP_SWAP_T,geospatial_submitted_to_brain_f,TIMESTAMP
rpt-network-plng,sitetracker_data,ST_FXP_PHASE_ELSE_SITE_DAILY_SNAP_SWAP_T,google_address_validation_fallout_a,TIMESTAMP
rpt-network-plng,sitetracker_data,ST_FXP_PHASE_ELSE_SITE_DAILY_SNAP_SWAP_T,google_address_validation_fallout_f,TIMESTAMP
rpt-network-plng,sitetracker_data,ST_FXP_PHASE_ELSE_SITE_DAILY_SNAP_SWAP_T,google_update_request_a,TIMESTAMP
rpt-network-plng,sitetracker_data,ST_FXP_PHASE_ELSE_SITE_DAILY_SNAP_SWAP_T,google_update_request_f,TIMESTAMP
rpt-network-plng,sitetracker_data,ST_FXP_PHASE_ELSE_SITE_DAILY_SNAP_SWAP_T,gratis,STRING
rpt-network-plng,sitetracker_data,ST_FXP_PHASE_ELSE_SITE_DAILY_SNAP_SWAP_T,gratis_order,STRING
rpt-network-plng,sitetracker_data,ST_FXP_PHASE_ELSE_SITE_DAILY_SNAP_SWAP_T,handed_off_to_engineer_a,TIMESTAMP
rpt-network-plng,sitetracker_data,ST_FXP_PHASE_ELSE_SITE_DAILY_SNAP_SWAP_T,handed_off_to_engineer_f,TIMESTAMP
rpt-network-plng,sitetracker_data,ST_FXP_PHASE_ELSE_SITE_DAILY_SNAP_SWAP_T,handoff_to_planning_a,TIMESTAMP
rpt-network-plng,sitetracker_data,ST_FXP_PHASE_ELSE_SITE_DAILY_SNAP_SWAP_T,handoff_to_planning_f,TIMESTAMP
rpt-network-plng,sitetracker_data,ST_FXP_PHASE_ELSE_SITE_DAILY_SNAP_SWAP_T,site_held_order_id,STRING
rpt-network-plng,sitetracker_data,ST_FXP_PHASE_ELSE_SITE_DAILY_SNAP_SWAP_T,phase_held_order_id,STRING
rpt-network-plng,sitetracker_data,ST_FXP_PHASE_ELSE_SITE_DAILY_SNAP_SWAP_T,high_cost_review,STRING
rpt-network-plng,sitetracker_data,ST_FXP_PHASE_ELSE_SITE_DAILY_SNAP_SWAP_T,imp_lus_out_of_sync_with_salesforce,NUMERIC
rpt-network-plng,sitetracker_data,ST_FXP_PHASE_ELSE_SITE_DAILY_SNAP_SWAP_T,imp_pm_out_of_sync_with_salesforce,NUMERIC
rpt-network-plng,sitetracker_data,ST_FXP_PHASE_ELSE_SITE_DAILY_SNAP_SWAP_T,site_implementation_a,TIMESTAMP
rpt-network-plng,sitetracker_data,ST_FXP_PHASE_ELSE_SITE_DAILY_SNAP_SWAP_T,site_implementation_f,TIMESTAMP
rpt-network-plng,sitetracker_data,ST_FXP_PHASE_ELSE_SITE_DAILY_SNAP_SWAP_T,phase_implementation_a,TIMESTAMP
rpt-network-plng,sitetracker_data,ST_FXP_PHASE_ELSE_SITE_DAILY_SNAP_SWAP_T,phase_implementation_f,TIMESTAMP
rpt-network-plng,sitetracker_data,ST_FXP_PHASE_ELSE_SITE_DAILY_SNAP_SWAP_T,inventory_complete_a,TIMESTAMP
rpt-network-plng,sitetracker_data,ST_FXP_PHASE_ELSE_SITE_DAILY_SNAP_SWAP_T,inventory_complete_f,TIMESTAMP
rpt-network-plng,sitetracker_data,ST_FXP_PHASE_ELSE_SITE_DAILY_SNAP_SWAP_T,site_inventory_stack,STRING
rpt-network-plng,sitetracker_data,ST_FXP_PHASE_ELSE_SITE_DAILY_SNAP_SWAP_T,phase_inventory_stack,STRING
rpt-network-plng,sitetracker_data,ST_FXP_PHASE_ELSE_SITE_DAILY_SNAP_SWAP_T,investment_reason,STRING
rpt-network-plng,sitetracker_data,ST_FXP_PHASE_ELSE_SITE_DAILY_SNAP_SWAP_T,joint_trench_meeting_date_a,TIMESTAMP
rpt-network-plng,sitetracker_data,ST_FXP_PHASE_ELSE_SITE_DAILY_SNAP_SWAP_T,joint_trench_meeting_date_f,TIMESTAMP
rpt-network-plng,sitetracker_data,ST_FXP_PHASE_ELSE_SITE_DAILY_SNAP_SWAP_T,joint_trench_meeting,STRING
rpt-network-plng,sitetracker_data,ST_FXP_PHASE_ELSE_SITE_DAILY_SNAP_SWAP_T,site_joint_trench_ready_date,TIMESTAMP
rpt-network-plng,sitetracker_data,ST_FXP_PHASE_ELSE_SITE_DAILY_SNAP_SWAP_T,phase_joint_trench_ready_date,TIMESTAMP
rpt-network-plng,sitetracker_data,ST_FXP_PHASE_ELSE_SITE_DAILY_SNAP_SWAP_T,landbase_request_completed_a,TIMESTAMP
rpt-network-plng,sitetracker_data,ST_FXP_PHASE_ELSE_SITE_DAILY_SNAP_SWAP_T,landbase_request_completed_f,TIMESTAMP
rpt-network-plng,sitetracker_data,ST_FXP_PHASE_ELSE_SITE_DAILY_SNAP_SWAP_T,last_modified_date,TIMESTAMP
rpt-network-plng,sitetracker_data,ST_FXP_PHASE_ELSE_SITE_DAILY_SNAP_SWAP_T,latitude,STRING
rpt-network-plng,sitetracker_data,ST_FXP_PHASE_ELSE_SITE_DAILY_SNAP_SWAP_T,leep_f1_portion_a,TIMESTAMP
rpt-network-plng,sitetracker_data,ST_FXP_PHASE_ELSE_SITE_DAILY_SNAP_SWAP_T,leep_f1_portion_f,TIMESTAMP
rpt-network-plng,sitetracker_data,ST_FXP_PHASE_ELSE_SITE_DAILY_SNAP_SWAP_T,leep_f2_portion_a,TIMESTAMP
rpt-network-plng,sitetracker_data,ST_FXP_PHASE_ELSE_SITE_DAILY_SNAP_SWAP_T,leep_f2_portion_f,TIMESTAMP
rpt-network-plng,sitetracker_data,ST_FXP_PHASE_ELSE_SITE_DAILY_SNAP_SWAP_T,len_assignments,STRING
rpt-network-plng,sitetracker_data,ST_FXP_PHASE_ELSE_SITE_DAILY_SNAP_SWAP_T,load_kmz_file_interval_tables_a,TIMESTAMP
rpt-network-plng,sitetracker_data,ST_FXP_PHASE_ELSE_SITE_DAILY_SNAP_SWAP_T,load_kmz_file_interval_tables_f,TIMESTAMP
rpt-network-plng,sitetracker_data,ST_FXP_PHASE_ELSE_SITE_DAILY_SNAP_SWAP_T,longitude,STRING
rpt-network-plng,sitetracker_data,ST_FXP_PHASE_ELSE_SITE_DAILY_SNAP_SWAP_T,lu_missed_on_complete,NUMERIC
rpt-network-plng,sitetracker_data,ST_FXP_PHASE_ELSE_SITE_DAILY_SNAP_SWAP_T,make_ready_construction_est_cmp_p,TIMESTAMP
rpt-network-plng,sitetracker_data,ST_FXP_PHASE_ELSE_SITE_DAILY_SNAP_SWAP_T,make_ready_construction_est_cmp_s,TIMESTAMP
rpt-network-plng,sitetracker_data,ST_FXP_PHASE_ELSE_SITE_DAILY_SNAP_SWAP_T,make_ready_cost_p,NUMERIC
rpt-network-plng,sitetracker_data,ST_FXP_PHASE_ELSE_SITE_DAILY_SNAP_SWAP_T,make_ready_cost_s,NUMERIC
rpt-network-plng,sitetracker_data,ST_FXP_PHASE_ELSE_SITE_DAILY_SNAP_SWAP_T,make_ready_estimate_received_a,TIMESTAMP
rpt-network-plng,sitetracker_data,ST_FXP_PHASE_ELSE_SITE_DAILY_SNAP_SWAP_T,make_ready_estimate_received_f,TIMESTAMP
rpt-network-plng,sitetracker_data,ST_FXP_PHASE_ELSE_SITE_DAILY_SNAP_SWAP_T,make_ready_payment_submitted_a,TIMESTAMP
rpt-network-plng,sitetracker_data,ST_FXP_PHASE_ELSE_SITE_DAILY_SNAP_SWAP_T,make_ready_payment_submitted_f,TIMESTAMP
rpt-network-plng,sitetracker_data,ST_FXP_PHASE_ELSE_SITE_DAILY_SNAP_SWAP_T,make_ready_required,STRING
rpt-network-plng,sitetracker_data,ST_FXP_PHASE_ELSE_SITE_DAILY_SNAP_SWAP_T,manual_ols_load_layer_1_a,TIMESTAMP
rpt-network-plng,sitetracker_data,ST_FXP_PHASE_ELSE_SITE_DAILY_SNAP_SWAP_T,manual_ols_load_layer_1_f,TIMESTAMP
rpt-network-plng,sitetracker_data,ST_FXP_PHASE_ELSE_SITE_DAILY_SNAP_SWAP_T,manual_ols_received,TIMESTAMP
rpt-network-plng,sitetracker_data,ST_FXP_PHASE_ELSE_SITE_DAILY_SNAP_SWAP_T,materials_received_a,TIMESTAMP
rpt-network-plng,sitetracker_data,ST_FXP_PHASE_ELSE_SITE_DAILY_SNAP_SWAP_T,materials_received_f,TIMESTAMP
rpt-network-plng,sitetracker_data,ST_FXP_PHASE_ELSE_SITE_DAILY_SNAP_SWAP_T,mktg_pm_name,STRING
rpt-network-plng,sitetracker_data,ST_FXP_PHASE_ELSE_SITE_DAILY_SNAP_SWAP_T,mktg_pm_contact_company,STRING
rpt-network-plng,sitetracker_data,ST_FXP_PHASE_ELSE_SITE_DAILY_SNAP_SWAP_T,mktg_pm_company_address,STRING
rpt-network-plng,sitetracker_data,ST_FXP_PHASE_ELSE_SITE_DAILY_SNAP_SWAP_T,mktg_pm_contact_email,STRING
rpt-network-plng,sitetracker_data,ST_FXP_PHASE_ELSE_SITE_DAILY_SNAP_SWAP_T,mktg_pm_contact_phone,STRING
rpt-network-plng,sitetracker_data,ST_FXP_PHASE_ELSE_SITE_DAILY_SNAP_SWAP_T,mktg_pm_contact_type,STRING
rpt-network-plng,sitetracker_data,ST_FXP_PHASE_ELSE_SITE_DAILY_SNAP_SWAP_T,site_nds_project_name,STRING
rpt-network-plng,sitetracker_data,ST_FXP_PHASE_ELSE_SITE_DAILY_SNAP_SWAP_T,site_nds_project_number,STRING
rpt-network-plng,sitetracker_data,ST_FXP_PHASE_ELSE_SITE_DAILY_SNAP_SWAP_T,phase_nds_project_name,STRING
rpt-network-plng,sitetracker_data,ST_FXP_PHASE_ELSE_SITE_DAILY_SNAP_SWAP_T,phase_nds_project_number,STRING
rpt-network-plng,sitetracker_data,ST_FXP_PHASE_ELSE_SITE_DAILY_SNAP_SWAP_T,nds_qf_qm_error_cleanup_a,TIMESTAMP
rpt-network-plng,sitetracker_data,ST_FXP_PHASE_ELSE_SITE_DAILY_SNAP_SWAP_T,nds_qf_qm_error_cleanup_f,TIMESTAMP
rpt-network-plng,sitetracker_data,ST_FXP_PHASE_ELSE_SITE_DAILY_SNAP_SWAP_T,site_nds_user_id,STRING
rpt-network-plng,sitetracker_data,ST_FXP_PHASE_ELSE_SITE_DAILY_SNAP_SWAP_T,phase_nds_user_id,STRING
rpt-network-plng,sitetracker_data,ST_FXP_PHASE_ELSE_SITE_DAILY_SNAP_SWAP_T,new_or_existing_fsai,STRING
rpt-network-plng,sitetracker_data,ST_FXP_PHASE_ELSE_SITE_DAILY_SNAP_SWAP_T,ni_accepted_handoff_a,TIMESTAMP
rpt-network-plng,sitetracker_data,ST_FXP_PHASE_ELSE_SITE_DAILY_SNAP_SWAP_T,ni_accepted_handoff_f,TIMESTAMP
rpt-network-plng,sitetracker_data,ST_FXP_PHASE_ELSE_SITE_DAILY_SNAP_SWAP_T,site_no_build_comments,STRING
rpt-network-plng,sitetracker_data,ST_FXP_PHASE_ELSE_SITE_DAILY_SNAP_SWAP_T,no_build_notification_a,TIMESTAMP
rpt-network-plng,sitetracker_data,ST_FXP_PHASE_ELSE_SITE_DAILY_SNAP_SWAP_T,no_build_notification_f,TIMESTAMP
rpt-network-plng,sitetracker_data,ST_FXP_PHASE_ELSE_SITE_DAILY_SNAP_SWAP_T,no_build_pun_form_submitted_a,TIMESTAMP
rpt-network-plng,sitetracker_data,ST_FXP_PHASE_ELSE_SITE_DAILY_SNAP_SWAP_T,no_build_pun_form_submitted_f,TIMESTAMP
rpt-network-plng,sitetracker_data,ST_FXP_PHASE_ELSE_SITE_DAILY_SNAP_SWAP_T,notify_marketing_a,TIMESTAMP
rpt-network-plng,sitetracker_data,ST_FXP_PHASE_ELSE_SITE_DAILY_SNAP_SWAP_T,notify_marketing_f,TIMESTAMP
rpt-network-plng,sitetracker_data,ST_FXP_PHASE_ELSE_SITE_DAILY_SNAP_SWAP_T,site_number_of_build_lus,NUMERIC
rpt-network-plng,sitetracker_data,ST_FXP_PHASE_ELSE_SITE_DAILY_SNAP_SWAP_T,phase_number_of_build_lus,NUMERIC
rpt-network-plng,sitetracker_data,ST_FXP_PHASE_ELSE_SITE_DAILY_SNAP_SWAP_T,site_number_of_constructed_service_locations,NUMERIC
rpt-network-plng,sitetracker_data,ST_FXP_PHASE_ELSE_SITE_DAILY_SNAP_SWAP_T,site_number_of_inventoried_service_locations,NUMERIC
rpt-network-plng,sitetracker_data,ST_FXP_PHASE_ELSE_SITE_DAILY_SNAP_SWAP_T,phase_number_of_constructed_service_locations,NUMERIC
rpt-network-plng,sitetracker_data,ST_FXP_PHASE_ELSE_SITE_DAILY_SNAP_SWAP_T,phase_number_of_inventoried_service_locations,NUMERIC
rpt-network-plng,sitetracker_data,ST_FXP_PHASE_ELSE_SITE_DAILY_SNAP_SWAP_T,site_num_of_lus,NUMERIC
rpt-network-plng,sitetracker_data,ST_FXP_PHASE_ELSE_SITE_DAILY_SNAP_SWAP_T,phase_num_of_lus,NUMERIC
rpt-network-plng,sitetracker_data,ST_FXP_PHASE_ELSE_SITE_DAILY_SNAP_SWAP_T,number_of_poles_p,NUMERIC
rpt-network-plng,sitetracker_data,ST_FXP_PHASE_ELSE_SITE_DAILY_SNAP_SWAP_T,number_of_poles_s,NUMERIC
rpt-network-plng,sitetracker_data,ST_FXP_PHASE_ELSE_SITE_DAILY_SNAP_SWAP_T,odin_layer_2_3_ta_path_device_a,TIMESTAMP
rpt-network-plng,sitetracker_data,ST_FXP_PHASE_ELSE_SITE_DAILY_SNAP_SWAP_T,odin_layer_2_3_ta_path_device_f,TIMESTAMP
rpt-network-plng,sitetracker_data,ST_FXP_PHASE_ELSE_SITE_DAILY_SNAP_SWAP_T,odin_load_layer_1_a,TIMESTAMP
rpt-network-plng,sitetracker_data,ST_FXP_PHASE_ELSE_SITE_DAILY_SNAP_SWAP_T,odin_load_layer_1_f,TIMESTAMP
rpt-network-plng,sitetracker_data,ST_FXP_PHASE_ELSE_SITE_DAILY_SNAP_SWAP_T,odin_load_layer_2_3_sasktel_load_a,TIMESTAMP
rpt-network-plng,sitetracker_data,ST_FXP_PHASE_ELSE_SITE_DAILY_SNAP_SWAP_T,odin_load_layer_2_3_sasktel_load_f,TIMESTAMP
rpt-network-plng,sitetracker_data,ST_FXP_PHASE_ELSE_SITE_DAILY_SNAP_SWAP_T,num_of_lus_sow,NUMERIC
rpt-network-plng,sitetracker_data,ST_FXP_PHASE_ELSE_SITE_DAILY_SNAP_SWAP_T,num_of_permits_submitted_p,NUMERIC
rpt-network-plng,sitetracker_data,ST_FXP_PHASE_ELSE_SITE_DAILY_SNAP_SWAP_T,num_of_permits_submitted_s,NUMERIC
rpt-network-plng,sitetracker_data,ST_FXP_PHASE_ELSE_SITE_DAILY_SNAP_SWAP_T,num_of_splitters_being_placed,NUMERIC
rpt-network-plng,sitetracker_data,ST_FXP_PHASE_ELSE_SITE_DAILY_SNAP_SWAP_T,offer_confirmation_a,TIMESTAMP
rpt-network-plng,sitetracker_data,ST_FXP_PHASE_ELSE_SITE_DAILY_SNAP_SWAP_T,offer_confirmation_f,TIMESTAMP
rpt-network-plng,sitetracker_data,ST_FXP_PHASE_ELSE_SITE_DAILY_SNAP_SWAP_T,olt,STRING
rpt-network-plng,sitetracker_data,ST_FXP_PHASE_ELSE_SITE_DAILY_SNAP_SWAP_T,olt_address,STRING
rpt-network-plng,sitetracker_data,ST_FXP_PHASE_ELSE_SITE_DAILY_SNAP_SWAP_T,olt_card,STRING
rpt-network-plng,sitetracker_data,ST_FXP_PHASE_ELSE_SITE_DAILY_SNAP_SWAP_T,olt_clli,STRING
rpt-network-plng,sitetracker_data,ST_FXP_PHASE_ELSE_SITE_DAILY_SNAP_SWAP_T,olt_configuration,STRING
rpt-network-plng,sitetracker_data,ST_FXP_PHASE_ELSE_SITE_DAILY_SNAP_SWAP_T,olt_count,STRING
rpt-network-plng,sitetracker_data,ST_FXP_PHASE_ELSE_SITE_DAILY_SNAP_SWAP_T,olt_f1_fiber_splitter_assignment,STRING
rpt-network-plng,sitetracker_data,ST_FXP_PHASE_ELSE_SITE_DAILY_SNAP_SWAP_T,olt_location,STRING
rpt-network-plng,sitetracker_data,ST_FXP_PHASE_ELSE_SITE_DAILY_SNAP_SWAP_T,olt_manufacturer_type,STRING
rpt-network-plng,sitetracker_data,ST_FXP_PHASE_ELSE_SITE_DAILY_SNAP_SWAP_T,olt_ports,STRING
rpt-network-plng,sitetracker_data,ST_FXP_PHASE_ELSE_SITE_DAILY_SNAP_SWAP_T,olt_shelf,STRING
rpt-network-plng,sitetracker_data,ST_FXP_PHASE_ELSE_SITE_DAILY_SNAP_SWAP_T,olt_to_fsai,STRING
rpt-network-plng,sitetracker_data,ST_FXP_PHASE_ELSE_SITE_DAILY_SNAP_SWAP_T,olt_type,STRING
rpt-network-plng,sitetracker_data,ST_FXP_PHASE_ELSE_SITE_DAILY_SNAP_SWAP_T,on_time,STRING
rpt-network-plng,sitetracker_data,ST_FXP_PHASE_ELSE_SITE_DAILY_SNAP_SWAP_T,ona,STRING
rpt-network-plng,sitetracker_data,ST_FXP_PHASE_ELSE_SITE_DAILY_SNAP_SWAP_T,ona_cuid,STRING
rpt-network-plng,sitetracker_data,ST_FXP_PHASE_ELSE_SITE_DAILY_SNAP_SWAP_T,ont_type,STRING
rpt-network-plng,sitetracker_data,ST_FXP_PHASE_ELSE_SITE_DAILY_SNAP_SWAP_T,opportunity_created_a,TIMESTAMP
rpt-network-plng,sitetracker_data,ST_FXP_PHASE_ELSE_SITE_DAILY_SNAP_SWAP_T,opportunity_created_f,TIMESTAMP
rpt-network-plng,sitetracker_data,ST_FXP_PHASE_ELSE_SITE_DAILY_SNAP_SWAP_T,order_materials_a,TIMESTAMP
rpt-network-plng,sitetracker_data,ST_FXP_PHASE_ELSE_SITE_DAILY_SNAP_SWAP_T,order_materials_f,TIMESTAMP
rpt-network-plng,sitetracker_data,ST_FXP_PHASE_ELSE_SITE_DAILY_SNAP_SWAP_T,osp_construction_complete_a,TIMESTAMP
rpt-network-plng,sitetracker_data,ST_FXP_PHASE_ELSE_SITE_DAILY_SNAP_SWAP_T,osp_construction_complete_f,TIMESTAMP
rpt-network-plng,sitetracker_data,ST_FXP_PHASE_ELSE_SITE_DAILY_SNAP_SWAP_T,osp_construction_start_a,TIMESTAMP
rpt-network-plng,sitetracker_data,ST_FXP_PHASE_ELSE_SITE_DAILY_SNAP_SWAP_T,osp_construction_start_f,TIMESTAMP
rpt-network-plng,sitetracker_data,ST_FXP_PHASE_ELSE_SITE_DAILY_SNAP_SWAP_T,site_partial_rfs_received,TIMESTAMP
rpt-network-plng,sitetracker_data,ST_FXP_PHASE_ELSE_SITE_DAILY_SNAP_SWAP_T,phase_partial_rfs_received,TIMESTAMP
rpt-network-plng,sitetracker_data,ST_FXP_PHASE_ELSE_SITE_DAILY_SNAP_SWAP_T,path_to_layer_1,STRING
rpt-network-plng,sitetracker_data,ST_FXP_PHASE_ELSE_SITE_DAILY_SNAP_SWAP_T,permit_fee,NUMERIC
rpt-network-plng,sitetracker_data,ST_FXP_PHASE_ELSE_SITE_DAILY_SNAP_SWAP_T,permit_fee_s,NUMERIC
rpt-network-plng,sitetracker_data,ST_FXP_PHASE_ELSE_SITE_DAILY_SNAP_SWAP_T,permits_received_a,TIMESTAMP
rpt-network-plng,sitetracker_data,ST_FXP_PHASE_ELSE_SITE_DAILY_SNAP_SWAP_T,permits_received_f,TIMESTAMP
rpt-network-plng,sitetracker_data,ST_FXP_PHASE_ELSE_SITE_DAILY_SNAP_SWAP_T,permits_required,STRING
rpt-network-plng,sitetracker_data,ST_FXP_PHASE_ELSE_SITE_DAILY_SNAP_SWAP_T,permits_submitted_a,TIMESTAMP
rpt-network-plng,sitetracker_data,ST_FXP_PHASE_ELSE_SITE_DAILY_SNAP_SWAP_T,permits_submitted_f,TIMESTAMP
rpt-network-plng,sitetracker_data,ST_FXP_PHASE_ELSE_SITE_DAILY_SNAP_SWAP_T,permitting_right_of_way_dependencies_a,TIMESTAMP
rpt-network-plng,sitetracker_data,ST_FXP_PHASE_ELSE_SITE_DAILY_SNAP_SWAP_T,permitting_right_of_way_dependencies_f,TIMESTAMP
rpt-network-plng,sitetracker_data,ST_FXP_PHASE_ELSE_SITE_DAILY_SNAP_SWAP_T,phase_lus_out_of_sync_with_salesforce,NUMERIC
rpt-network-plng,sitetracker_data,ST_FXP_PHASE_ELSE_SITE_DAILY_SNAP_SWAP_T,phase_s_implementation_a,TIMESTAMP
rpt-network-plng,sitetracker_data,ST_FXP_PHASE_ELSE_SITE_DAILY_SNAP_SWAP_T,phase_s_implementation_f,TIMESTAMP
rpt-network-plng,sitetracker_data,ST_FXP_PHASE_ELSE_SITE_DAILY_SNAP_SWAP_T,placing_a,TIMESTAMP
rpt-network-plng,sitetracker_data,ST_FXP_PHASE_ELSE_SITE_DAILY_SNAP_SWAP_T,placing_f,TIMESTAMP
rpt-network-plng,sitetracker_data,ST_FXP_PHASE_ELSE_SITE_DAILY_SNAP_SWAP_T,planner_reviews_offer_decision_a,TIMESTAMP
rpt-network-plng,sitetracker_data,ST_FXP_PHASE_ELSE_SITE_DAILY_SNAP_SWAP_T,planner_reviews_offer_decision_f,TIMESTAMP
rpt-network-plng,sitetracker_data,ST_FXP_PHASE_ELSE_SITE_DAILY_SNAP_SWAP_T,planning_accepts_handoff_a,TIMESTAMP
rpt-network-plng,sitetracker_data,ST_FXP_PHASE_ELSE_SITE_DAILY_SNAP_SWAP_T,planning_accepts_handoff_f,TIMESTAMP
rpt-network-plng,sitetracker_data,ST_FXP_PHASE_ELSE_SITE_DAILY_SNAP_SWAP_T,planning_gate_decision_a,TIMESTAMP
rpt-network-plng,sitetracker_data,ST_FXP_PHASE_ELSE_SITE_DAILY_SNAP_SWAP_T,planning_gate_decision_f,TIMESTAMP
rpt-network-plng,sitetracker_data,ST_FXP_PHASE_ELSE_SITE_DAILY_SNAP_SWAP_T,planning_gate_submittal_a,TIMESTAMP
rpt-network-plng,sitetracker_data,ST_FXP_PHASE_ELSE_SITE_DAILY_SNAP_SWAP_T,planning_gate_submittal_f,TIMESTAMP
rpt-network-plng,sitetracker_data,ST_FXP_PHASE_ELSE_SITE_DAILY_SNAP_SWAP_T,planning_handoff_complete_a,TIMESTAMP
rpt-network-plng,sitetracker_data,ST_FXP_PHASE_ELSE_SITE_DAILY_SNAP_SWAP_T,planning_handoff_complete_f,TIMESTAMP
rpt-network-plng,sitetracker_data,ST_FXP_PHASE_ELSE_SITE_DAILY_SNAP_SWAP_T,plats_uploaded,NUMERIC
rpt-network-plng,sitetracker_data,ST_FXP_PHASE_ELSE_SITE_DAILY_SNAP_SWAP_T,poles_denied_s,NUMERIC
rpt-network-plng,sitetracker_data,ST_FXP_PHASE_ELSE_SITE_DAILY_SNAP_SWAP_T,site_polygon_ecd,TIMESTAMP
rpt-network-plng,sitetracker_data,ST_FXP_PHASE_ELSE_SITE_DAILY_SNAP_SWAP_T,phase_polygon_ecd,TIMESTAMP
rpt-network-plng,sitetracker_data,ST_FXP_PHASE_ELSE_SITE_DAILY_SNAP_SWAP_T,site_polygon_id,STRING
rpt-network-plng,sitetracker_data,ST_FXP_PHASE_ELSE_SITE_DAILY_SNAP_SWAP_T,phase_polygon_id,STRING
rpt-network-plng,sitetracker_data,ST_FXP_PHASE_ELSE_SITE_DAILY_SNAP_SWAP_T,polygon_in_production_a,TIMESTAMP
rpt-network-plng,sitetracker_data,ST_FXP_PHASE_ELSE_SITE_DAILY_SNAP_SWAP_T,polygon_in_production_f,TIMESTAMP
rpt-network-plng,sitetracker_data,ST_FXP_PHASE_ELSE_SITE_DAILY_SNAP_SWAP_T,site_polygon_in_service,STRING
rpt-network-plng,sitetracker_data,ST_FXP_PHASE_ELSE_SITE_DAILY_SNAP_SWAP_T,phase_polygon_in_service,STRING
rpt-network-plng,sitetracker_data,ST_FXP_PHASE_ELSE_SITE_DAILY_SNAP_SWAP_T,site_polygon_in_service_date,TIMESTAMP
rpt-network-plng,sitetracker_data,ST_FXP_PHASE_ELSE_SITE_DAILY_SNAP_SWAP_T,phase_polygon_in_service_date,TIMESTAMP
rpt-network-plng,sitetracker_data,ST_FXP_PHASE_ELSE_SITE_DAILY_SNAP_SWAP_T,site_polygon_status,STRING
rpt-network-plng,sitetracker_data,ST_FXP_PHASE_ELSE_SITE_DAILY_SNAP_SWAP_T,phase_polygon_status,STRING
rpt-network-plng,sitetracker_data,ST_FXP_PHASE_ELSE_SITE_DAILY_SNAP_SWAP_T,pom_decision_a,TIMESTAMP
rpt-network-plng,sitetracker_data,ST_FXP_PHASE_ELSE_SITE_DAILY_SNAP_SWAP_T,pom_decision_f,TIMESTAMP
rpt-network-plng,sitetracker_data,ST_FXP_PHASE_ELSE_SITE_DAILY_SNAP_SWAP_T,pom_review_a,TIMESTAMP
rpt-network-plng,sitetracker_data,ST_FXP_PHASE_ELSE_SITE_DAILY_SNAP_SWAP_T,pom_review_f,TIMESTAMP
rpt-network-plng,sitetracker_data,ST_FXP_PHASE_ELSE_SITE_DAILY_SNAP_SWAP_T,ports,STRING
rpt-network-plng,sitetracker_data,ST_FXP_PHASE_ELSE_SITE_DAILY_SNAP_SWAP_T,power_company_name,STRING
rpt-network-plng,sitetracker_data,ST_FXP_PHASE_ELSE_SITE_DAILY_SNAP_SWAP_T,power_source,STRING
rpt-network-plng,sitetracker_data,ST_FXP_PHASE_ELSE_SITE_DAILY_SNAP_SWAP_T,power_source_location,STRING
rpt-network-plng,sitetracker_data,ST_FXP_PHASE_ELSE_SITE_DAILY_SNAP_SWAP_T,premise_equipment_installed_a,TIMESTAMP
rpt-network-plng,sitetracker_data,ST_FXP_PHASE_ELSE_SITE_DAILY_SNAP_SWAP_T,premise_equipment_installed_f,TIMESTAMP
rpt-network-plng,sitetracker_data,ST_FXP_PHASE_ELSE_SITE_DAILY_SNAP_SWAP_T,site_premise_ready,TIMESTAMP
rpt-network-plng,sitetracker_data,ST_FXP_PHASE_ELSE_SITE_DAILY_SNAP_SWAP_T,phase_premise_ready,TIMESTAMP
rpt-network-plng,sitetracker_data,ST_FXP_PHASE_ELSE_SITE_DAILY_SNAP_SWAP_T,primary_power_company_name,STRING
rpt-network-plng,sitetracker_data,ST_FXP_PHASE_ELSE_SITE_DAILY_SNAP_SWAP_T,site_program_name,STRING
rpt-network-plng,sitetracker_data,ST_FXP_PHASE_ELSE_SITE_DAILY_SNAP_SWAP_T,phase_program_name,STRING
rpt-network-plng,sitetracker_data,ST_FXP_PHASE_ELSE_SITE_DAILY_SNAP_SWAP_T,site_project_audit_comments,STRING
rpt-network-plng,sitetracker_data,ST_FXP_PHASE_ELSE_SITE_DAILY_SNAP_SWAP_T,phase_project_audit_comments,STRING
rpt-network-plng,sitetracker_data,ST_FXP_PHASE_ELSE_SITE_DAILY_SNAP_SWAP_T,site_project_audit_requested,NUMERIC
rpt-network-plng,sitetracker_data,ST_FXP_PHASE_ELSE_SITE_DAILY_SNAP_SWAP_T,phase_project_audit_requested,NUMERIC
rpt-network-plng,sitetracker_data,ST_FXP_PHASE_ELSE_SITE_DAILY_SNAP_SWAP_T,project_boundary_created_a,TIMESTAMP
rpt-network-plng,sitetracker_data,ST_FXP_PHASE_ELSE_SITE_DAILY_SNAP_SWAP_T,project_boundary_created_f,TIMESTAMP
rpt-network-plng,sitetracker_data,ST_FXP_PHASE_ELSE_SITE_DAILY_SNAP_SWAP_T,site_project_comments_history_long_text,STRING
rpt-network-plng,sitetracker_data,ST_FXP_PHASE_ELSE_SITE_DAILY_SNAP_SWAP_T,phase_project_comments_history_long_text,STRING
rpt-network-plng,sitetracker_data,ST_FXP_PHASE_ELSE_SITE_DAILY_SNAP_SWAP_T,site_project_comments_long_text,STRING
rpt-network-plng,sitetracker_data,ST_FXP_PHASE_ELSE_SITE_DAILY_SNAP_SWAP_T,phase_project_comments_long_text,STRING
rpt-network-plng,sitetracker_data,ST_FXP_PHASE_ELSE_SITE_DAILY_SNAP_SWAP_T,site_project_description,STRING
rpt-network-plng,sitetracker_data,ST_FXP_PHASE_ELSE_SITE_DAILY_SNAP_SWAP_T,phase_project_description,STRING
rpt-network-plng,sitetracker_data,ST_FXP_PHASE_ELSE_SITE_DAILY_SNAP_SWAP_T,project_fiber_aerial_footage,NUMERIC
rpt-network-plng,sitetracker_data,ST_FXP_PHASE_ELSE_SITE_DAILY_SNAP_SWAP_T,project_fiber_buried_ug_footage,NUMERIC
rpt-network-plng,sitetracker_data,ST_FXP_PHASE_ELSE_SITE_DAILY_SNAP_SWAP_T,project_fiber_footage,NUMERIC
rpt-network-plng,sitetracker_data,ST_FXP_PHASE_ELSE_SITE_DAILY_SNAP_SWAP_T,project_fiber_plcg_footage_complete,NUMERIC
rpt-network-plng,sitetracker_data,ST_FXP_PHASE_ELSE_SITE_DAILY_SNAP_SWAP_T,project_fiber_plcg_percentage,NUMERIC
rpt-network-plng,sitetracker_data,ST_FXP_PHASE_ELSE_SITE_DAILY_SNAP_SWAP_T,project_fiber_spl_footage_complete,NUMERIC
rpt-network-plng,sitetracker_data,ST_FXP_PHASE_ELSE_SITE_DAILY_SNAP_SWAP_T,project_fiber_spl_percentage,NUMERIC
rpt-network-plng,sitetracker_data,ST_FXP_PHASE_ELSE_SITE_DAILY_SNAP_SWAP_T,project_initiated_in_sap_fireworks_a,TIMESTAMP
rpt-network-plng,sitetracker_data,ST_FXP_PHASE_ELSE_SITE_DAILY_SNAP_SWAP_T,project_initiated_in_sap_fireworks_f,TIMESTAMP
rpt-network-plng,sitetracker_data,ST_FXP_PHASE_ELSE_SITE_DAILY_SNAP_SWAP_T,site_project_name,STRING
rpt-network-plng,sitetracker_data,ST_FXP_PHASE_ELSE_SITE_DAILY_SNAP_SWAP_T,phase_project_name,STRING
rpt-network-plng,sitetracker_data,ST_FXP_PHASE_ELSE_SITE_DAILY_SNAP_SWAP_T,project_redlines_completed_a,TIMESTAMP
rpt-network-plng,sitetracker_data,ST_FXP_PHASE_ELSE_SITE_DAILY_SNAP_SWAP_T,project_redlines_completed_f,TIMESTAMP
rpt-network-plng,sitetracker_data,ST_FXP_PHASE_ELSE_SITE_DAILY_SNAP_SWAP_T,provisioning_complete_a,TIMESTAMP
rpt-network-plng,sitetracker_data,ST_FXP_PHASE_ELSE_SITE_DAILY_SNAP_SWAP_T,provisioning_complete_f,TIMESTAMP
rpt-network-plng,sitetracker_data,ST_FXP_PHASE_ELSE_SITE_DAILY_SNAP_SWAP_T,pta_pole_application_submitted_a,TIMESTAMP
rpt-network-plng,sitetracker_data,ST_FXP_PHASE_ELSE_SITE_DAILY_SNAP_SWAP_T,pta_pole_application_submitted_f,TIMESTAMP
rpt-network-plng,sitetracker_data,ST_FXP_PHASE_ELSE_SITE_DAILY_SNAP_SWAP_T,pta_received_from_pole_owner_a,TIMESTAMP
rpt-network-plng,sitetracker_data,ST_FXP_PHASE_ELSE_SITE_DAILY_SNAP_SWAP_T,pta_received_from_pole_owner_f,TIMESTAMP
rpt-network-plng,sitetracker_data,ST_FXP_PHASE_ELSE_SITE_DAILY_SNAP_SWAP_T,pta_vendor_assignment_p,STRING
rpt-network-plng,sitetracker_data,ST_FXP_PHASE_ELSE_SITE_DAILY_SNAP_SWAP_T,pta_vendor_assignment_s,STRING
rpt-network-plng,sitetracker_data,ST_FXP_PHASE_ELSE_SITE_DAILY_SNAP_SWAP_T,pta_vendor_p,STRING
rpt-network-plng,sitetracker_data,ST_FXP_PHASE_ELSE_SITE_DAILY_SNAP_SWAP_T,pta_vendor_s,STRING
rpt-network-plng,sitetracker_data,ST_FXP_PHASE_ELSE_SITE_DAILY_SNAP_SWAP_T,pun_form_a,TIMESTAMP
rpt-network-plng,sitetracker_data,ST_FXP_PHASE_ELSE_SITE_DAILY_SNAP_SWAP_T,pun_form_f,TIMESTAMP
rpt-network-plng,sitetracker_data,ST_FXP_PHASE_ELSE_SITE_DAILY_SNAP_SWAP_T,qf_automation_posted_to_top_a,TIMESTAMP
rpt-network-plng,sitetracker_data,ST_FXP_PHASE_ELSE_SITE_DAILY_SNAP_SWAP_T,qf_automation_posted_to_top_f,TIMESTAMP
rpt-network-plng,sitetracker_data,ST_FXP_PHASE_ELSE_SITE_DAILY_SNAP_SWAP_T,record_updates_final_post_a,TIMESTAMP
rpt-network-plng,sitetracker_data,ST_FXP_PHASE_ELSE_SITE_DAILY_SNAP_SWAP_T,record_updates_final_post_f,TIMESTAMP
rpt-network-plng,sitetracker_data,ST_FXP_PHASE_ELSE_SITE_DAILY_SNAP_SWAP_T,redlines_to_design_a,TIMESTAMP
rpt-network-plng,sitetracker_data,ST_FXP_PHASE_ELSE_SITE_DAILY_SNAP_SWAP_T,redlines_to_design_f,TIMESTAMP
rpt-network-plng,sitetracker_data,ST_FXP_PHASE_ELSE_SITE_DAILY_SNAP_SWAP_T,site_reject_flag,NUMERIC
rpt-network-plng,sitetracker_data,ST_FXP_PHASE_ELSE_SITE_DAILY_SNAP_SWAP_T,phase_reject_flag,NUMERIC
rpt-network-plng,sitetracker_data,ST_FXP_PHASE_ELSE_SITE_DAILY_SNAP_SWAP_T,related_f1_footage_plcg_complete,NUMERIC
rpt-network-plng,sitetracker_data,ST_FXP_PHASE_ELSE_SITE_DAILY_SNAP_SWAP_T,related_f1_footage_spl_complete,NUMERIC
rpt-network-plng,sitetracker_data,ST_FXP_PHASE_ELSE_SITE_DAILY_SNAP_SWAP_T,related_f1_plcg_percentage_complete,NUMERIC
rpt-network-plng,sitetracker_data,ST_FXP_PHASE_ELSE_SITE_DAILY_SNAP_SWAP_T,related_f1_spl_percentage_complete,NUMERIC
rpt-network-plng,sitetracker_data,ST_FXP_PHASE_ELSE_SITE_DAILY_SNAP_SWAP_T,related_f2_footage_plcg_complete,NUMERIC
rpt-network-plng,sitetracker_data,ST_FXP_PHASE_ELSE_SITE_DAILY_SNAP_SWAP_T,related_f2_footage_spl_complete,NUMERIC
rpt-network-plng,sitetracker_data,ST_FXP_PHASE_ELSE_SITE_DAILY_SNAP_SWAP_T,related_f2_plcg_percentage_complete,NUMERIC
rpt-network-plng,sitetracker_data,ST_FXP_PHASE_ELSE_SITE_DAILY_SNAP_SWAP_T,related_f2_spl_percentage_complete,NUMERIC
rpt-network-plng,sitetracker_data,ST_FXP_PHASE_ELSE_SITE_DAILY_SNAP_SWAP_T,related_fiber_aerial_footage,NUMERIC
rpt-network-plng,sitetracker_data,ST_FXP_PHASE_ELSE_SITE_DAILY_SNAP_SWAP_T,related_fiber_buried_ug_footage,NUMERIC
rpt-network-plng,sitetracker_data,ST_FXP_PHASE_ELSE_SITE_DAILY_SNAP_SWAP_T,related_fiber_footage,NUMERIC
rpt-network-plng,sitetracker_data,ST_FXP_PHASE_ELSE_SITE_DAILY_SNAP_SWAP_T,related_fiber_plcg_footage_complete,NUMERIC
rpt-network-plng,sitetracker_data,ST_FXP_PHASE_ELSE_SITE_DAILY_SNAP_SWAP_T,related_fiber_plcg_percentage,NUMERIC
rpt-network-plng,sitetracker_data,ST_FXP_PHASE_ELSE_SITE_DAILY_SNAP_SWAP_T,related_fiber_spl_footage_complete,NUMERIC
rpt-network-plng,sitetracker_data,ST_FXP_PHASE_ELSE_SITE_DAILY_SNAP_SWAP_T,related_fiber_spl_percentage,NUMERIC
rpt-network-plng,sitetracker_data,ST_FXP_PHASE_ELSE_SITE_DAILY_SNAP_SWAP_T,related_project_s_implementation_a,TIMESTAMP
rpt-network-plng,sitetracker_data,ST_FXP_PHASE_ELSE_SITE_DAILY_SNAP_SWAP_T,related_project_s_implementation_f,TIMESTAMP
rpt-network-plng,sitetracker_data,ST_FXP_PHASE_ELSE_SITE_DAILY_SNAP_SWAP_T,relay_rack,STRING
rpt-network-plng,sitetracker_data,ST_FXP_PHASE_ELSE_SITE_DAILY_SNAP_SWAP_T,released_to_construction_a,TIMESTAMP
rpt-network-plng,sitetracker_data,ST_FXP_PHASE_ELSE_SITE_DAILY_SNAP_SWAP_T,released_to_construction_f,TIMESTAMP
rpt-network-plng,sitetracker_data,ST_FXP_PHASE_ELSE_SITE_DAILY_SNAP_SWAP_T,review_capital_design_and_add_f1_cos_a,TIMESTAMP
rpt-network-plng,sitetracker_data,ST_FXP_PHASE_ELSE_SITE_DAILY_SNAP_SWAP_T,review_capital_design_and_add_f1_cos_f,TIMESTAMP
rpt-network-plng,sitetracker_data,ST_FXP_PHASE_ELSE_SITE_DAILY_SNAP_SWAP_T,review_in_staging_a,TIMESTAMP
rpt-network-plng,sitetracker_data,ST_FXP_PHASE_ELSE_SITE_DAILY_SNAP_SWAP_T,review_in_staging_f,TIMESTAMP
rpt-network-plng,sitetracker_data,ST_FXP_PHASE_ELSE_SITE_DAILY_SNAP_SWAP_T,sf_phase_record,STRING
rpt-network-plng,sitetracker_data,ST_FXP_PHASE_ELSE_SITE_DAILY_SNAP_SWAP_T,sales_osr_contact,STRING
rpt-network-plng,sitetracker_data,ST_FXP_PHASE_ELSE_SITE_DAILY_SNAP_SWAP_T,sf_implementation_record,STRING
rpt-network-plng,sitetracker_data,ST_FXP_PHASE_ELSE_SITE_DAILY_SNAP_SWAP_T,sap_system_status,STRING
rpt-network-plng,sitetracker_data,ST_FXP_PHASE_ELSE_SITE_DAILY_SNAP_SWAP_T,secondary_power_company_name,STRING
rpt-network-plng,sitetracker_data,ST_FXP_PHASE_ELSE_SITE_DAILY_SNAP_SWAP_T,segment,STRING
rpt-network-plng,sitetracker_data,ST_FXP_PHASE_ELSE_SITE_DAILY_SNAP_SWAP_T,service_area,STRING
rpt-network-plng,sitetracker_data,ST_FXP_PHASE_ELSE_SITE_DAILY_SNAP_SWAP_T,shelf,STRING
rpt-network-plng,sitetracker_data,ST_FXP_PHASE_ELSE_SITE_DAILY_SNAP_SWAP_T,site_project_status,STRING
rpt-network-plng,sitetracker_data,ST_FXP_PHASE_ELSE_SITE_DAILY_SNAP_SWAP_T,phase_project_status,STRING
rpt-network-plng,sitetracker_data,ST_FXP_PHASE_ELSE_SITE_DAILY_SNAP_SWAP_T,site_project_status_override,NUMERIC
rpt-network-plng,sitetracker_data,ST_FXP_PHASE_ELSE_SITE_DAILY_SNAP_SWAP_T,site_project_status_override_reason,STRING
rpt-network-plng,sitetracker_data,ST_FXP_PHASE_ELSE_SITE_DAILY_SNAP_SWAP_T,phase_project_status_override,NUMERIC
rpt-network-plng,sitetracker_data,ST_FXP_PHASE_ELSE_SITE_DAILY_SNAP_SWAP_T,phase_project_status_override_reason,STRING
rpt-network-plng,sitetracker_data,ST_FXP_PHASE_ELSE_SITE_DAILY_SNAP_SWAP_T,site_name,STRING
rpt-network-plng,sitetracker_data,ST_FXP_PHASE_ELSE_SITE_DAILY_SNAP_SWAP_T,sitewalk_category_1,STRING
rpt-network-plng,sitetracker_data,ST_FXP_PHASE_ELSE_SITE_DAILY_SNAP_SWAP_T,sitewalk_category_2,STRING
rpt-network-plng,sitetracker_data,ST_FXP_PHASE_ELSE_SITE_DAILY_SNAP_SWAP_T,sitewalk_completed_a,TIMESTAMP
rpt-network-plng,sitetracker_data,ST_FXP_PHASE_ELSE_SITE_DAILY_SNAP_SWAP_T,sitewalk_completed_f,TIMESTAMP
rpt-network-plng,sitetracker_data,ST_FXP_PHASE_ELSE_SITE_DAILY_SNAP_SWAP_T,sitewalk_handed_off_a,TIMESTAMP
rpt-network-plng,sitetracker_data,ST_FXP_PHASE_ELSE_SITE_DAILY_SNAP_SWAP_T,sitewalk_handed_off_f,TIMESTAMP
rpt-network-plng,sitetracker_data,ST_FXP_PHASE_ELSE_SITE_DAILY_SNAP_SWAP_T,sitewalk_required,STRING
rpt-network-plng,sitetracker_data,ST_FXP_PHASE_ELSE_SITE_DAILY_SNAP_SWAP_T,sitewalk_start_a,TIMESTAMP
rpt-network-plng,sitetracker_data,ST_FXP_PHASE_ELSE_SITE_DAILY_SNAP_SWAP_T,sitewalk_start_f,TIMESTAMP
rpt-network-plng,sitetracker_data,ST_FXP_PHASE_ELSE_SITE_DAILY_SNAP_SWAP_T,sitewalk_vendor_1,STRING
rpt-network-plng,sitetracker_data,ST_FXP_PHASE_ELSE_SITE_DAILY_SNAP_SWAP_T,sitewalk_vendor_2,STRING
rpt-network-plng,sitetracker_data,ST_FXP_PHASE_ELSE_SITE_DAILY_SNAP_SWAP_T,sow_form,STRING
rpt-network-plng,sitetracker_data,ST_FXP_PHASE_ELSE_SITE_DAILY_SNAP_SWAP_T,splicing_a,TIMESTAMP
rpt-network-plng,sitetracker_data,ST_FXP_PHASE_ELSE_SITE_DAILY_SNAP_SWAP_T,splicing_f,TIMESTAMP
rpt-network-plng,sitetracker_data,ST_FXP_PHASE_ELSE_SITE_DAILY_SNAP_SWAP_T,splitter_size,STRING
rpt-network-plng,sitetracker_data,ST_FXP_PHASE_ELSE_SITE_DAILY_SNAP_SWAP_T,site_star_id_1,STRING
rpt-network-plng,sitetracker_data,ST_FXP_PHASE_ELSE_SITE_DAILY_SNAP_SWAP_T,site_star_id_2,STRING
rpt-network-plng,sitetracker_data,ST_FXP_PHASE_ELSE_SITE_DAILY_SNAP_SWAP_T,site_star_id_3,STRING
rpt-network-plng,sitetracker_data,ST_FXP_PHASE_ELSE_SITE_DAILY_SNAP_SWAP_T,site_star_id_4,STRING
rpt-network-plng,sitetracker_data,ST_FXP_PHASE_ELSE_SITE_DAILY_SNAP_SWAP_T,site_star_id_5,STRING
rpt-network-plng,sitetracker_data,ST_FXP_PHASE_ELSE_SITE_DAILY_SNAP_SWAP_T,site_star_id_6,STRING
rpt-network-plng,sitetracker_data,ST_FXP_PHASE_ELSE_SITE_DAILY_SNAP_SWAP_T,site_star_id_7,STRING
rpt-network-plng,sitetracker_data,ST_FXP_PHASE_ELSE_SITE_DAILY_SNAP_SWAP_T,site_star_id_8,STRING
rpt-network-plng,sitetracker_data,ST_FXP_PHASE_ELSE_SITE_DAILY_SNAP_SWAP_T,site_star_id_9,STRING
rpt-network-plng,sitetracker_data,ST_FXP_PHASE_ELSE_SITE_DAILY_SNAP_SWAP_T,site_star_id_10,STRING
rpt-network-plng,sitetracker_data,ST_FXP_PHASE_ELSE_SITE_DAILY_SNAP_SWAP_T,site_star_id_11,STRING
rpt-network-plng,sitetracker_data,ST_FXP_PHASE_ELSE_SITE_DAILY_SNAP_SWAP_T,site_star_id_12,STRING
rpt-network-plng,sitetracker_data,ST_FXP_PHASE_ELSE_SITE_DAILY_SNAP_SWAP_T,site_star_id_13,STRING
rpt-network-plng,sitetracker_data,ST_FXP_PHASE_ELSE_SITE_DAILY_SNAP_SWAP_T,site_star_id_14,STRING
rpt-network-plng,sitetracker_data,ST_FXP_PHASE_ELSE_SITE_DAILY_SNAP_SWAP_T,site_star_id_15,STRING
rpt-network-plng,sitetracker_data,ST_FXP_PHASE_ELSE_SITE_DAILY_SNAP_SWAP_T,site_star_id_16,STRING
rpt-network-plng,sitetracker_data,ST_FXP_PHASE_ELSE_SITE_DAILY_SNAP_SWAP_T,site_star_id_17,STRING
rpt-network-plng,sitetracker_data,ST_FXP_PHASE_ELSE_SITE_DAILY_SNAP_SWAP_T,site_star_id_18,STRING
rpt-network-plng,sitetracker_data,ST_FXP_PHASE_ELSE_SITE_DAILY_SNAP_SWAP_T,site_star_id_19,STRING
rpt-network-plng,sitetracker_data,ST_FXP_PHASE_ELSE_SITE_DAILY_SNAP_SWAP_T,site_star_id_20,STRING
rpt-network-plng,sitetracker_data,ST_FXP_PHASE_ELSE_SITE_DAILY_SNAP_SWAP_T,phase_star_id_1,STRING
rpt-network-plng,sitetracker_data,ST_FXP_PHASE_ELSE_SITE_DAILY_SNAP_SWAP_T,phase_star_id_2,STRING
rpt-network-plng,sitetracker_data,ST_FXP_PHASE_ELSE_SITE_DAILY_SNAP_SWAP_T,phase_star_id_3,STRING
rpt-network-plng,sitetracker_data,ST_FXP_PHASE_ELSE_SITE_DAILY_SNAP_SWAP_T,phase_star_id_4,STRING
rpt-network-plng,sitetracker_data,ST_FXP_PHASE_ELSE_SITE_DAILY_SNAP_SWAP_T,phase_star_id_5,STRING
rpt-network-plng,sitetracker_data,ST_FXP_PHASE_ELSE_SITE_DAILY_SNAP_SWAP_T,phase_star_id_6,STRING
rpt-network-plng,sitetracker_data,ST_FXP_PHASE_ELSE_SITE_DAILY_SNAP_SWAP_T,phase_star_id_7,STRING
rpt-network-plng,sitetracker_data,ST_FXP_PHASE_ELSE_SITE_DAILY_SNAP_SWAP_T,phase_star_id_8,STRING
rpt-network-plng,sitetracker_data,ST_FXP_PHASE_ELSE_SITE_DAILY_SNAP_SWAP_T,phase_star_id_9,STRING
rpt-network-plng,sitetracker_data,ST_FXP_PHASE_ELSE_SITE_DAILY_SNAP_SWAP_T,phase_star_id_10,STRING
rpt-network-plng,sitetracker_data,ST_FXP_PHASE_ELSE_SITE_DAILY_SNAP_SWAP_T,phase_star_id_11,STRING
rpt-network-plng,sitetracker_data,ST_FXP_PHASE_ELSE_SITE_DAILY_SNAP_SWAP_T,phase_star_id_12,STRING
rpt-network-plng,sitetracker_data,ST_FXP_PHASE_ELSE_SITE_DAILY_SNAP_SWAP_T,phase_star_id_13,STRING
rpt-network-plng,sitetracker_data,ST_FXP_PHASE_ELSE_SITE_DAILY_SNAP_SWAP_T,phase_star_id_14,STRING
rpt-network-plng,sitetracker_data,ST_FXP_PHASE_ELSE_SITE_DAILY_SNAP_SWAP_T,phase_star_id_15,STRING
rpt-network-plng,sitetracker_data,ST_FXP_PHASE_ELSE_SITE_DAILY_SNAP_SWAP_T,phase_star_id_16,STRING
rpt-network-plng,sitetracker_data,ST_FXP_PHASE_ELSE_SITE_DAILY_SNAP_SWAP_T,phase_star_id_17,STRING
rpt-network-plng,sitetracker_data,ST_FXP_PHASE_ELSE_SITE_DAILY_SNAP_SWAP_T,phase_star_id_18,STRING
rpt-network-plng,sitetracker_data,ST_FXP_PHASE_ELSE_SITE_DAILY_SNAP_SWAP_T,phase_star_id_19,STRING
rpt-network-plng,sitetracker_data,ST_FXP_PHASE_ELSE_SITE_DAILY_SNAP_SWAP_T,phase_star_id_20,STRING
rpt-network-plng,sitetracker_data,ST_FXP_PHASE_ELSE_SITE_DAILY_SNAP_SWAP_T,submit_capital_design_for_assessment_a,TIMESTAMP
rpt-network-plng,sitetracker_data,ST_FXP_PHASE_ELSE_SITE_DAILY_SNAP_SWAP_T,submit_capital_design_for_assessment_f,TIMESTAMP
rpt-network-plng,sitetracker_data,ST_FXP_PHASE_ELSE_SITE_DAILY_SNAP_SWAP_T,submits_proposal_to_developer_a,TIMESTAMP
rpt-network-plng,sitetracker_data,ST_FXP_PHASE_ELSE_SITE_DAILY_SNAP_SWAP_T,submits_proposal_to_developer_f,TIMESTAMP
rpt-network-plng,sitetracker_data,ST_FXP_PHASE_ELSE_SITE_DAILY_SNAP_SWAP_T,submitted_to_prod_a,TIMESTAMP
rpt-network-plng,sitetracker_data,ST_FXP_PHASE_ELSE_SITE_DAILY_SNAP_SWAP_T,submitted_to_prod_f,TIMESTAMP
rpt-network-plng,sitetracker_data,ST_FXP_PHASE_ELSE_SITE_DAILY_SNAP_SWAP_T,submitted_to_staging_a,TIMESTAMP
rpt-network-plng,sitetracker_data,ST_FXP_PHASE_ELSE_SITE_DAILY_SNAP_SWAP_T,submitted_to_staging_f,TIMESTAMP
rpt-network-plng,sitetracker_data,ST_FXP_PHASE_ELSE_SITE_DAILY_SNAP_SWAP_T,success_in_prod_a,TIMESTAMP
rpt-network-plng,sitetracker_data,ST_FXP_PHASE_ELSE_SITE_DAILY_SNAP_SWAP_T,success_in_prod_f,TIMESTAMP
rpt-network-plng,sitetracker_data,ST_FXP_PHASE_ELSE_SITE_DAILY_SNAP_SWAP_T,service_delivery,STRING
rpt-network-plng,sitetracker_data,ST_FXP_PHASE_ELSE_SITE_DAILY_SNAP_SWAP_T,tdm_required,STRING
rpt-network-plng,sitetracker_data,ST_FXP_PHASE_ELSE_SITE_DAILY_SNAP_SWAP_T,tech_resources_in_salesforce,STRING
rpt-network-plng,sitetracker_data,ST_FXP_PHASE_ELSE_SITE_DAILY_SNAP_SWAP_T,technically_complete_a,TIMESTAMP
rpt-network-plng,sitetracker_data,ST_FXP_PHASE_ELSE_SITE_DAILY_SNAP_SWAP_T,technically_complete_f,TIMESTAMP
rpt-network-plng,sitetracker_data,ST_FXP_PHASE_ELSE_SITE_DAILY_SNAP_SWAP_T,site_third_party_make_ready_estimate_complete,TIMESTAMP
rpt-network-plng,sitetracker_data,ST_FXP_PHASE_ELSE_SITE_DAILY_SNAP_SWAP_T,phase_third_party_make_ready_estimate_complete,TIMESTAMP
rpt-network-plng,sitetracker_data,ST_FXP_PHASE_ELSE_SITE_DAILY_SNAP_SWAP_T,tid,STRING
rpt-network-plng,sitetracker_data,ST_FXP_PHASE_ELSE_SITE_DAILY_SNAP_SWAP_T,tie_pair_name,STRING
rpt-network-plng,sitetracker_data,ST_FXP_PHASE_ELSE_SITE_DAILY_SNAP_SWAP_T,tirks_circuits_requested_a,TIMESTAMP
rpt-network-plng,sitetracker_data,ST_FXP_PHASE_ELSE_SITE_DAILY_SNAP_SWAP_T,tirks_circuits_requested_f,TIMESTAMP
rpt-network-plng,sitetracker_data,ST_FXP_PHASE_ELSE_SITE_DAILY_SNAP_SWAP_T,tirks_fiber_inventory_f1_submitted_a,TIMESTAMP
rpt-network-plng,sitetracker_data,ST_FXP_PHASE_ELSE_SITE_DAILY_SNAP_SWAP_T,tirks_fiber_inventory_f1_submitted_f,TIMESTAMP
rpt-network-plng,sitetracker_data,ST_FXP_PHASE_ELSE_SITE_DAILY_SNAP_SWAP_T,total_fiber_aerial_footage,NUMERIC
rpt-network-plng,sitetracker_data,ST_FXP_PHASE_ELSE_SITE_DAILY_SNAP_SWAP_T,total_fiber_buried_ug_footage,NUMERIC
rpt-network-plng,sitetracker_data,ST_FXP_PHASE_ELSE_SITE_DAILY_SNAP_SWAP_T,total_fiber_footage,NUMERIC
rpt-network-plng,sitetracker_data,ST_FXP_PHASE_ELSE_SITE_DAILY_SNAP_SWAP_T,total_fiber_plcg_footage_complete,NUMERIC
rpt-network-plng,sitetracker_data,ST_FXP_PHASE_ELSE_SITE_DAILY_SNAP_SWAP_T,total_fiber_plcg_percentage,NUMERIC
rpt-network-plng,sitetracker_data,ST_FXP_PHASE_ELSE_SITE_DAILY_SNAP_SWAP_T,total_fiber_spl_footage_complete,NUMERIC
rpt-network-plng,sitetracker_data,ST_FXP_PHASE_ELSE_SITE_DAILY_SNAP_SWAP_T,total_fiber_spl_percentage,NUMERIC
rpt-network-plng,sitetracker_data,ST_FXP_PHASE_ELSE_SITE_DAILY_SNAP_SWAP_T,total_make_ready_cost,NUMERIC
rpt-network-plng,sitetracker_data,ST_FXP_PHASE_ELSE_SITE_DAILY_SNAP_SWAP_T,total_number_of_poles,NUMERIC
rpt-network-plng,sitetracker_data,ST_FXP_PHASE_ELSE_SITE_DAILY_SNAP_SWAP_T,total_permit_fees,NUMERIC
rpt-network-plng,sitetracker_data,ST_FXP_PHASE_ELSE_SITE_DAILY_SNAP_SWAP_T,total_permits_submitted,NUMERIC
rpt-network-plng,sitetracker_data,ST_FXP_PHASE_ELSE_SITE_DAILY_SNAP_SWAP_T,total_poles_denied,NUMERIC
rpt-network-plng,sitetracker_data,ST_FXP_PHASE_ELSE_SITE_DAILY_SNAP_SWAP_T,trench_type,STRING
rpt-network-plng,sitetracker_data,ST_FXP_PHASE_ELSE_SITE_DAILY_SNAP_SWAP_T,turned_up_market_launch_a,TIMESTAMP
rpt-network-plng,sitetracker_data,ST_FXP_PHASE_ELSE_SITE_DAILY_SNAP_SWAP_T,turned_up_market_launch_f,TIMESTAMP
rpt-network-plng,sitetracker_data,ST_FXP_PHASE_ELSE_SITE_DAILY_SNAP_SWAP_T,upload_asbuilts_a,TIMESTAMP
rpt-network-plng,sitetracker_data,ST_FXP_PHASE_ELSE_SITE_DAILY_SNAP_SWAP_T,upload_asbuilts_f,TIMESTAMP
rpt-network-plng,sitetracker_data,ST_FXP_PHASE_ELSE_SITE_DAILY_SNAP_SWAP_T,validate_qual_type_in_the_qf_portal_a,TIMESTAMP
rpt-network-plng,sitetracker_data,ST_FXP_PHASE_ELSE_SITE_DAILY_SNAP_SWAP_T,validate_qual_type_in_the_qf_portal_f,TIMESTAMP
rpt-network-plng,sitetracker_data,ST_FXP_PHASE_ELSE_SITE_DAILY_SNAP_SWAP_T,vendor_assignment_a,TIMESTAMP
rpt-network-plng,sitetracker_data,ST_FXP_PHASE_ELSE_SITE_DAILY_SNAP_SWAP_T,vendor_assignment_f,TIMESTAMP
rpt-network-plng,sitetracker_data,ST_FXP_PHASE_ELSE_SITE_DAILY_SNAP_SWAP_T,vendor_commitment_confirmed_a,TIMESTAMP
rpt-network-plng,sitetracker_data,ST_FXP_PHASE_ELSE_SITE_DAILY_SNAP_SWAP_T,vendor_commitment_confirmed_f,TIMESTAMP
rpt-network-plng,sitetracker_data,ST_FXP_PHASE_ELSE_SITE_DAILY_SNAP_SWAP_T,site_vendor_contract_assignment,STRING
rpt-network-plng,sitetracker_data,ST_FXP_PHASE_ELSE_SITE_DAILY_SNAP_SWAP_T,phase_vendor_contract_assignment,STRING
rpt-network-plng,sitetracker_data,ST_FXP_PHASE_ELSE_SITE_DAILY_SNAP_SWAP_T,vendor_materials_ordered_a,TIMESTAMP
rpt-network-plng,sitetracker_data,ST_FXP_PHASE_ELSE_SITE_DAILY_SNAP_SWAP_T,vendor_materials_ordered_f,TIMESTAMP
rpt-network-plng,sitetracker_data,ST_FXP_PHASE_ELSE_SITE_DAILY_SNAP_SWAP_T,vendor_materials_received_a,TIMESTAMP
rpt-network-plng,sitetracker_data,ST_FXP_PHASE_ELSE_SITE_DAILY_SNAP_SWAP_T,vendor_materials_received_f,TIMESTAMP
rpt-network-plng,sitetracker_data,ST_FXP_PHASE_ELSE_SITE_DAILY_SNAP_SWAP_T,verb_code_and_description,STRING
rpt-network-plng,sitetracker_data,ST_FXP_PHASE_ELSE_SITE_DAILY_SNAP_SWAP_T,verify_actuals_a,TIMESTAMP
rpt-network-plng,sitetracker_data,ST_FXP_PHASE_ELSE_SITE_DAILY_SNAP_SWAP_T,verify_actuals_f,TIMESTAMP
rpt-network-plng,sitetracker_data,ST_FXP_PHASE_ELSE_SITE_DAILY_SNAP_SWAP_T,what_job_placed_olt,STRING
rpt-network-plng,sitetracker_data,ST_FXP_PHASE_ELSE_SITE_DAILY_SNAP_SWAP_T,site_why,STRING
rpt-network-plng,sitetracker_data,ST_FXP_PHASE_ELSE_SITE_DAILY_SNAP_SWAP_T,phase_why,STRING
rpt-network-plng,sitetracker_data,ST_FXP_PHASE_ELSE_SITE_DAILY_SNAP_SWAP_T,site_why_now,STRING
rpt-network-plng,sitetracker_data,ST_FXP_PHASE_ELSE_SITE_DAILY_SNAP_SWAP_T,phase_why_now,STRING
rpt-network-plng,sitetracker_data,ST_FXP_PHASE_ELSE_SITE_DAILY_SNAP_SWAP_T,won_1st_home,STRING
rpt-network-plng,sitetracker_data,ST_FXP_PHASE_ELSE_SITE_DAILY_SNAP_SWAP_T,site_work_type,STRING
rpt-network-plng,sitetracker_data,ST_FXP_PHASE_ELSE_SITE_DAILY_SNAP_SWAP_T,phase_work_type,STRING
rpt-network-plng,sitetracker_data,ST_FXP_PHASE_ELSE_SITE_DAILY_SNAP_SWAP_T,wrecking_restoral_a,TIMESTAMP
rpt-network-plng,sitetracker_data,ST_FXP_PHASE_ELSE_SITE_DAILY_SNAP_SWAP_T,wrecking_restoral_f,TIMESTAMP
rpt-network-plng,sitetracker_data,ST_FXP_PHASE_ELSE_SITE_DAILY_SNAP_SWAP_T,x3rd_party_aerial_make_ready_completed_a,TIMESTAMP
rpt-network-plng,sitetracker_data,ST_FXP_PHASE_ELSE_SITE_DAILY_SNAP_SWAP_T,x3rd_party_aerial_make_ready_completed_f,TIMESTAMP
rpt-network-plng,sitetracker_data,ST_FXP_PHASE_ELSE_SITE_DAILY_SNAP_SWAP_T,st_project_url,STRING
rpt-network-plng,sitetracker_data,ST_FXP_PHASE_ELSE_SITE_DAILY_SNAP_SWAP_T,fw_project_url,STRING
rpt-network-plng,sitetracker_data,ST_FXP_PHASE_ELSE_SITE_DAILY_SNAP_SWAP_T,site_st_project_id,STRING
rpt-network-plng,sitetracker_data,ST_FXP_PHASE_ELSE_SITE_DAILY_SNAP_SWAP_T,site_project_type,STRING
rpt-network-plng,sitetracker_data,ST_FXP_PHASE_ELSE_SITE_DAILY_SNAP_SWAP_T,site_st_project_url,STRING
rpt-network-plng,sitetracker_data,ST_FXP_PHASE_ELSE_SITE_DAILY_SNAP_SWAP_T,site_fw_proj_url,STRING
rpt-network-plng,sitetracker_data,ST_FXP_PHASE_ELSE_SITE_DAILY_SNAP_SWAP_T,phase_projects,STRING
rpt-network-plng,sitetracker_data,ST_FXP_PHASE_ELSE_SITE_DAILY_SNAP_SWAP_T,related_projects,STRING
rpt-network-plng,sitetracker_data,ST_FXP_PHASE_ELSE_SITE_DAILY_SNAP_SWAP_T,st_site_phase,STRING
rpt-network-plng,sitetracker_data,ST_FXP_PHASE_ELSE_SITE_DAILY_SNAP_SWAP_T,meta_load_dttm,DATE
rpt-network-plng,sitetracker_data,ST_FXP_PHASE_ELSE_SITE_DAILY_SNAP_SWAP_T,META_SRC_LOAD_DTTM,DATE
rpt-network-plng,sitetracker_data,LDR_ST_ALL_PROJECTS_V,st_project_id,STRING
rpt-network-plng,sitetracker_data,LDR_ST_ALL_PROJECTS_V,project_name,STRING
rpt-network-plng,sitetracker_data,LDR_ST_ALL_PROJECTS_V,project_description,STRING
rpt-network-plng,sitetracker_data,LDR_ST_ALL_PROJECTS_V,project_type,STRING
rpt-network-plng,sitetracker_data,LDR_ST_ALL_PROJECTS_V,project_stage,STRING
rpt-network-plng,sitetracker_data,LDR_ST_ALL_PROJECTS_V,planning_stage,STRING
rpt-network-plng,sitetracker_data,LDR_ST_ALL_PROJECTS_V,engineering_stage,STRING
rpt-network-plng,sitetracker_data,LDR_ST_ALL_PROJECTS_V,build_category,STRING
rpt-network-plng,sitetracker_data,LDR_ST_ALL_PROJECTS_V,project_status,STRING
rpt-network-plng,sitetracker_data,LDR_ST_ALL_PROJECTS_V,project_status_override,NUMERIC
rpt-network-plng,sitetracker_data,LDR_ST_ALL_PROJECTS_V,project_status_override_reason,STRING
rpt-network-plng,sitetracker_data,LDR_ST_ALL_PROJECTS_V,project_comments,STRING
rpt-network-plng,sitetracker_data,LDR_ST_ALL_PROJECTS_V,project_comments_history,STRING
rpt-network-plng,sitetracker_data,LDR_ST_ALL_PROJECTS_V,project_comments_history_long,STRING
rpt-network-plng,sitetracker_data,LDR_ST_ALL_PROJECTS_V,project_comments_long_text,STRING
rpt-network-plng,sitetracker_data,LDR_ST_ALL_PROJECTS_V,project_note,STRING
rpt-network-plng,sitetracker_data,LDR_ST_ALL_PROJECTS_V,project_scope,STRING
rpt-network-plng,sitetracker_data,LDR_ST_ALL_PROJECTS_V,area_vp,STRING
rpt-network-plng,sitetracker_data,LDR_ST_ALL_PROJECTS_V,area_director,STRING
rpt-network-plng,sitetracker_data,LDR_ST_ALL_PROJECTS_V,area_manager,STRING
rpt-network-plng,sitetracker_data,LDR_ST_ALL_PROJECTS_V,region,STRING
rpt-network-plng,sitetracker_data,LDR_ST_ALL_PROJECTS_V,state,STRING
rpt-network-plng,sitetracker_data,LDR_ST_ALL_PROJECTS_V,city,STRING
rpt-network-plng,sitetracker_data,LDR_ST_ALL_PROJECTS_V,county,STRING
rpt-network-plng,sitetracker_data,LDR_ST_ALL_PROJECTS_V,exchange,STRING
rpt-network-plng,sitetracker_data,LDR_ST_ALL_PROJECTS_V,exchange_name,STRING
rpt-network-plng,sitetracker_data,LDR_ST_ALL_PROJECTS_V,company_code,STRING
rpt-network-plng,sitetracker_data,LDR_ST_ALL_PROJECTS_V,company_name,STRING
rpt-network-plng,sitetracker_data,LDR_ST_ALL_PROJECTS_V,market,STRING
rpt-network-plng,sitetracker_data,LDR_ST_ALL_PROJECTS_V,market_cluster,STRING
rpt-network-plng,sitetracker_data,LDR_ST_ALL_PROJECTS_V,wire_center,STRING
rpt-network-plng,sitetracker_data,LDR_ST_ALL_PROJECTS_V,wire_center_name,STRING
rpt-network-plng,sitetracker_data,LDR_ST_ALL_PROJECTS_V,primary_wire_center_id,STRING
rpt-network-plng,sitetracker_data,LDR_ST_ALL_PROJECTS_V,primary_wire_center_name,STRING
rpt-network-plng,sitetracker_data,LDR_ST_ALL_PROJECTS_V,legacy_company,STRING
rpt-network-plng,sitetracker_data,LDR_ST_ALL_PROJECTS_V,legacy_company_names,STRING
rpt-network-plng,sitetracker_data,LDR_ST_ALL_PROJECTS_V,business_case,STRING
rpt-network-plng,sitetracker_data,LDR_ST_ALL_PROJECTS_V,dev_type,STRING
rpt-network-plng,sitetracker_data,LDR_ST_ALL_PROJECTS_V,service_delivery,STRING
rpt-network-plng,sitetracker_data,LDR_ST_ALL_PROJECTS_V,field_type,STRING
rpt-network-plng,sitetracker_data,LDR_ST_ALL_PROJECTS_V,build_or_no_build,STRING
rpt-network-plng,sitetracker_data,LDR_ST_ALL_PROJECTS_V,fw_project_id,STRING
rpt-network-plng,sitetracker_data,LDR_ST_ALL_PROJECTS_V,fw_project_url,STRING
rpt-network-plng,sitetracker_data,LDR_ST_ALL_PROJECTS_V,category,STRING
rpt-network-plng,sitetracker_data,LDR_ST_ALL_PROJECTS_V,investment_reason,STRING
rpt-network-plng,sitetracker_data,LDR_ST_ALL_PROJECTS_V,verb_code_and_description,STRING
rpt-network-plng,sitetracker_data,LDR_ST_ALL_PROJECTS_V,program,STRING
rpt-network-plng,sitetracker_data,LDR_ST_ALL_PROJECTS_V,program_name,STRING
rpt-network-plng,sitetracker_data,LDR_ST_ALL_PROJECTS_V,st_program_name,STRING
rpt-network-plng,sitetracker_data,LDR_ST_ALL_PROJECTS_V,st_program_number,STRING
rpt-network-plng,sitetracker_data,LDR_ST_ALL_PROJECTS_V,simple_code,STRING
rpt-network-plng,sitetracker_data,LDR_ST_ALL_PROJECTS_V,owner_name,STRING
rpt-network-plng,sitetracker_data,LDR_ST_ALL_PROJECTS_V,owner_cuid,STRING
rpt-network-plng,sitetracker_data,LDR_ST_ALL_PROJECTS_V,created_date,TIMESTAMP
rpt-network-plng,sitetracker_data,LDR_ST_ALL_PROJECTS_V,created_by_name,STRING
rpt-network-plng,sitetracker_data,LDR_ST_ALL_PROJECTS_V,created_by_cuid,STRING
rpt-network-plng,sitetracker_data,LDR_ST_ALL_PROJECTS_V,last_modified_date,TIMESTAMP
rpt-network-plng,sitetracker_data,LDR_ST_ALL_PROJECTS_V,last_modified_by_name,STRING
rpt-network-plng,sitetracker_data,LDR_ST_ALL_PROJECTS_V,last_modified_by_cuid,STRING
rpt-network-plng,sitetracker_data,LDR_ST_ALL_PROJECTS_V,responsible_person_name,STRING
rpt-network-plng,sitetracker_data,LDR_ST_ALL_PROJECTS_V,responsible_person_cuid,STRING
rpt-network-plng,sitetracker_data,LDR_ST_ALL_PROJECTS_V,engineer_name,STRING
rpt-network-plng,sitetracker_data,LDR_ST_ALL_PROJECTS_V,engineer_cuid,STRING
rpt-network-plng,sitetracker_data,LDR_ST_ALL_PROJECTS_V,osp_natl_engr_name,STRING
rpt-network-plng,sitetracker_data,LDR_ST_ALL_PROJECTS_V,osp_natl_engr_cuid,STRING
rpt-network-plng,sitetracker_data,LDR_ST_ALL_PROJECTS_V,osp_engineer_name,STRING
rpt-network-plng,sitetracker_data,LDR_ST_ALL_PROJECTS_V,osp_engineer_cuid,STRING
rpt-network-plng,sitetracker_data,LDR_ST_ALL_PROJECTS_V,osp_eng_local_name,STRING
rpt-network-plng,sitetracker_data,LDR_ST_ALL_PROJECTS_V,osp_eng_local_cuid,STRING
rpt-network-plng,sitetracker_data,LDR_ST_ALL_PROJECTS_V,osp_manager_name,STRING
rpt-network-plng,sitetracker_data,LDR_ST_ALL_PROJECTS_V,osp_manager_cuid,STRING
rpt-network-plng,sitetracker_data,LDR_ST_ALL_PROJECTS_V,osp_eng_director_name,STRING
rpt-network-plng,sitetracker_data,LDR_ST_ALL_PROJECTS_V,osp_eng_director_cuid,STRING
rpt-network-plng,sitetracker_data,LDR_ST_ALL_PROJECTS_V,vendor_pm_name,STRING
rpt-network-plng,sitetracker_data,LDR_ST_ALL_PROJECTS_V,vendor_pm_cuid,STRING
rpt-network-plng,sitetracker_data,LDR_ST_ALL_PROJECTS_V,engineering_vendor_name,STRING
rpt-network-plng,sitetracker_data,LDR_ST_ALL_PROJECTS_V,engineering_vendor_cuid,STRING
rpt-network-plng,sitetracker_data,LDR_ST_ALL_PROJECTS_V,st_advanced_reporting_name,STRING
rpt-network-plng,sitetracker_data,LDR_ST_ALL_PROJECTS_V,st_advanced_reporting_cuid,STRING
rpt-network-plng,sitetracker_data,LDR_ST_ALL_PROJECTS_V,original_ecd_ncd,TIMESTAMP
rpt-network-plng,sitetracker_data,LDR_ST_ALL_PROJECTS_V,ecd,TIMESTAMP
rpt-network-plng,sitetracker_data,LDR_ST_ALL_PROJECTS_V,modified_ecd,TIMESTAMP
rpt-network-plng,sitetracker_data,LDR_ST_ALL_PROJECTS_V,ecdmcd_later_than_expected,NUMERIC
rpt-network-plng,sitetracker_data,LDR_ST_ALL_PROJECTS_V,actual_launch,TIMESTAMP
rpt-network-plng,sitetracker_data,LDR_ST_ALL_PROJECTS_V,forecast_launch,STRING
rpt-network-plng,sitetracker_data,LDR_ST_ALL_PROJECTS_V,latitude,STRING
rpt-network-plng,sitetracker_data,LDR_ST_ALL_PROJECTS_V,longitude,STRING
rpt-network-plng,sitetracker_data,LDR_ST_ALL_PROJECTS_V,abandon_facility_in_place,STRING
rpt-network-plng,sitetracker_data,LDR_ST_ALL_PROJECTS_V,abandon_facility_in_place_comments,STRING
rpt-network-plng,sitetracker_data,LDR_ST_ALL_PROJECTS_V,abandon_facility_in_place_comments_n,STRING
rpt-network-plng,sitetracker_data,LDR_ST_ALL_PROJECTS_V,abandon_facility_in_place_n,STRING
rpt-network-plng,sitetracker_data,LDR_ST_ALL_PROJECTS_V,abandon_or_remove,STRING
rpt-network-plng,sitetracker_data,LDR_ST_ALL_PROJECTS_V,abandon_service_due_to_long_payback,STRING
rpt-network-plng,sitetracker_data,LDR_ST_ALL_PROJECTS_V,abandon_service_due_to_long_payback_n,STRING
rpt-network-plng,sitetracker_data,LDR_ST_ALL_PROJECTS_V,account_manager_cet_submittal_to_pom_a,TIMESTAMP
rpt-network-plng,sitetracker_data,LDR_ST_ALL_PROJECTS_V,account_manager_cet_submittal_to_pom_f,TIMESTAMP
rpt-network-plng,sitetracker_data,LDR_ST_ALL_PROJECTS_V,account_manager_submits_cet_a,TIMESTAMP
rpt-network-plng,sitetracker_data,LDR_ST_ALL_PROJECTS_V,account_manager_submits_cet_f,TIMESTAMP
rpt-network-plng,sitetracker_data,LDR_ST_ALL_PROJECTS_V,add_polygon_id_in_maps_tile_a,TIMESTAMP
rpt-network-plng,sitetracker_data,LDR_ST_ALL_PROJECTS_V,add_polygon_id_in_maps_tile_f,TIMESTAMP
rpt-network-plng,sitetracker_data,LDR_ST_ALL_PROJECTS_V,address,STRING
rpt-network-plng,sitetracker_data,LDR_ST_ALL_PROJECTS_V,address_qualification,STRING
rpt-network-plng,sitetracker_data,LDR_ST_ALL_PROJECTS_V,aerial_attachment_required,STRING
rpt-network-plng,sitetracker_data,LDR_ST_ALL_PROJECTS_V,agency_contact,STRING
rpt-network-plng,sitetracker_data,LDR_ST_ALL_PROJECTS_V,agency_email,STRING
rpt-network-plng,sitetracker_data,LDR_ST_ALL_PROJECTS_V,agency_name,STRING
rpt-network-plng,sitetracker_data,LDR_ST_ALL_PROJECTS_V,agency_phone,STRING
rpt-network-plng,sitetracker_data,LDR_ST_ALL_PROJECTS_V,agreement_signed_pre_pay_a,TIMESTAMP
rpt-network-plng,sitetracker_data,LDR_ST_ALL_PROJECTS_V,agreement_signed_pre_pay_f,TIMESTAMP
rpt-network-plng,sitetracker_data,LDR_ST_ALL_PROJECTS_V,aid_to_construction_required,STRING
rpt-network-plng,sitetracker_data,LDR_ST_ALL_PROJECTS_V,any_other_program_impact,STRING
rpt-network-plng,sitetracker_data,LDR_ST_ALL_PROJECTS_V,apo_audit_a,TIMESTAMP
rpt-network-plng,sitetracker_data,LDR_ST_ALL_PROJECTS_V,apo_audit_f,TIMESTAMP
rpt-network-plng,sitetracker_data,LDR_ST_ALL_PROJECTS_V,approval,STRING
rpt-network-plng,sitetracker_data,LDR_ST_ALL_PROJECTS_V,approx_construction_footage,STRING
rpt-network-plng,sitetracker_data,LDR_ST_ALL_PROJECTS_V,as_built_team_name,STRING
rpt-network-plng,sitetracker_data,LDR_ST_ALL_PROJECTS_V,as_built_team_cuid,STRING
rpt-network-plng,sitetracker_data,LDR_ST_ALL_PROJECTS_V,atc_accepted_a,TIMESTAMP
rpt-network-plng,sitetracker_data,LDR_ST_ALL_PROJECTS_V,atc_accepted_f,TIMESTAMP
rpt-network-plng,sitetracker_data,LDR_ST_ALL_PROJECTS_V,atc_cost_sent_to_developer_a,TIMESTAMP
rpt-network-plng,sitetracker_data,LDR_ST_ALL_PROJECTS_V,atc_cost_sent_to_developer_f,TIMESTAMP
rpt-network-plng,sitetracker_data,LDR_ST_ALL_PROJECTS_V,available_funding,NUMERIC
rpt-network-plng,sitetracker_data,LDR_ST_ALL_PROJECTS_V,award_bid_a,TIMESTAMP
rpt-network-plng,sitetracker_data,LDR_ST_ALL_PROJECTS_V,award_bid_f,TIMESTAMP
rpt-network-plng,sitetracker_data,LDR_ST_ALL_PROJECTS_V,ba_intake_notes,STRING
rpt-network-plng,sitetracker_data,LDR_ST_ALL_PROJECTS_V,ba_intake_status,STRING
rpt-network-plng,sitetracker_data,LDR_ST_ALL_PROJECTS_V,baa_bea_received_a,TIMESTAMP
rpt-network-plng,sitetracker_data,LDR_ST_ALL_PROJECTS_V,baa_bea_received_f,TIMESTAMP
rpt-network-plng,sitetracker_data,LDR_ST_ALL_PROJECTS_V,baa_bea_triggered_a,TIMESTAMP
rpt-network-plng,sitetracker_data,LDR_ST_ALL_PROJECTS_V,baa_bea_triggered_f,TIMESTAMP
rpt-network-plng,sitetracker_data,LDR_ST_ALL_PROJECTS_V,bid_acceptance_a,TIMESTAMP
rpt-network-plng,sitetracker_data,LDR_ST_ALL_PROJECTS_V,bid_acceptance_f,TIMESTAMP
rpt-network-plng,sitetracker_data,LDR_ST_ALL_PROJECTS_V,bid_creation_a,TIMESTAMP
rpt-network-plng,sitetracker_data,LDR_ST_ALL_PROJECTS_V,bid_creation_f,TIMESTAMP
rpt-network-plng,sitetracker_data,LDR_ST_ALL_PROJECTS_V,bid_posting_a,TIMESTAMP
rpt-network-plng,sitetracker_data,LDR_ST_ALL_PROJECTS_V,bid_posting_f,TIMESTAMP
rpt-network-plng,sitetracker_data,LDR_ST_ALL_PROJECTS_V,bid_vs_lec_vendor_assignment,STRING
rpt-network-plng,sitetracker_data,LDR_ST_ALL_PROJECTS_V,budget_name,STRING
rpt-network-plng,sitetracker_data,LDR_ST_ALL_PROJECTS_V,budget_active,NUMERIC
rpt-network-plng,sitetracker_data,LDR_ST_ALL_PROJECTS_V,budget_amount,NUMERIC
rpt-network-plng,sitetracker_data,LDR_ST_ALL_PROJECTS_V,budget_consumption,NUMERIC
rpt-network-plng,sitetracker_data,LDR_ST_ALL_PROJECTS_V,build_circuits_a,TIMESTAMP
rpt-network-plng,sitetracker_data,LDR_ST_ALL_PROJECTS_V,build_circuits_f,TIMESTAMP
rpt-network-plng,sitetracker_data,LDR_ST_ALL_PROJECTS_V,build_impact_business_or_res,STRING
rpt-network-plng,sitetracker_data,LDR_ST_ALL_PROJECTS_V,build_type_change_reason,STRING
rpt-network-plng,sitetracker_data,LDR_ST_ALL_PROJECTS_V,builder_email,STRING
rpt-network-plng,sitetracker_data,LDR_ST_ALL_PROJECTS_V,builder_name_site_name,STRING
rpt-network-plng,sitetracker_data,LDR_ST_ALL_PROJECTS_V,builder_phone,STRING
rpt-network-plng,sitetracker_data,LDR_ST_ALL_PROJECTS_V,builder_site_contact_info,STRING
rpt-network-plng,sitetracker_data,LDR_ST_ALL_PROJECTS_V,buried_aerial_conduit,STRING
rpt-network-plng,sitetracker_data,LDR_ST_ALL_PROJECTS_V,business_operations_name,STRING
rpt-network-plng,sitetracker_data,LDR_ST_ALL_PROJECTS_V,business_operations_cuid,STRING
rpt-network-plng,sitetracker_data,LDR_ST_ALL_PROJECTS_V,cable_type,STRING
rpt-network-plng,sitetracker_data,LDR_ST_ALL_PROJECTS_V,can_cables_sized_be_reduced,STRING
rpt-network-plng,sitetracker_data,LDR_ST_ALL_PROJECTS_V,cancelled_reason,STRING
rpt-network-plng,sitetracker_data,LDR_ST_ALL_PROJECTS_V,cap_id_amount,NUMERIC
rpt-network-plng,sitetracker_data,LDR_ST_ALL_PROJECTS_V,cap_id_available_funding,NUMERIC
rpt-network-plng,sitetracker_data,LDR_ST_ALL_PROJECTS_V,cap_id_available_funding_is_negative,NUMERIC
rpt-network-plng,sitetracker_data,LDR_ST_ALL_PROJECTS_V,cap_request_matches_qtr_cap_impact,STRING
rpt-network-plng,sitetracker_data,LDR_ST_ALL_PROJECTS_V,cap_requirement_after_reimbursement_n,NUMERIC
rpt-network-plng,sitetracker_data,LDR_ST_ALL_PROJECTS_V,capital_approval_code,STRING
rpt-network-plng,sitetracker_data,LDR_ST_ALL_PROJECTS_V,capital_approval_code_external,STRING
rpt-network-plng,sitetracker_data,LDR_ST_ALL_PROJECTS_V,capital_requirement_after_reimbursement,NUMERIC
rpt-network-plng,sitetracker_data,LDR_ST_ALL_PROJECTS_V,capital_requirement_n,NUMERIC
rpt-network-plng,sitetracker_data,LDR_ST_ALL_PROJECTS_V,ccid,STRING
rpt-network-plng,sitetracker_data,LDR_ST_ALL_PROJECTS_V,cet_opportunity_id,STRING
rpt-network-plng,sitetracker_data,LDR_ST_ALL_PROJECTS_V,change_request_number,STRING
rpt-network-plng,sitetracker_data,LDR_ST_ALL_PROJECTS_V,change_request_number_issued_a,TIMESTAMP
rpt-network-plng,sitetracker_data,LDR_ST_ALL_PROJECTS_V,change_request_number_issued_f,TIMESTAMP
rpt-network-plng,sitetracker_data,LDR_ST_ALL_PROJECTS_V,circuit_design_comp_dsc_asp_large_a,TIMESTAMP
rpt-network-plng,sitetracker_data,LDR_ST_ALL_PROJECTS_V,circuit_design_comp_dsc_asp_large_f,TIMESTAMP
rpt-network-plng,sitetracker_data,LDR_ST_ALL_PROJECTS_V,circuit_design_comp_dsc_asp_simple_a,TIMESTAMP
rpt-network-plng,sitetracker_data,LDR_ST_ALL_PROJECTS_V,circuit_design_comp_dsc_asp_small_a,TIMESTAMP
rpt-network-plng,sitetracker_data,LDR_ST_ALL_PROJECTS_V,circuit_design_comp_dsc_asp_special_a,TIMESTAMP
rpt-network-plng,sitetracker_data,LDR_ST_ALL_PROJECTS_V,circuit_design_comp_dsc_asp_simple_f,TIMESTAMP
rpt-network-plng,sitetracker_data,LDR_ST_ALL_PROJECTS_V,circuit_design_comp_dsc_asp_small_f,TIMESTAMP
rpt-network-plng,sitetracker_data,LDR_ST_ALL_PROJECTS_V,circuit_design_comp_dsc_asp_special_f,TIMESTAMP
rpt-network-plng,sitetracker_data,LDR_ST_ALL_PROJECTS_V,close_financial_tool_a,TIMESTAMP
rpt-network-plng,sitetracker_data,LDR_ST_ALL_PROJECTS_V,close_financial_tool_f,TIMESTAMP
rpt-network-plng,sitetracker_data,LDR_ST_ALL_PROJECTS_V,close_project_a,TIMESTAMP
rpt-network-plng,sitetracker_data,LDR_ST_ALL_PROJECTS_V,close_project_f,TIMESTAMP
rpt-network-plng,sitetracker_data,LDR_ST_ALL_PROJECTS_V,cms_review_e7_2_shelves_only_a,TIMESTAMP
rpt-network-plng,sitetracker_data,LDR_ST_ALL_PROJECTS_V,cms_review_e7_2_shelves_only_f,TIMESTAMP
rpt-network-plng,sitetracker_data,LDR_ST_ALL_PROJECTS_V,cnu_process_triggered_a,TIMESTAMP
rpt-network-plng,sitetracker_data,LDR_ST_ALL_PROJECTS_V,cnu_process_triggered_f,TIMESTAMP
rpt-network-plng,sitetracker_data,LDR_ST_ALL_PROJECTS_V,cnu_received_a,TIMESTAMP
rpt-network-plng,sitetracker_data,LDR_ST_ALL_PROJECTS_V,cnu_received_f,TIMESTAMP
rpt-network-plng,sitetracker_data,LDR_ST_ALL_PROJECTS_V,co_address,STRING
rpt-network-plng,sitetracker_data,LDR_ST_ALL_PROJECTS_V,co_clli,STRING
rpt-network-plng,sitetracker_data,LDR_ST_ALL_PROJECTS_V,co_equip_clli,STRING
rpt-network-plng,sitetracker_data,LDR_ST_ALL_PROJECTS_V,comm_ph,STRING
rpt-network-plng,sitetracker_data,LDR_ST_ALL_PROJECTS_V,community,STRING
rpt-network-plng,sitetracker_data,LDR_ST_ALL_PROJECTS_V,community_name,STRING
rpt-network-plng,sitetracker_data,LDR_ST_ALL_PROJECTS_V,community_or_serving_area_name,STRING
rpt-network-plng,sitetracker_data,LDR_ST_ALL_PROJECTS_V,complete_audit_and_invoice_a,TIMESTAMP
rpt-network-plng,sitetracker_data,LDR_ST_ALL_PROJECTS_V,complete_audit_and_invoice_f,TIMESTAMP
rpt-network-plng,sitetracker_data,LDR_ST_ALL_PROJECTS_V,competitor,STRING
rpt-network-plng,sitetracker_data,LDR_ST_ALL_PROJECTS_V,complete_cycle,NUMERIC
rpt-network-plng,sitetracker_data,LDR_ST_ALL_PROJECTS_V,complete_late,STRING
rpt-network-plng,sitetracker_data,LDR_ST_ALL_PROJECTS_V,complete_sla,NUMERIC
rpt-network-plng,sitetracker_data,LDR_ST_ALL_PROJECTS_V,complete_splicing_cutover_a,TIMESTAMP
rpt-network-plng,sitetracker_data,LDR_ST_ALL_PROJECTS_V,complete_splicing_cutover_f,TIMESTAMP
rpt-network-plng,sitetracker_data,LDR_ST_ALL_PROJECTS_V,conduit_configuration,STRING
rpt-network-plng,sitetracker_data,LDR_ST_ALL_PROJECTS_V,conflict_mitigation_a,TIMESTAMP
rpt-network-plng,sitetracker_data,LDR_ST_ALL_PROJECTS_V,conflict_mitigation_f,TIMESTAMP
rpt-network-plng,sitetracker_data,LDR_ST_ALL_PROJECTS_V,construction_complete,TIMESTAMP
rpt-network-plng,sitetracker_data,LDR_ST_ALL_PROJECTS_V,construction_complete_a,TIMESTAMP
rpt-network-plng,sitetracker_data,LDR_ST_ALL_PROJECTS_V,construction_complete_f,TIMESTAMP
rpt-network-plng,sitetracker_data,LDR_ST_ALL_PROJECTS_V,construction_complete_large_a,TIMESTAMP
rpt-network-plng,sitetracker_data,LDR_ST_ALL_PROJECTS_V,construction_complete_large_f,TIMESTAMP
rpt-network-plng,sitetracker_data,LDR_ST_ALL_PROJECTS_V,construction_complete_small_a,TIMESTAMP
rpt-network-plng,sitetracker_data,LDR_ST_ALL_PROJECTS_V,construction_complete_small_f,TIMESTAMP
rpt-network-plng,sitetracker_data,LDR_ST_ALL_PROJECTS_V,construction_complete_special_f,TIMESTAMP
rpt-network-plng,sitetracker_data,LDR_ST_ALL_PROJECTS_V,construction_complete_special_a,TIMESTAMP
rpt-network-plng,sitetracker_data,LDR_ST_ALL_PROJECTS_V,construction_coordinator_name,STRING
rpt-network-plng,sitetracker_data,LDR_ST_ALL_PROJECTS_V,construction_coordinator_cuid,STRING
rpt-network-plng,sitetracker_data,LDR_ST_ALL_PROJECTS_V,construction_coord_splicing_supervisor,NUMERIC
rpt-network-plng,sitetracker_data,LDR_ST_ALL_PROJECTS_V,construction_start_date,TIMESTAMP
rpt-network-plng,sitetracker_data,LDR_ST_ALL_PROJECTS_V,contract_admin_name,STRING
rpt-network-plng,sitetracker_data,LDR_ST_ALL_PROJECTS_V,contract_admin_cuid,STRING
rpt-network-plng,sitetracker_data,LDR_ST_ALL_PROJECTS_V,contract_agreement_status,STRING
rpt-network-plng,sitetracker_data,LDR_ST_ALL_PROJECTS_V,convert_to_template,STRING
rpt-network-plng,sitetracker_data,LDR_ST_ALL_PROJECTS_V,copper_special_ckts_amount,NUMERIC
rpt-network-plng,sitetracker_data,LDR_ST_ALL_PROJECTS_V,core_transport_fibers,NUMERIC
rpt-network-plng,sitetracker_data,LDR_ST_ALL_PROJECTS_V,core_transport_fibers_amount,NUMERIC
rpt-network-plng,sitetracker_data,LDR_ST_ALL_PROJECTS_V,cost_estimate_a,TIMESTAMP
rpt-network-plng,sitetracker_data,LDR_ST_ALL_PROJECTS_V,cost_estimate_f,TIMESTAMP
rpt-network-plng,sitetracker_data,LDR_ST_ALL_PROJECTS_V,costing_approval_uploaded,NUMERIC
rpt-network-plng,sitetracker_data,LDR_ST_ALL_PROJECTS_V,create_new_qf_project_a,TIMESTAMP
rpt-network-plng,sitetracker_data,LDR_ST_ALL_PROJECTS_V,create_new_qf_project_f,TIMESTAMP
rpt-network-plng,sitetracker_data,LDR_ST_ALL_PROJECTS_V,create_polygon_a,TIMESTAMP
rpt-network-plng,sitetracker_data,LDR_ST_ALL_PROJECTS_V,create_polygon_f,TIMESTAMP
rpt-network-plng,sitetracker_data,LDR_ST_ALL_PROJECTS_V,create_project_a,TIMESTAMP
rpt-network-plng,sitetracker_data,LDR_ST_ALL_PROJECTS_V,create_project_f,TIMESTAMP
rpt-network-plng,sitetracker_data,LDR_ST_ALL_PROJECTS_V,created_from_screen_flow,NUMERIC
rpt-network-plng,sitetracker_data,LDR_ST_ALL_PROJECTS_V,creates_opportunity_in_salesforce_a,TIMESTAMP
rpt-network-plng,sitetracker_data,LDR_ST_ALL_PROJECTS_V,creates_opportunity_in_salesforce_f,TIMESTAMP
rpt-network-plng,sitetracker_data,LDR_ST_ALL_PROJECTS_V,current_capital_request,NUMERIC
rpt-network-plng,sitetracker_data,LDR_ST_ALL_PROJECTS_V,current_open_activity,STRING
rpt-network-plng,sitetracker_data,LDR_ST_ALL_PROJECTS_V,cx_implementation,NUMERIC
rpt-network-plng,sitetracker_data,LDR_ST_ALL_PROJECTS_V,cycle_time_cx_start_to_cx_complete,NUMERIC
rpt-network-plng,sitetracker_data,LDR_ST_ALL_PROJECTS_V,cycle_time_email_received_to_initiated,NUMERIC
rpt-network-plng,sitetracker_data,LDR_ST_ALL_PROJECTS_V,data_collection_a,TIMESTAMP
rpt-network-plng,sitetracker_data,LDR_ST_ALL_PROJECTS_V,data_collection_f,TIMESTAMP
rpt-network-plng,sitetracker_data,LDR_ST_ALL_PROJECTS_V,data_collection_sla_time,NUMERIC
rpt-network-plng,sitetracker_data,LDR_ST_ALL_PROJECTS_V,data_to_scope_time,NUMERIC
rpt-network-plng,sitetracker_data,LDR_ST_ALL_PROJECTS_V,date_audit_completed,TIMESTAMP
rpt-network-plng,sitetracker_data,LDR_ST_ALL_PROJECTS_V,date_audit_started,TIMESTAMP
rpt-network-plng,sitetracker_data,LDR_ST_ALL_PROJECTS_V,design_issue_construction_prints_a,TIMESTAMP
rpt-network-plng,sitetracker_data,LDR_ST_ALL_PROJECTS_V,design_issue_construction_prints_f,TIMESTAMP
rpt-network-plng,sitetracker_data,LDR_ST_ALL_PROJECTS_V,detailed_description_of_project,STRING
rpt-network-plng,sitetracker_data,LDR_ST_ALL_PROJECTS_V,developer_contact_info,STRING
rpt-network-plng,sitetracker_data,LDR_ST_ALL_PROJECTS_V,developer_email,STRING
rpt-network-plng,sitetracker_data,LDR_ST_ALL_PROJECTS_V,developer_final_plats_received_a,TIMESTAMP
rpt-network-plng,sitetracker_data,LDR_ST_ALL_PROJECTS_V,developer_final_plats_received_f,TIMESTAMP
rpt-network-plng,sitetracker_data,LDR_ST_ALL_PROJECTS_V,developer_name,STRING
rpt-network-plng,sitetracker_data,LDR_ST_ALL_PROJECTS_V,developer_notification_received_a,TIMESTAMP
rpt-network-plng,sitetracker_data,LDR_ST_ALL_PROJECTS_V,developer_notification_received_f,TIMESTAMP
rpt-network-plng,sitetracker_data,LDR_ST_ALL_PROJECTS_V,developer_phone,STRING
rpt-network-plng,sitetracker_data,LDR_ST_ALL_PROJECTS_V,development_address,STRING
rpt-network-plng,sitetracker_data,LDR_ST_ALL_PROJECTS_V,does_this_impact_caf,STRING
rpt-network-plng,sitetracker_data,LDR_ST_ALL_PROJECTS_V,does_this_impact_gpon,STRING
rpt-network-plng,sitetracker_data,LDR_ST_ALL_PROJECTS_V,does_this_impact_grant_project,STRING
rpt-network-plng,sitetracker_data,LDR_ST_ALL_PROJECTS_V,dsr,STRING
rpt-network-plng,sitetracker_data,LDR_ST_ALL_PROJECTS_V,duplicate_fw_project_number,NUMERIC
rpt-network-plng,sitetracker_data,LDR_ST_ALL_PROJECTS_V,ecd_ncd_foc_date_set_a,TIMESTAMP
rpt-network-plng,sitetracker_data,LDR_ST_ALL_PROJECTS_V,ecd_ncd_foc_date_set_f,TIMESTAMP
rpt-network-plng,sitetracker_data,LDR_ST_ALL_PROJECTS_V,easement_required,STRING
rpt-network-plng,sitetracker_data,LDR_ST_ALL_PROJECTS_V,electronic_solution_comments,STRING
rpt-network-plng,sitetracker_data,LDR_ST_ALL_PROJECTS_V,eng_comp_date,TIMESTAMP
rpt-network-plng,sitetracker_data,LDR_ST_ALL_PROJECTS_V,engineer_reviews_polygon_complete_a,TIMESTAMP
rpt-network-plng,sitetracker_data,LDR_ST_ALL_PROJECTS_V,engineer_reviews_polygon_complete_f,TIMESTAMP
rpt-network-plng,sitetracker_data,LDR_ST_ALL_PROJECTS_V,engineering_to_cx,NUMERIC
rpt-network-plng,sitetracker_data,LDR_ST_ALL_PROJECTS_V,equip_inventory_in_database_accepted,STRING
rpt-network-plng,sitetracker_data,LDR_ST_ALL_PROJECTS_V,exchange_exchange_mismatch,NUMERIC
rpt-network-plng,sitetracker_data,LDR_ST_ALL_PROJECTS_V,external_contract_resources,STRING
rpt-network-plng,sitetracker_data,LDR_ST_ALL_PROJECTS_V,facility_environment,STRING
rpt-network-plng,sitetracker_data,LDR_ST_ALL_PROJECTS_V,feed_fiber_name_and_count,STRING
rpt-network-plng,sitetracker_data,LDR_ST_ALL_PROJECTS_V,feeder_planning_a,TIMESTAMP
rpt-network-plng,sitetracker_data,LDR_ST_ALL_PROJECTS_V,feeder_planning_f,TIMESTAMP
rpt-network-plng,sitetracker_data,LDR_ST_ALL_PROJECTS_V,fiber_db_loss,STRING
rpt-network-plng,sitetracker_data,LDR_ST_ALL_PROJECTS_V,fiber_char_fqa_accepted_large_f,TIMESTAMP
rpt-network-plng,sitetracker_data,LDR_ST_ALL_PROJECTS_V,fiber_char_fqa_accepted_large_a,TIMESTAMP
rpt-network-plng,sitetracker_data,LDR_ST_ALL_PROJECTS_V,fiber_char_fqa_accepted_small_f,TIMESTAMP
rpt-network-plng,sitetracker_data,LDR_ST_ALL_PROJECTS_V,fiber_char_fqa_accepted_small_a,TIMESTAMP
rpt-network-plng,sitetracker_data,LDR_ST_ALL_PROJECTS_V,fiber_char_fqa_accepted_special_a,TIMESTAMP
rpt-network-plng,sitetracker_data,LDR_ST_ALL_PROJECTS_V,fiber_char_fqa_accepted_special_f,TIMESTAMP
rpt-network-plng,sitetracker_data,LDR_ST_ALL_PROJECTS_V,fiber_char_fqa_submitted_large_a,TIMESTAMP
rpt-network-plng,sitetracker_data,LDR_ST_ALL_PROJECTS_V,fiber_char_fqa_submitted_large_f,TIMESTAMP
rpt-network-plng,sitetracker_data,LDR_ST_ALL_PROJECTS_V,fiber_char_fqa_submitted_small_a,TIMESTAMP
rpt-network-plng,sitetracker_data,LDR_ST_ALL_PROJECTS_V,fiber_char_fqa_submitted_small_f,TIMESTAMP
rpt-network-plng,sitetracker_data,LDR_ST_ALL_PROJECTS_V,fiber_char_fqa_submitted_special_a,TIMESTAMP
rpt-network-plng,sitetracker_data,LDR_ST_ALL_PROJECTS_V,fiber_char_fqa_submitted_special_f,TIMESTAMP
rpt-network-plng,sitetracker_data,LDR_ST_ALL_PROJECTS_V,fiber_densification_review_complete,STRING
rpt-network-plng,sitetracker_data,LDR_ST_ALL_PROJECTS_V,fiber_distance,STRING
rpt-network-plng,sitetracker_data,LDR_ST_ALL_PROJECTS_V,fiber_inventory_built_a,TIMESTAMP
rpt-network-plng,sitetracker_data,LDR_ST_ALL_PROJECTS_V,fiber_inventory_built_f,TIMESTAMP
rpt-network-plng,sitetracker_data,LDR_ST_ALL_PROJECTS_V,fiber_inventory_in_database_accepted,STRING
rpt-network-plng,sitetracker_data,LDR_ST_ALL_PROJECTS_V,field_construction_start_a,TIMESTAMP
rpt-network-plng,sitetracker_data,LDR_ST_ALL_PROJECTS_V,field_construction_start_f,TIMESTAMP
rpt-network-plng,sitetracker_data,LDR_ST_ALL_PROJECTS_V,finalize_all_vendor_invoicing_a,TIMESTAMP
rpt-network-plng,sitetracker_data,LDR_ST_ALL_PROJECTS_V,finalize_all_vendor_invoicing_f,TIMESTAMP
rpt-network-plng,sitetracker_data,LDR_ST_ALL_PROJECTS_V,finalize_all_vendor_invoicing_large_a,DATE
rpt-network-plng,sitetracker_data,LDR_ST_ALL_PROJECTS_V,finalize_all_vendor_invoicing_large_f,DATE
rpt-network-plng,sitetracker_data,LDR_ST_ALL_PROJECTS_V,finalize_all_vendor_invoicing_simple_a,DATE
rpt-network-plng,sitetracker_data,LDR_ST_ALL_PROJECTS_V,finalize_all_vendor_invoicing_simple_f,DATE
rpt-network-plng,sitetracker_data,LDR_ST_ALL_PROJECTS_V,finalize_all_vendor_invoicing_small_a,DATE
rpt-network-plng,sitetracker_data,LDR_ST_ALL_PROJECTS_V,finalize_all_vendor_invoicing_small_f,DATE
rpt-network-plng,sitetracker_data,LDR_ST_ALL_PROJECTS_V,finalize_all_vendor_invoicing_specia_a,DATE
rpt-network-plng,sitetracker_data,LDR_ST_ALL_PROJECTS_V,finalize_all_vendor_invoicing_specia_f,DATE
rpt-network-plng,sitetracker_data,LDR_ST_ALL_PROJECTS_V,finalize_network_design_a,TIMESTAMP
rpt-network-plng,sitetracker_data,LDR_ST_ALL_PROJECTS_V,finalize_network_design_f,TIMESTAMP
rpt-network-plng,sitetracker_data,LDR_ST_ALL_PROJECTS_V,finance_funding_response_a,TIMESTAMP
rpt-network-plng,sitetracker_data,LDR_ST_ALL_PROJECTS_V,finance_funding_response_f,TIMESTAMP
rpt-network-plng,sitetracker_data,LDR_ST_ALL_PROJECTS_V,fireworks_system_status,STRING
rpt-network-plng,sitetracker_data,LDR_ST_ALL_PROJECTS_V,first_occ,NUMERIC
rpt-network-plng,sitetracker_data,LDR_ST_ALL_PROJECTS_V,first_occ_out_of_sync_with_salesforce,NUMERIC
rpt-network-plng,sitetracker_data,LDR_ST_ALL_PROJECTS_V,first_occupancy_tgt_dt,TIMESTAMP
rpt-network-plng,sitetracker_data,LDR_ST_ALL_PROJECTS_V,first_service_fire_alarm_elevator,STRING
rpt-network-plng,sitetracker_data,LDR_ST_ALL_PROJECTS_V,frame,STRING
rpt-network-plng,sitetracker_data,LDR_ST_ALL_PROJECTS_V,fsai_address,STRING
rpt-network-plng,sitetracker_data,LDR_ST_ALL_PROJECTS_V,fsai_clli,STRING
rpt-network-plng,sitetracker_data,LDR_ST_ALL_PROJECTS_V,fsai_manufacturer,STRING
rpt-network-plng,sitetracker_data,LDR_ST_ALL_PROJECTS_V,fsai_size,STRING
rpt-network-plng,sitetracker_data,LDR_ST_ALL_PROJECTS_V,fsai_taper_da_code,STRING
rpt-network-plng,sitetracker_data,LDR_ST_ALL_PROJECTS_V,fsai_to_ont_s,STRING
rpt-network-plng,sitetracker_data,LDR_ST_ALL_PROJECTS_V,fthgn_name_and_count,STRING
rpt-network-plng,sitetracker_data,LDR_ST_ALL_PROJECTS_V,funding_request_received_a,TIMESTAMP
rpt-network-plng,sitetracker_data,LDR_ST_ALL_PROJECTS_V,funding_request_received_f,TIMESTAMP
rpt-network-plng,sitetracker_data,LDR_ST_ALL_PROJECTS_V,funding_request_submitted_a,TIMESTAMP
rpt-network-plng,sitetracker_data,LDR_ST_ALL_PROJECTS_V,funding_request_submitted_f,TIMESTAMP
rpt-network-plng,sitetracker_data,LDR_ST_ALL_PROJECTS_V,fundrec_cx,NUMERIC
rpt-network-plng,sitetracker_data,LDR_ST_ALL_PROJECTS_V,fundreq_fundrec,NUMERIC
rpt-network-plng,sitetracker_data,LDR_ST_ALL_PROJECTS_V,funds_remaining,NUMERIC
rpt-network-plng,sitetracker_data,LDR_ST_ALL_PROJECTS_V,furthest_completed_activity,STRING
rpt-network-plng,sitetracker_data,LDR_ST_ALL_PROJECTS_V,gather_sow_details_determine_impacts_a,TIMESTAMP
rpt-network-plng,sitetracker_data,LDR_ST_ALL_PROJECTS_V,gather_sow_details_determine_impacts_f,TIMESTAMP
rpt-network-plng,sitetracker_data,LDR_ST_ALL_PROJECTS_V,google_address_validation_fallout_a,TIMESTAMP
rpt-network-plng,sitetracker_data,LDR_ST_ALL_PROJECTS_V,google_address_validation_fallout_f,TIMESTAMP
rpt-network-plng,sitetracker_data,LDR_ST_ALL_PROJECTS_V,google_update_request_a,TIMESTAMP
rpt-network-plng,sitetracker_data,LDR_ST_ALL_PROJECTS_V,google_update_request_f,TIMESTAMP
rpt-network-plng,sitetracker_data,LDR_ST_ALL_PROJECTS_V,gpon_pm_name,STRING
rpt-network-plng,sitetracker_data,LDR_ST_ALL_PROJECTS_V,gpon_pm_cuid,STRING
rpt-network-plng,sitetracker_data,LDR_ST_ALL_PROJECTS_V,gpon_posted_to_top_a,TIMESTAMP
rpt-network-plng,sitetracker_data,LDR_ST_ALL_PROJECTS_V,gpon_posted_to_top_f,TIMESTAMP
rpt-network-plng,sitetracker_data,LDR_ST_ALL_PROJECTS_V,gratis,STRING
rpt-network-plng,sitetracker_data,LDR_ST_ALL_PROJECTS_V,gratis_order,STRING
rpt-network-plng,sitetracker_data,LDR_ST_ALL_PROJECTS_V,has_been_modified,NUMERIC
rpt-network-plng,sitetracker_data,LDR_ST_ALL_PROJECTS_V,held_order_id,STRING
rpt-network-plng,sitetracker_data,LDR_ST_ALL_PROJECTS_V,hermes_id,STRING
rpt-network-plng,sitetracker_data,LDR_ST_ALL_PROJECTS_V,high_level_overview,STRING
rpt-network-plng,sitetracker_data,LDR_ST_ALL_PROJECTS_V,hsi_amount,NUMERIC
rpt-network-plng,sitetracker_data,LDR_ST_ALL_PROJECTS_V,impact_rev_complete_relo_plan_starts_f,TIMESTAMP
rpt-network-plng,sitetracker_data,LDR_ST_ALL_PROJECTS_V,imp_lus_out_of_sync_with_salesforce,NUMERIC
rpt-network-plng,sitetracker_data,LDR_ST_ALL_PROJECTS_V,imp_pm_out_of_sync_with_salesforce,NUMERIC
rpt-network-plng,sitetracker_data,LDR_ST_ALL_PROJECTS_V,implement_close,NUMERIC
rpt-network-plng,sitetracker_data,LDR_ST_ALL_PROJECTS_V,implement_sla,NUMERIC
rpt-network-plng,sitetracker_data,LDR_ST_ALL_PROJECTS_V,implement_veninv,NUMERIC
rpt-network-plng,sitetracker_data,LDR_ST_ALL_PROJECTS_V,implementation_pm_name,STRING
rpt-network-plng,sitetracker_data,LDR_ST_ALL_PROJECTS_V,implementation_pm_cuid,STRING
rpt-network-plng,sitetracker_data,LDR_ST_ALL_PROJECTS_V,implementation_a,TIMESTAMP
rpt-network-plng,sitetracker_data,LDR_ST_ALL_PROJECTS_V,implementation_f,TIMESTAMP
rpt-network-plng,sitetracker_data,LDR_ST_ALL_PROJECTS_V,important,STRING
rpt-network-plng,sitetracker_data,LDR_ST_ALL_PROJECTS_V,initial_budget_plan_amount,NUMERIC
rpt-network-plng,sitetracker_data,LDR_ST_ALL_PROJECTS_V,initial_conflict_review_local_a,TIMESTAMP
rpt-network-plng,sitetracker_data,LDR_ST_ALL_PROJECTS_V,initial_conflict_review_local_f,TIMESTAMP
rpt-network-plng,sitetracker_data,LDR_ST_ALL_PROJECTS_V,initial_conflict_review_national_a,TIMESTAMP
rpt-network-plng,sitetracker_data,LDR_ST_ALL_PROJECTS_V,initial_conflict_review_national_f,TIMESTAMP
rpt-network-plng,sitetracker_data,LDR_ST_ALL_PROJECTS_V,initial_planning_review_with_osp_eng_a,TIMESTAMP
rpt-network-plng,sitetracker_data,LDR_ST_ALL_PROJECTS_V,initial_planning_review_with_osp_eng_f,TIMESTAMP
rpt-network-plng,sitetracker_data,LDR_ST_ALL_PROJECTS_V,integration_status,STRING
rpt-network-plng,sitetracker_data,LDR_ST_ALL_PROJECTS_V,integration_trigger,NUMERIC
rpt-network-plng,sitetracker_data,LDR_ST_ALL_PROJECTS_V,inventory_stack,STRING
rpt-network-plng,sitetracker_data,LDR_ST_ALL_PROJECTS_V,inventory_stack_a,TIMESTAMP
rpt-network-plng,sitetracker_data,LDR_ST_ALL_PROJECTS_V,inventory_stack_f,TIMESTAMP
rpt-network-plng,sitetracker_data,LDR_ST_ALL_PROJECTS_V,investigate_for_dark_fiber_billing_a,TIMESTAMP
rpt-network-plng,sitetracker_data,LDR_ST_ALL_PROJECTS_V,investigate_for_dark_fiber_billing_f,TIMESTAMP
rpt-network-plng,sitetracker_data,LDR_ST_ALL_PROJECTS_V,iru_pm_name,STRING
rpt-network-plng,sitetracker_data,LDR_ST_ALL_PROJECTS_V,iru_pm_cuid,STRING
rpt-network-plng,sitetracker_data,LDR_ST_ALL_PROJECTS_V,is_back_haul_needed,STRING
rpt-network-plng,sitetracker_data,LDR_ST_ALL_PROJECTS_V,iru_dark_fiber_on_cable,STRING
rpt-network-plng,sitetracker_data,LDR_ST_ALL_PROJECTS_V,is_fiber_characterization_fqa_needed,STRING
rpt-network-plng,sitetracker_data,LDR_ST_ALL_PROJECTS_V,is_there_a_reroute_or_refeed_option,STRING
rpt-network-plng,sitetracker_data,LDR_ST_ALL_PROJECTS_V,is_there_a_reroute_or_refeed_option_n,STRING
rpt-network-plng,sitetracker_data,LDR_ST_ALL_PROJECTS_V,issue_prints_a,TIMESTAMP
rpt-network-plng,sitetracker_data,LDR_ST_ALL_PROJECTS_V,issue_prints_f,TIMESTAMP
rpt-network-plng,sitetracker_data,LDR_ST_ALL_PROJECTS_V,issue_prints_leep_e1f1_complete_a,TIMESTAMP
rpt-network-plng,sitetracker_data,LDR_ST_ALL_PROJECTS_V,issue_prints_leep_e1f1_complete_f,TIMESTAMP
rpt-network-plng,sitetracker_data,LDR_ST_ALL_PROJECTS_V,jeop_reason,STRING
rpt-network-plng,sitetracker_data,LDR_ST_ALL_PROJECTS_V,job_ready_to_submit_to_staging,STRING
rpt-network-plng,sitetracker_data,LDR_ST_ALL_PROJECTS_V,job_ready_to_submit_to_staging_comments,STRING
rpt-network-plng,sitetracker_data,LDR_ST_ALL_PROJECTS_V,joint_trench_ready_date,TIMESTAMP
rpt-network-plng,sitetracker_data,LDR_ST_ALL_PROJECTS_V,kick_off_isp_electronic_engineering_a,TIMESTAMP
rpt-network-plng,sitetracker_data,LDR_ST_ALL_PROJECTS_V,kick_off_isp_electronic_engineering_f,TIMESTAMP
rpt-network-plng,sitetracker_data,LDR_ST_ALL_PROJECTS_V,kick_out_osp_wo_a,TIMESTAMP
rpt-network-plng,sitetracker_data,LDR_ST_ALL_PROJECTS_V,kick_out_osp_wo_f,TIMESTAMP
rpt-network-plng,sitetracker_data,LDR_ST_ALL_PROJECTS_V,known_reimbursement,STRING
rpt-network-plng,sitetracker_data,LDR_ST_ALL_PROJECTS_V,landbase_request_completed_a,TIMESTAMP
rpt-network-plng,sitetracker_data,LDR_ST_ALL_PROJECTS_V,landbase_request_completed_f,TIMESTAMP
rpt-network-plng,sitetracker_data,LDR_ST_ALL_PROJECTS_V,late_or_on_time,STRING
rpt-network-plng,sitetracker_data,LDR_ST_ALL_PROJECTS_V,lcon,STRING
rpt-network-plng,sitetracker_data,LDR_ST_ALL_PROJECTS_V,lcon_email,STRING
rpt-network-plng,sitetracker_data,LDR_ST_ALL_PROJECTS_V,lcon_phone,STRING
rpt-network-plng,sitetracker_data,LDR_ST_ALL_PROJECTS_V,leep_f1_portion_a,TIMESTAMP
rpt-network-plng,sitetracker_data,LDR_ST_ALL_PROJECTS_V,leep_f1_portion_f,TIMESTAMP
rpt-network-plng,sitetracker_data,LDR_ST_ALL_PROJECTS_V,leep_f2_portion_a,TIMESTAMP
rpt-network-plng,sitetracker_data,LDR_ST_ALL_PROJECTS_V,leep_f2_portion_f,TIMESTAMP
rpt-network-plng,sitetracker_data,LDR_ST_ALL_PROJECTS_V,len_assignments,STRING
rpt-network-plng,sitetracker_data,LDR_ST_ALL_PROJECTS_V,letting_date,TIMESTAMP
rpt-network-plng,sitetracker_data,LDR_ST_ALL_PROJECTS_V,like_for_like_solution,STRING
rpt-network-plng,sitetracker_data,LDR_ST_ALL_PROJECTS_V,like_for_like_solution_comments,STRING
rpt-network-plng,sitetracker_data,LDR_ST_ALL_PROJECTS_V,like_for_like_solution_comments_n,STRING
rpt-network-plng,sitetracker_data,LDR_ST_ALL_PROJECTS_V,like_for_like_solution_n,STRING
rpt-network-plng,sitetracker_data,LDR_ST_ALL_PROJECTS_V,load_kmz_file_interval_tables_a,TIMESTAMP
rpt-network-plng,sitetracker_data,LDR_ST_ALL_PROJECTS_V,load_kmz_file_interval_tables_f,TIMESTAMP
rpt-network-plng,sitetracker_data,LDR_ST_ALL_PROJECTS_V,load_route_a,TIMESTAMP
rpt-network-plng,sitetracker_data,LDR_ST_ALL_PROJECTS_V,load_route_f,TIMESTAMP
rpt-network-plng,sitetracker_data,LDR_ST_ALL_PROJECTS_V,load_route_special_a,TIMESTAMP
rpt-network-plng,sitetracker_data,LDR_ST_ALL_PROJECTS_V,load_route_special_f,TIMESTAMP
rpt-network-plng,sitetracker_data,LDR_ST_ALL_PROJECTS_V,lu_missed_on_complete,NUMERIC
rpt-network-plng,sitetracker_data,LDR_ST_ALL_PROJECTS_V,make_ready_estimate_received_a,TIMESTAMP
rpt-network-plng,sitetracker_data,LDR_ST_ALL_PROJECTS_V,make_ready_estimate_received_f,TIMESTAMP
rpt-network-plng,sitetracker_data,LDR_ST_ALL_PROJECTS_V,make_ready_payment_submitted_a,TIMESTAMP
rpt-network-plng,sitetracker_data,LDR_ST_ALL_PROJECTS_V,make_ready_payment_submitted_f,TIMESTAMP
rpt-network-plng,sitetracker_data,LDR_ST_ALL_PROJECTS_V,manual_ols_load_team_name,STRING
rpt-network-plng,sitetracker_data,LDR_ST_ALL_PROJECTS_V,manual_ols_load_team_cuid,STRING
rpt-network-plng,sitetracker_data,LDR_ST_ALL_PROJECTS_V,manual_ols_load_layer_1_a,TIMESTAMP
rpt-network-plng,sitetracker_data,LDR_ST_ALL_PROJECTS_V,manual_ols_load_layer_1_f,TIMESTAMP
rpt-network-plng,sitetracker_data,LDR_ST_ALL_PROJECTS_V,manual_ols_received,TIMESTAMP
rpt-network-plng,sitetracker_data,LDR_ST_ALL_PROJECTS_V,manual_ols_submitted,TIMESTAMP
rpt-network-plng,sitetracker_data,LDR_ST_ALL_PROJECTS_V,mapping_record_correction_comments,STRING
rpt-network-plng,sitetracker_data,LDR_ST_ALL_PROJECTS_V,mapping_records_need_a_correction,STRING
rpt-network-plng,sitetracker_data,LDR_ST_ALL_PROJECTS_V,materials_received_a,TIMESTAMP
rpt-network-plng,sitetracker_data,LDR_ST_ALL_PROJECTS_V,materials_received_f,TIMESTAMP
rpt-network-plng,sitetracker_data,LDR_ST_ALL_PROJECTS_V,materials_received_electronics_a,TIMESTAMP
rpt-network-plng,sitetracker_data,LDR_ST_ALL_PROJECTS_V,materials_received_electronics_f,TIMESTAMP
rpt-network-plng,sitetracker_data,LDR_ST_ALL_PROJECTS_V,marketing_pm_name,STRING
rpt-network-plng,sitetracker_data,LDR_ST_ALL_PROJECTS_V,marketing_pm_cuid,STRING
rpt-network-plng,sitetracker_data,LDR_ST_ALL_PROJECTS_V,met_or_missed,STRING
rpt-network-plng,sitetracker_data,LDR_ST_ALL_PROJECTS_V,model_the_osp_panel_in_pro_a,TIMESTAMP
rpt-network-plng,sitetracker_data,LDR_ST_ALL_PROJECTS_V,model_the_osp_panel_in_pro_f,TIMESTAMP
rpt-network-plng,sitetracker_data,LDR_ST_ALL_PROJECTS_V,month_capgov_submitted,STRING
rpt-network-plng,sitetracker_data,LDR_ST_ALL_PROJECTS_V,my_assigned_project,NUMERIC
rpt-network-plng,sitetracker_data,LDR_ST_ALL_PROJECTS_V,na_pre_sale_orders,STRING
rpt-network-plng,sitetracker_data,LDR_ST_ALL_PROJECTS_V,na_priority,STRING
rpt-network-plng,sitetracker_data,LDR_ST_ALL_PROJECTS_V,na_site_status,STRING
rpt-network-plng,sitetracker_data,LDR_ST_ALL_PROJECTS_V,national_active_fiber_count,NUMERIC
rpt-network-plng,sitetracker_data,LDR_ST_ALL_PROJECTS_V,nds_a,TIMESTAMP
rpt-network-plng,sitetracker_data,LDR_ST_ALL_PROJECTS_V,nds_f,TIMESTAMP
rpt-network-plng,sitetracker_data,LDR_ST_ALL_PROJECTS_V,nds_project_number,STRING
rpt-network-plng,sitetracker_data,LDR_ST_ALL_PROJECTS_V,nds_qf_qm_error_cleanup_a,TIMESTAMP
rpt-network-plng,sitetracker_data,LDR_ST_ALL_PROJECTS_V,nds_qf_qm_error_cleanup_f,TIMESTAMP
rpt-network-plng,sitetracker_data,LDR_ST_ALL_PROJECTS_V,ni_engineer,STRING
rpt-network-plng,sitetracker_data,LDR_ST_ALL_PROJECTS_V,ni_engineer_cuid,STRING
rpt-network-plng,sitetracker_data,LDR_ST_ALL_PROJECTS_V,network_systems_implementation_name,STRING
rpt-network-plng,sitetracker_data,LDR_ST_ALL_PROJECTS_V,network_systems_implementation_cuid,STRING
rpt-network-plng,sitetracker_data,LDR_ST_ALL_PROJECTS_V,new_or_existing_fsai,STRING
rpt-network-plng,sitetracker_data,LDR_ST_ALL_PROJECTS_V,no_build_comments,STRING
rpt-network-plng,sitetracker_data,LDR_ST_ALL_PROJECTS_V,no_build_notification_a,TIMESTAMP
rpt-network-plng,sitetracker_data,LDR_ST_ALL_PROJECTS_V,no_build_notification_f,TIMESTAMP
rpt-network-plng,sitetracker_data,LDR_ST_ALL_PROJECTS_V,no_build_pun_form_submitted_a,TIMESTAMP
rpt-network-plng,sitetracker_data,LDR_ST_ALL_PROJECTS_V,no_build_pun_form_submitted_f,TIMESTAMP
rpt-network-plng,sitetracker_data,LDR_ST_ALL_PROJECTS_V,non_reimb_portion_non_profitable_a,TIMESTAMP
rpt-network-plng,sitetracker_data,LDR_ST_ALL_PROJECTS_V,non_reimb_portion_non_profitable_f,TIMESTAMP
rpt-network-plng,sitetracker_data,LDR_ST_ALL_PROJECTS_V,non_reimbursable_portion_profitable,STRING
rpt-network-plng,sitetracker_data,LDR_ST_ALL_PROJECTS_V,notify_marketing_a,TIMESTAMP
rpt-network-plng,sitetracker_data,LDR_ST_ALL_PROJECTS_V,notify_marketing_f,TIMESTAMP
rpt-network-plng,sitetracker_data,LDR_ST_ALL_PROJECTS_V,num_active_activity_holds,NUMERIC
rpt-network-plng,sitetracker_data,LDR_ST_ALL_PROJECTS_V,num_active_project_holds,NUMERIC
rpt-network-plng,sitetracker_data,LDR_ST_ALL_PROJECTS_V,num_copper_special_ckts,NUMERIC
rpt-network-plng,sitetracker_data,LDR_ST_ALL_PROJECTS_V,num_of_activities,NUMERIC
rpt-network-plng,sitetracker_data,LDR_ST_ALL_PROJECTS_V,num_of_completed_phase_projects,NUMERIC
rpt-network-plng,sitetracker_data,LDR_ST_ALL_PROJECTS_V,num_of_hsi,NUMERIC
rpt-network-plng,sitetracker_data,LDR_ST_ALL_PROJECTS_V,num_of_imp_phases,NUMERIC
rpt-network-plng,sitetracker_data,LDR_ST_ALL_PROJECTS_V,num_of_lus,NUMERIC
rpt-network-plng,sitetracker_data,LDR_ST_ALL_PROJECTS_V,num_of_lus_sow,NUMERIC
rpt-network-plng,sitetracker_data,LDR_ST_ALL_PROJECTS_V,num_of_phase_records,NUMERIC
rpt-network-plng,sitetracker_data,LDR_ST_ALL_PROJECTS_V,num_of_pots,NUMERIC
rpt-network-plng,sitetracker_data,LDR_ST_ALL_PROJECTS_V,num_of_qf_projects,NUMERIC
rpt-network-plng,sitetracker_data,LDR_ST_ALL_PROJECTS_V,num_of_related_projects,NUMERIC
rpt-network-plng,sitetracker_data,LDR_ST_ALL_PROJECTS_V,num_of_splitters_being_placed,NUMERIC
rpt-network-plng,sitetracker_data,LDR_ST_ALL_PROJECTS_V,num_of_working_national_fibers,NUMERIC
rpt-network-plng,sitetracker_data,LDR_ST_ALL_PROJECTS_V,num_of_working_subs_on_fiber,NUMERIC
rpt-network-plng,sitetracker_data,LDR_ST_ALL_PROJECTS_V,num_payback_months_greater_than_60,STRING
rpt-network-plng,sitetracker_data,LDR_ST_ALL_PROJECTS_V,obligated_amount,NUMERIC
rpt-network-plng,sitetracker_data,LDR_ST_ALL_PROJECTS_V,odin_layer_2_3_ta_path_device_a,TIMESTAMP
rpt-network-plng,sitetracker_data,LDR_ST_ALL_PROJECTS_V,odin_layer_2_3_ta_path_device_f,TIMESTAMP
rpt-network-plng,sitetracker_data,LDR_ST_ALL_PROJECTS_V,odin_load_layer_1,STRING
rpt-network-plng,sitetracker_data,LDR_ST_ALL_PROJECTS_V,odin_load_layer_1_a,TIMESTAMP
rpt-network-plng,sitetracker_data,LDR_ST_ALL_PROJECTS_V,odin_load_layer_1_complete_a,TIMESTAMP
rpt-network-plng,sitetracker_data,LDR_ST_ALL_PROJECTS_V,odin_load_layer_1_complete_f,TIMESTAMP
rpt-network-plng,sitetracker_data,LDR_ST_ALL_PROJECTS_V,odin_load_layer_1_f,TIMESTAMP
rpt-network-plng,sitetracker_data,LDR_ST_ALL_PROJECTS_V,odin_load_layer_2_3_sasktel_load_a,TIMESTAMP
rpt-network-plng,sitetracker_data,LDR_ST_ALL_PROJECTS_V,odin_load_layer_2_3_sasktel_load_f,TIMESTAMP
rpt-network-plng,sitetracker_data,LDR_ST_ALL_PROJECTS_V,olt,STRING
rpt-network-plng,sitetracker_data,LDR_ST_ALL_PROJECTS_V,olt_address,STRING
rpt-network-plng,sitetracker_data,LDR_ST_ALL_PROJECTS_V,olt_card,STRING
rpt-network-plng,sitetracker_data,LDR_ST_ALL_PROJECTS_V,olt_clli,STRING
rpt-network-plng,sitetracker_data,LDR_ST_ALL_PROJECTS_V,olt_configuration,STRING
rpt-network-plng,sitetracker_data,LDR_ST_ALL_PROJECTS_V,olt_count,STRING
rpt-network-plng,sitetracker_data,LDR_ST_ALL_PROJECTS_V,olt_f1_fiber_splitter_assignment,STRING
rpt-network-plng,sitetracker_data,LDR_ST_ALL_PROJECTS_V,olt_location,STRING
rpt-network-plng,sitetracker_data,LDR_ST_ALL_PROJECTS_V,olt_manufacturer_type,STRING
rpt-network-plng,sitetracker_data,LDR_ST_ALL_PROJECTS_V,olt_ports,STRING
rpt-network-plng,sitetracker_data,LDR_ST_ALL_PROJECTS_V,olt_shelf,STRING
rpt-network-plng,sitetracker_data,LDR_ST_ALL_PROJECTS_V,olt_to_fsai,STRING
rpt-network-plng,sitetracker_data,LDR_ST_ALL_PROJECTS_V,olt_type,STRING
rpt-network-plng,sitetracker_data,LDR_ST_ALL_PROJECTS_V,on_time,STRING
rpt-network-plng,sitetracker_data,LDR_ST_ALL_PROJECTS_V,ona,STRING
rpt-network-plng,sitetracker_data,LDR_ST_ALL_PROJECTS_V,ona_provisioning_records_a,TIMESTAMP
rpt-network-plng,sitetracker_data,LDR_ST_ALL_PROJECTS_V,ona_provisioning_records_f,TIMESTAMP
rpt-network-plng,sitetracker_data,LDR_ST_ALL_PROJECTS_V,ont_type,STRING
rpt-network-plng,sitetracker_data,LDR_ST_ALL_PROJECTS_V,open_work_orders_bids,STRING
rpt-network-plng,sitetracker_data,LDR_ST_ALL_PROJECTS_V,operations_support_name,STRING
rpt-network-plng,sitetracker_data,LDR_ST_ALL_PROJECTS_V,operations_support_cuid,STRING
rpt-network-plng,sitetracker_data,LDR_ST_ALL_PROJECTS_V,oo_load_team_name,STRING
rpt-network-plng,sitetracker_data,LDR_ST_ALL_PROJECTS_V,oo_load_team_cuid,STRING
rpt-network-plng,sitetracker_data,LDR_ST_ALL_PROJECTS_V,order_info,STRING
rpt-network-plng,sitetracker_data,LDR_ST_ALL_PROJECTS_V,order_materials_a,TIMESTAMP
rpt-network-plng,sitetracker_data,LDR_ST_ALL_PROJECTS_V,order_materials_f,TIMESTAMP
rpt-network-plng,sitetracker_data,LDR_ST_ALL_PROJECTS_V,over_budget,NUMERIC
rpt-network-plng,sitetracker_data,LDR_ST_ALL_PROJECTS_V,partial_rfs_received,TIMESTAMP
rpt-network-plng,sitetracker_data,LDR_ST_ALL_PROJECTS_V,path_to_layer_1,STRING
rpt-network-plng,sitetracker_data,LDR_ST_ALL_PROJECTS_V,payback_months_after_reimbursement,NUMERIC
rpt-network-plng,sitetracker_data,LDR_ST_ALL_PROJECTS_V,payback_months_after_reimbursement_n,NUMERIC
rpt-network-plng,sitetracker_data,LDR_ST_ALL_PROJECTS_V,pending_review_in_staging_a,TIMESTAMP
rpt-network-plng,sitetracker_data,LDR_ST_ALL_PROJECTS_V,pending_review_in_staging_f,TIMESTAMP
rpt-network-plng,sitetracker_data,LDR_ST_ALL_PROJECTS_V,percent_plans_complete,STRING
rpt-network-plng,sitetracker_data,LDR_ST_ALL_PROJECTS_V,permitting_right_of_way_dependencies_a,TIMESTAMP
rpt-network-plng,sitetracker_data,LDR_ST_ALL_PROJECTS_V,permitting_right_of_way_dependencies_f,TIMESTAMP
rpt-network-plng,sitetracker_data,LDR_ST_ALL_PROJECTS_V,permitting_right_of_way_large_f,TIMESTAMP
rpt-network-plng,sitetracker_data,LDR_ST_ALL_PROJECTS_V,permitting_right_of_way_large_a,TIMESTAMP
rpt-network-plng,sitetracker_data,LDR_ST_ALL_PROJECTS_V,permitting_right_of_way_small_f,TIMESTAMP
rpt-network-plng,sitetracker_data,LDR_ST_ALL_PROJECTS_V,permitting_right_of_way_small_a,TIMESTAMP
rpt-network-plng,sitetracker_data,LDR_ST_ALL_PROJECTS_V,permitting_right_of_way_special_a,TIMESTAMP
rpt-network-plng,sitetracker_data,LDR_ST_ALL_PROJECTS_V,permitting_right_of_way_special_f,TIMESTAMP
rpt-network-plng,sitetracker_data,LDR_ST_ALL_PROJECTS_V,permits_submitted_a,TIMESTAMP
rpt-network-plng,sitetracker_data,LDR_ST_ALL_PROJECTS_V,permits_submitted_f,TIMESTAMP
rpt-network-plng,sitetracker_data,LDR_ST_ALL_PROJECTS_V,phase_address,STRING
rpt-network-plng,sitetracker_data,LDR_ST_ALL_PROJECTS_V,phase_lus_out_of_sync_with_salesforce,NUMERIC
rpt-network-plng,sitetracker_data,LDR_ST_ALL_PROJECTS_V,phase_s_implementation_a,TIMESTAMP
rpt-network-plng,sitetracker_data,LDR_ST_ALL_PROJECTS_V,phase_s_implementation_f,TIMESTAMP
rpt-network-plng,sitetracker_data,LDR_ST_ALL_PROJECTS_V,phase_parcel,STRING
rpt-network-plng,sitetracker_data,LDR_ST_ALL_PROJECTS_V,placing_a,TIMESTAMP
rpt-network-plng,sitetracker_data,LDR_ST_ALL_PROJECTS_V,placing_f,TIMESTAMP
rpt-network-plng,sitetracker_data,LDR_ST_ALL_PROJECTS_V,placing_large_a,TIMESTAMP
rpt-network-plng,sitetracker_data,LDR_ST_ALL_PROJECTS_V,placing_large_f,TIMESTAMP
rpt-network-plng,sitetracker_data,LDR_ST_ALL_PROJECTS_V,placing_simple_a,TIMESTAMP
rpt-network-plng,sitetracker_data,LDR_ST_ALL_PROJECTS_V,placing_simple_f,TIMESTAMP
rpt-network-plng,sitetracker_data,LDR_ST_ALL_PROJECTS_V,placing_small_a,TIMESTAMP
rpt-network-plng,sitetracker_data,LDR_ST_ALL_PROJECTS_V,placing_small_f,TIMESTAMP
rpt-network-plng,sitetracker_data,LDR_ST_ALL_PROJECTS_V,placing_special_a,TIMESTAMP
rpt-network-plng,sitetracker_data,LDR_ST_ALL_PROJECTS_V,placing_special_f,TIMESTAMP
rpt-network-plng,sitetracker_data,LDR_ST_ALL_PROJECTS_V,planned_add_total,NUMERIC
rpt-network-plng,sitetracker_data,LDR_ST_ALL_PROJECTS_V,planned_expense_total,NUMERIC
rpt-network-plng,sitetracker_data,LDR_ST_ALL_PROJECTS_V,planned_removal_total,NUMERIC
rpt-network-plng,sitetracker_data,LDR_ST_ALL_PROJECTS_V,planner_name,STRING
rpt-network-plng,sitetracker_data,LDR_ST_ALL_PROJECTS_V,planner_cuid,STRING
rpt-network-plng,sitetracker_data,LDR_ST_ALL_PROJECTS_V,planning_manager_name,STRING
rpt-network-plng,sitetracker_data,LDR_ST_ALL_PROJECTS_V,planning_manager_cuid,STRING
rpt-network-plng,sitetracker_data,LDR_ST_ALL_PROJECTS_V,planner_advisement,STRING
rpt-network-plng,sitetracker_data,LDR_ST_ALL_PROJECTS_V,planner_submits_relo_plan_for_appr_a,TIMESTAMP
rpt-network-plng,sitetracker_data,LDR_ST_ALL_PROJECTS_V,planner_submits_relo_plan_for_appr_f,TIMESTAMP
rpt-network-plng,sitetracker_data,LDR_ST_ALL_PROJECTS_V,planning_gate_decision_a,TIMESTAMP
rpt-network-plng,sitetracker_data,LDR_ST_ALL_PROJECTS_V,planning_gate_decision_f,TIMESTAMP
rpt-network-plng,sitetracker_data,LDR_ST_ALL_PROJECTS_V,planning_gate_submittal_a,TIMESTAMP
rpt-network-plng,sitetracker_data,LDR_ST_ALL_PROJECTS_V,planning_gate_submittal_f,TIMESTAMP
rpt-network-plng,sitetracker_data,LDR_ST_ALL_PROJECTS_V,planning_input_cet_complete_a,TIMESTAMP
rpt-network-plng,sitetracker_data,LDR_ST_ALL_PROJECTS_V,planning_input_cet_complete_f,TIMESTAMP
rpt-network-plng,sitetracker_data,LDR_ST_ALL_PROJECTS_V,planning_manager_approval,STRING
rpt-network-plng,sitetracker_data,LDR_ST_ALL_PROJECTS_V,planning_manager_approval_comments,STRING
rpt-network-plng,sitetracker_data,LDR_ST_ALL_PROJECTS_V,planning_to_engineering,NUMERIC
rpt-network-plng,sitetracker_data,LDR_ST_ALL_PROJECTS_V,plats_uploaded,NUMERIC
rpt-network-plng,sitetracker_data,LDR_ST_ALL_PROJECTS_V,pm_ccm,STRING
rpt-network-plng,sitetracker_data,LDR_ST_ALL_PROJECTS_V,pm_manager,STRING
rpt-network-plng,sitetracker_data,LDR_ST_ALL_PROJECTS_V,pm_manager_cuid,STRING
rpt-network-plng,sitetracker_data,LDR_ST_ALL_PROJECTS_V,polygon_team_name,STRING
rpt-network-plng,sitetracker_data,LDR_ST_ALL_PROJECTS_V,polygon_team_cuid,STRING
rpt-network-plng,sitetracker_data,LDR_ST_ALL_PROJECTS_V,polygon_ecd,TIMESTAMP
rpt-network-plng,sitetracker_data,LDR_ST_ALL_PROJECTS_V,polygon_id,STRING
rpt-network-plng,sitetracker_data,LDR_ST_ALL_PROJECTS_V,polygon_in_production_a,TIMESTAMP
rpt-network-plng,sitetracker_data,LDR_ST_ALL_PROJECTS_V,polygon_in_production_f,TIMESTAMP
rpt-network-plng,sitetracker_data,LDR_ST_ALL_PROJECTS_V,polygon_in_service,STRING
rpt-network-plng,sitetracker_data,LDR_ST_ALL_PROJECTS_V,pom_decision_a,TIMESTAMP
rpt-network-plng,sitetracker_data,LDR_ST_ALL_PROJECTS_V,pom_decision_f,TIMESTAMP
rpt-network-plng,sitetracker_data,LDR_ST_ALL_PROJECTS_V,pom_review_a,TIMESTAMP
rpt-network-plng,sitetracker_data,LDR_ST_ALL_PROJECTS_V,pom_review_f,TIMESTAMP
rpt-network-plng,sitetracker_data,LDR_ST_ALL_PROJECTS_V,ports,STRING
rpt-network-plng,sitetracker_data,LDR_ST_ALL_PROJECTS_V,possible_reimbursement,NUMERIC
rpt-network-plng,sitetracker_data,LDR_ST_ALL_PROJECTS_V,pots_amount,NUMERIC
rpt-network-plng,sitetracker_data,LDR_ST_ALL_PROJECTS_V,power_company_name,STRING
rpt-network-plng,sitetracker_data,LDR_ST_ALL_PROJECTS_V,power_co_tracking_number,STRING
rpt-network-plng,sitetracker_data,LDR_ST_ALL_PROJECTS_V,power_source,STRING
rpt-network-plng,sitetracker_data,LDR_ST_ALL_PROJECTS_V,power_source_location,STRING
rpt-network-plng,sitetracker_data,LDR_ST_ALL_PROJECTS_V,prelim_pricing_submit_cet_planning_a,TIMESTAMP
rpt-network-plng,sitetracker_data,LDR_ST_ALL_PROJECTS_V,prelim_pricing_submit_cet_planning_f,TIMESTAMP
rpt-network-plng,sitetracker_data,LDR_ST_ALL_PROJECTS_V,preliminary_network_design_a,TIMESTAMP
rpt-network-plng,sitetracker_data,LDR_ST_ALL_PROJECTS_V,preliminary_network_design_f,TIMESTAMP
rpt-network-plng,sitetracker_data,LDR_ST_ALL_PROJECTS_V,premise_equipment_installed_a,TIMESTAMP
rpt-network-plng,sitetracker_data,LDR_ST_ALL_PROJECTS_V,premise_equipment_installed_f,TIMESTAMP
rpt-network-plng,sitetracker_data,LDR_ST_ALL_PROJECTS_V,premise_ready,TIMESTAMP
rpt-network-plng,sitetracker_data,LDR_ST_ALL_PROJECTS_V,prior_rights_dark_fiber_review_a,TIMESTAMP
rpt-network-plng,sitetracker_data,LDR_ST_ALL_PROJECTS_V,prior_rights_dark_fiber_review_f,TIMESTAMP
rpt-network-plng,sitetracker_data,LDR_ST_ALL_PROJECTS_V,proceed_with_abandonment_process_a,TIMESTAMP
rpt-network-plng,sitetracker_data,LDR_ST_ALL_PROJECTS_V,proceed_with_abandonment_process_f,TIMESTAMP
rpt-network-plng,sitetracker_data,LDR_ST_ALL_PROJECTS_V,program_manager_name,STRING
rpt-network-plng,sitetracker_data,LDR_ST_ALL_PROJECTS_V,program_manager_cuid,STRING
rpt-network-plng,sitetracker_data,LDR_ST_ALL_PROJECTS_V,project_audit_comments,STRING
rpt-network-plng,sitetracker_data,LDR_ST_ALL_PROJECTS_V,project_audit_requested,NUMERIC
rpt-network-plng,sitetracker_data,LDR_ST_ALL_PROJECTS_V,project_boundary_created_a,TIMESTAMP
rpt-network-plng,sitetracker_data,LDR_ST_ALL_PROJECTS_V,project_boundary_created_f,TIMESTAMP
rpt-network-plng,sitetracker_data,LDR_ST_ALL_PROJECTS_V,project_budget_totals,NUMERIC
rpt-network-plng,sitetracker_data,LDR_ST_ALL_PROJECTS_V,project_close_a,TIMESTAMP
rpt-network-plng,sitetracker_data,LDR_ST_ALL_PROJECTS_V,project_close_f,TIMESTAMP
rpt-network-plng,sitetracker_data,LDR_ST_ALL_PROJECTS_V,project_email_received,TIMESTAMP
rpt-network-plng,sitetracker_data,LDR_ST_ALL_PROJECTS_V,project_email_received_a,TIMESTAMP
rpt-network-plng,sitetracker_data,LDR_ST_ALL_PROJECTS_V,project_email_received_f,TIMESTAMP
rpt-network-plng,sitetracker_data,LDR_ST_ALL_PROJECTS_V,project_fiber_aerial_footage,NUMERIC
rpt-network-plng,sitetracker_data,LDR_ST_ALL_PROJECTS_V,project_fiber_buried_ug_footage,NUMERIC
rpt-network-plng,sitetracker_data,LDR_ST_ALL_PROJECTS_V,project_fiber_footage,NUMERIC
rpt-network-plng,sitetracker_data,LDR_ST_ALL_PROJECTS_V,project_fiber_plcg_footage_complete,NUMERIC
rpt-network-plng,sitetracker_data,LDR_ST_ALL_PROJECTS_V,project_fiber_plcg_percentage,NUMERIC
rpt-network-plng,sitetracker_data,LDR_ST_ALL_PROJECTS_V,project_fiber_spl_footage_complete,NUMERIC
rpt-network-plng,sitetracker_data,LDR_ST_ALL_PROJECTS_V,project_fiber_spl_percentage,NUMERIC
rpt-network-plng,sitetracker_data,LDR_ST_ALL_PROJECTS_V,project_hold_forecasted_release_date,TIMESTAMP
rpt-network-plng,sitetracker_data,LDR_ST_ALL_PROJECTS_V,project_initiated_a,TIMESTAMP
rpt-network-plng,sitetracker_data,LDR_ST_ALL_PROJECTS_V,project_initiated_f,TIMESTAMP
rpt-network-plng,sitetracker_data,LDR_ST_ALL_PROJECTS_V,project_initiated_in_sap_fireworks_a,TIMESTAMP
rpt-network-plng,sitetracker_data,LDR_ST_ALL_PROJECTS_V,project_initiated_in_sap_fireworks_f,TIMESTAMP
rpt-network-plng,sitetracker_data,LDR_ST_ALL_PROJECTS_V,project_initiated_in_sap,STRING
rpt-network-plng,sitetracker_data,LDR_ST_ALL_PROJECTS_V,project_kick_off_completed_a,TIMESTAMP
rpt-network-plng,sitetracker_data,LDR_ST_ALL_PROJECTS_V,project_kick_off_completed_f,TIMESTAMP
rpt-network-plng,sitetracker_data,LDR_ST_ALL_PROJECTS_V,project_on_time,STRING
rpt-network-plng,sitetracker_data,LDR_ST_ALL_PROJECTS_V,project_redlines_completed_a,TIMESTAMP
rpt-network-plng,sitetracker_data,LDR_ST_ALL_PROJECTS_V,project_redlines_completed_f,TIMESTAMP
rpt-network-plng,sitetracker_data,LDR_ST_ALL_PROJECTS_V,project_reimbursement_indicated_a,TIMESTAMP
rpt-network-plng,sitetracker_data,LDR_ST_ALL_PROJECTS_V,project_reimbursement_indicated_f,TIMESTAMP
rpt-network-plng,sitetracker_data,LDR_ST_ALL_PROJECTS_V,project_start_cx,NUMERIC
rpt-network-plng,sitetracker_data,LDR_ST_ALL_PROJECTS_V,project_target,STRING
rpt-network-plng,sitetracker_data,LDR_ST_ALL_PROJECTS_V,pta_pole_application_submitted_a,TIMESTAMP
rpt-network-plng,sitetracker_data,LDR_ST_ALL_PROJECTS_V,pta_pole_application_submitted_f,TIMESTAMP
rpt-network-plng,sitetracker_data,LDR_ST_ALL_PROJECTS_V,pta_received_from_pole_owner_a,TIMESTAMP
rpt-network-plng,sitetracker_data,LDR_ST_ALL_PROJECTS_V,pta_received_from_pole_owner_f,TIMESTAMP
rpt-network-plng,sitetracker_data,LDR_ST_ALL_PROJECTS_V,pun_form_a,TIMESTAMP
rpt-network-plng,sitetracker_data,LDR_ST_ALL_PROJECTS_V,pun_form_f,TIMESTAMP
rpt-network-plng,sitetracker_data,LDR_ST_ALL_PROJECTS_V,qf_automation_posted_to_top_a,TIMESTAMP
rpt-network-plng,sitetracker_data,LDR_ST_ALL_PROJECTS_V,qf_automation_posted_to_top_f,TIMESTAMP
rpt-network-plng,sitetracker_data,LDR_ST_ALL_PROJECTS_V,quantum_fiber_project_complete_a,TIMESTAMP
rpt-network-plng,sitetracker_data,LDR_ST_ALL_PROJECTS_V,quantum_fiber_project_complete_f,TIMESTAMP
rpt-network-plng,sitetracker_data,LDR_ST_ALL_PROJECTS_V,rdmv_capgov_monthly_submission,STRING
rpt-network-plng,sitetracker_data,LDR_ST_ALL_PROJECTS_V,record_updates_final_post_a,TIMESTAMP
rpt-network-plng,sitetracker_data,LDR_ST_ALL_PROJECTS_V,record_updates_final_post_f,TIMESTAMP
rpt-network-plng,sitetracker_data,LDR_ST_ALL_PROJECTS_V,record_updates_final_post_large_a,TIMESTAMP
rpt-network-plng,sitetracker_data,LDR_ST_ALL_PROJECTS_V,record_updates_final_post_large_f,TIMESTAMP
rpt-network-plng,sitetracker_data,LDR_ST_ALL_PROJECTS_V,record_updates_final_post_simple_a,TIMESTAMP
rpt-network-plng,sitetracker_data,LDR_ST_ALL_PROJECTS_V,record_updates_final_post_simple_f,TIMESTAMP
rpt-network-plng,sitetracker_data,LDR_ST_ALL_PROJECTS_V,record_updates_final_post_small_a,TIMESTAMP
rpt-network-plng,sitetracker_data,LDR_ST_ALL_PROJECTS_V,record_updates_final_post_small_f,TIMESTAMP
rpt-network-plng,sitetracker_data,LDR_ST_ALL_PROJECTS_V,record_updates_final_post_special_a,TIMESTAMP
rpt-network-plng,sitetracker_data,LDR_ST_ALL_PROJECTS_V,record_updates_final_post_special_f,TIMESTAMP
rpt-network-plng,sitetracker_data,LDR_ST_ALL_PROJECTS_V,reduce_cable_size_comments_n,STRING
rpt-network-plng,sitetracker_data,LDR_ST_ALL_PROJECTS_V,reduce_cable_size_n,STRING
rpt-network-plng,sitetracker_data,LDR_ST_ALL_PROJECTS_V,reduce_cable_sizes,STRING
rpt-network-plng,sitetracker_data,LDR_ST_ALL_PROJECTS_V,reduce_cable_sizes_comments,STRING
rpt-network-plng,sitetracker_data,LDR_ST_ALL_PROJECTS_V,reduce_cost,STRING
rpt-network-plng,sitetracker_data,LDR_ST_ALL_PROJECTS_V,reduce_cost_alt_placement_comments_n,STRING
rpt-network-plng,sitetracker_data,LDR_ST_ALL_PROJECTS_V,reduce_cost_w_alt_placement_comments,STRING
rpt-network-plng,sitetracker_data,LDR_ST_ALL_PROJECTS_V,reduce_cost_w_alternate_placement,STRING
rpt-network-plng,sitetracker_data,LDR_ST_ALL_PROJECTS_V,reduce_cost_w_alternate_placement_n,STRING
rpt-network-plng,sitetracker_data,LDR_ST_ALL_PROJECTS_V,reduced_cost_with_electronic_solution,STRING
rpt-network-plng,sitetracker_data,LDR_ST_ALL_PROJECTS_V,reimbursable_pm_name,STRING
rpt-network-plng,sitetracker_data,LDR_ST_ALL_PROJECTS_V,reimbursable_pm_cuid,STRING
rpt-network-plng,sitetracker_data,LDR_ST_ALL_PROJECTS_V,reimbursable_pm_confirm_prior_rights_a,TIMESTAMP
rpt-network-plng,sitetracker_data,LDR_ST_ALL_PROJECTS_V,reimbursable_pm_confirm_prior_rights_f,TIMESTAMP
rpt-network-plng,sitetracker_data,LDR_ST_ALL_PROJECTS_V,reimbursement_amount,NUMERIC
rpt-network-plng,sitetracker_data,LDR_ST_ALL_PROJECTS_V,reimbursement_amount_n,NUMERIC
rpt-network-plng,sitetracker_data,LDR_ST_ALL_PROJECTS_V,reimbursement_receipt_a,TIMESTAMP
rpt-network-plng,sitetracker_data,LDR_ST_ALL_PROJECTS_V,reimbursement_receipt_f,TIMESTAMP
rpt-network-plng,sitetracker_data,LDR_ST_ALL_PROJECTS_V,rel_to_const_sla,NUMERIC
rpt-network-plng,sitetracker_data,LDR_ST_ALL_PROJECTS_V,related_fiber_aerial_footage,NUMERIC
rpt-network-plng,sitetracker_data,LDR_ST_ALL_PROJECTS_V,related_fiber_buried_ug_footage,NUMERIC
rpt-network-plng,sitetracker_data,LDR_ST_ALL_PROJECTS_V,related_fiber_footage,NUMERIC
rpt-network-plng,sitetracker_data,LDR_ST_ALL_PROJECTS_V,related_fiber_plcg_footage_complete,NUMERIC
rpt-network-plng,sitetracker_data,LDR_ST_ALL_PROJECTS_V,related_fiber_plcg_percentage,NUMERIC
rpt-network-plng,sitetracker_data,LDR_ST_ALL_PROJECTS_V,related_fiber_spl_footage_complete,NUMERIC
rpt-network-plng,sitetracker_data,LDR_ST_ALL_PROJECTS_V,related_fiber_spl_percentage,NUMERIC
rpt-network-plng,sitetracker_data,LDR_ST_ALL_PROJECTS_V,related_project_s_implementation_a,TIMESTAMP
rpt-network-plng,sitetracker_data,LDR_ST_ALL_PROJECTS_V,related_project_s_implementation_f,TIMESTAMP
rpt-network-plng,sitetracker_data,LDR_ST_ALL_PROJECTS_V,relay_rack,STRING
rpt-network-plng,sitetracker_data,LDR_ST_ALL_PROJECTS_V,release_ord_to_data_dsc_omc_large_a,TIMESTAMP
rpt-network-plng,sitetracker_data,LDR_ST_ALL_PROJECTS_V,release_ord_to_data_dsc_omc_large_f,TIMESTAMP
rpt-network-plng,sitetracker_data,LDR_ST_ALL_PROJECTS_V,release_ord_to_data_dsc_omc_simple_a,TIMESTAMP
rpt-network-plng,sitetracker_data,LDR_ST_ALL_PROJECTS_V,release_ord_to_data_dsc_omc_simple_f,TIMESTAMP
rpt-network-plng,sitetracker_data,LDR_ST_ALL_PROJECTS_V,release_ord_to_data_dsc_omc_small_a,TIMESTAMP
rpt-network-plng,sitetracker_data,LDR_ST_ALL_PROJECTS_V,release_ord_to_data_dsc_omc_special_a,TIMESTAMP
rpt-network-plng,sitetracker_data,LDR_ST_ALL_PROJECTS_V,release_ord_to_data_dsc_omc_small_f,TIMESTAMP
rpt-network-plng,sitetracker_data,LDR_ST_ALL_PROJECTS_V,release_ord_to_data_dsc_omc_special_f,TIMESTAMP
rpt-network-plng,sitetracker_data,LDR_ST_ALL_PROJECTS_V,released_to_construction_a,TIMESTAMP
rpt-network-plng,sitetracker_data,LDR_ST_ALL_PROJECTS_V,released_to_construction_f,TIMESTAMP
rpt-network-plng,sitetracker_data,LDR_ST_ALL_PROJECTS_V,relo_business_analyst_name,STRING
rpt-network-plng,sitetracker_data,LDR_ST_ALL_PROJECTS_V,relo_business_analyst_cuid,STRING
rpt-network-plng,sitetracker_data,LDR_ST_ALL_PROJECTS_V,relo_spoc_name,STRING
rpt-network-plng,sitetracker_data,LDR_ST_ALL_PROJECTS_V,relo_spoc_cuid,STRING
rpt-network-plng,sitetracker_data,LDR_ST_ALL_PROJECTS_V,relo_ba_direct_report,NUMERIC
rpt-network-plng,sitetracker_data,LDR_ST_ALL_PROJECTS_V,relo_complete_cycle,NUMERIC
rpt-network-plng,sitetracker_data,LDR_ST_ALL_PROJECTS_V,relo_cx_to_finish,NUMERIC
rpt-network-plng,sitetracker_data,LDR_ST_ALL_PROJECTS_V,relo_design_to_cx,NUMERIC
rpt-network-plng,sitetracker_data,LDR_ST_ALL_PROJECTS_V,relo_plan_starts_a,TIMESTAMP
rpt-network-plng,sitetracker_data,LDR_ST_ALL_PROJECTS_V,relo_plan_starts_f,TIMESTAMP
rpt-network-plng,sitetracker_data,LDR_ST_ALL_PROJECTS_V,relo_start_to,NUMERIC
rpt-network-plng,sitetracker_data,LDR_ST_ALL_PROJECTS_V,relo_utility_map_to_requestor_a,TIMESTAMP
rpt-network-plng,sitetracker_data,LDR_ST_ALL_PROJECTS_V,relo_utility_map_to_requestor_f,TIMESTAMP
rpt-network-plng,sitetracker_data,LDR_ST_ALL_PROJECTS_V,requesting_agency_project_id,STRING
rpt-network-plng,sitetracker_data,LDR_ST_ALL_PROJECTS_V,required_appr_to_avoid_company,STRING
rpt-network-plng,sitetracker_data,LDR_ST_ALL_PROJECTS_V,reroute_or_refeed_option_comments,STRING
rpt-network-plng,sitetracker_data,LDR_ST_ALL_PROJECTS_V,reroute_or_refeed_option_comments_n,STRING
rpt-network-plng,sitetracker_data,LDR_ST_ALL_PROJECTS_V,reserve_reimbursable_rights_a,TIMESTAMP
rpt-network-plng,sitetracker_data,LDR_ST_ALL_PROJECTS_V,reserve_reimbursable_rights_f,TIMESTAMP
rpt-network-plng,sitetracker_data,LDR_ST_ALL_PROJECTS_V,respond_to_requestor_with_impact_a,TIMESTAMP
rpt-network-plng,sitetracker_data,LDR_ST_ALL_PROJECTS_V,respond_to_requestor_with_impact_f,TIMESTAMP
rpt-network-plng,sitetracker_data,LDR_ST_ALL_PROJECTS_V,review_in_staging_a,TIMESTAMP
rpt-network-plng,sitetracker_data,LDR_ST_ALL_PROJECTS_V,review_in_staging_f,TIMESTAMP
rpt-network-plng,sitetracker_data,LDR_ST_ALL_PROJECTS_V,review_input_project_data_a,TIMESTAMP
rpt-network-plng,sitetracker_data,LDR_ST_ALL_PROJECTS_V,review_input_project_data_f,TIMESTAMP
rpt-network-plng,sitetracker_data,LDR_ST_ALL_PROJECTS_V,review_prints_accept_assign_job_a,TIMESTAMP
rpt-network-plng,sitetracker_data,LDR_ST_ALL_PROJECTS_V,review_prints_accept_assign_job_f,TIMESTAMP
rpt-network-plng,sitetracker_data,LDR_ST_ALL_PROJECTS_V,review_prints_assign_job_special_a,TIMESTAMP
rpt-network-plng,sitetracker_data,LDR_ST_ALL_PROJECTS_V,review_prints_assign_job_special_f,TIMESTAMP
rpt-network-plng,sitetracker_data,LDR_ST_ALL_PROJECTS_V,review_sow_file_documents_a,TIMESTAMP
rpt-network-plng,sitetracker_data,LDR_ST_ALL_PROJECTS_V,review_sow_file_documents_f,TIMESTAMP
rpt-network-plng,sitetracker_data,LDR_ST_ALL_PROJECTS_V,review_state_specific_requirements_a,TIMESTAMP
rpt-network-plng,sitetracker_data,LDR_ST_ALL_PROJECTS_V,review_state_specific_requirements_f,TIMESTAMP
rpt-network-plng,sitetracker_data,LDR_ST_ALL_PROJECTS_V,row_placement_of_our_facility,STRING
rpt-network-plng,sitetracker_data,LDR_ST_ALL_PROJECTS_V,sa_techs_loaded_a,TIMESTAMP
rpt-network-plng,sitetracker_data,LDR_ST_ALL_PROJECTS_V,sa_techs_loaded_f,TIMESTAMP
rpt-network-plng,sitetracker_data,LDR_ST_ALL_PROJECTS_V,sales_engineer_name,STRING
rpt-network-plng,sitetracker_data,LDR_ST_ALL_PROJECTS_V,sales_engineer_cuid,STRING
rpt-network-plng,sitetracker_data,LDR_ST_ALL_PROJECTS_V,sales_handoff_to_engineering_a,TIMESTAMP
rpt-network-plng,sitetracker_data,LDR_ST_ALL_PROJECTS_V,sales_handoff_to_engineering_f,TIMESTAMP
rpt-network-plng,sitetracker_data,LDR_ST_ALL_PROJECTS_V,sales_osr_contact,STRING
rpt-network-plng,sitetracker_data,LDR_ST_ALL_PROJECTS_V,sales_signed_contract_received_a,TIMESTAMP
rpt-network-plng,sitetracker_data,LDR_ST_ALL_PROJECTS_V,sales_signed_contract_received_f,TIMESTAMP
rpt-network-plng,sitetracker_data,LDR_ST_ALL_PROJECTS_V,sap_system_status,STRING
rpt-network-plng,sitetracker_data,LDR_ST_ALL_PROJECTS_V,savings,NUMERIC
rpt-network-plng,sitetracker_data,LDR_ST_ALL_PROJECTS_V,scope_of_work_defined_a,TIMESTAMP
rpt-network-plng,sitetracker_data,LDR_ST_ALL_PROJECTS_V,scope_of_work_defined_f,TIMESTAMP
rpt-network-plng,sitetracker_data,LDR_ST_ALL_PROJECTS_V,scope_of_work_review_a,TIMESTAMP
rpt-network-plng,sitetracker_data,LDR_ST_ALL_PROJECTS_V,scope_of_work_review_f,TIMESTAMP
rpt-network-plng,sitetracker_data,LDR_ST_ALL_PROJECTS_V,scopereview_cx,NUMERIC
rpt-network-plng,sitetracker_data,LDR_ST_ALL_PROJECTS_V,scopereviewsla,NUMERIC
rpt-network-plng,sitetracker_data,LDR_ST_ALL_PROJECTS_V,segment,STRING
rpt-network-plng,sitetracker_data,LDR_ST_ALL_PROJECTS_V,select_correct_build_type,STRING
rpt-network-plng,sitetracker_data,LDR_ST_ALL_PROJECTS_V,select_the_required_fields_needed,STRING
rpt-network-plng,sitetracker_data,LDR_ST_ALL_PROJECTS_V,send_response_letter_to_requestor_a,TIMESTAMP
rpt-network-plng,sitetracker_data,LDR_ST_ALL_PROJECTS_V,send_response_letter_to_requestor_f,TIMESTAMP
rpt-network-plng,sitetracker_data,LDR_ST_ALL_PROJECTS_V,sent_to_finance_for_cap_gov_review,NUMERIC
rpt-network-plng,sitetracker_data,LDR_ST_ALL_PROJECTS_V,service_area,STRING
rpt-network-plng,sitetracker_data,LDR_ST_ALL_PROJECTS_V,shelf,STRING
rpt-network-plng,sitetracker_data,LDR_ST_ALL_PROJECTS_V,site_name,STRING
rpt-network-plng,sitetracker_data,LDR_ST_ALL_PROJECTS_V,site_survey_complete_a,TIMESTAMP
rpt-network-plng,sitetracker_data,LDR_ST_ALL_PROJECTS_V,site_survey_complete_f,TIMESTAMP
rpt-network-plng,sitetracker_data,LDR_ST_ALL_PROJECTS_V,site_survey_issued_to_field_a,TIMESTAMP
rpt-network-plng,sitetracker_data,LDR_ST_ALL_PROJECTS_V,site_survey_issued_to_field_f,TIMESTAMP
rpt-network-plng,sitetracker_data,LDR_ST_ALL_PROJECTS_V,site_survey_scheduled_a,TIMESTAMP
rpt-network-plng,sitetracker_data,LDR_ST_ALL_PROJECTS_V,site_survey_scheduled_f,TIMESTAMP
rpt-network-plng,sitetracker_data,LDR_ST_ALL_PROJECTS_V,sitetracker_pm_name,STRING
rpt-network-plng,sitetracker_data,LDR_ST_ALL_PROJECTS_V,sitetracker_pm_cuid,STRING
rpt-network-plng,sitetracker_data,LDR_ST_ALL_PROJECTS_V,si_review_in_staging_a,TIMESTAMP
rpt-network-plng,sitetracker_data,LDR_ST_ALL_PROJECTS_V,si_review_in_staging_f,TIMESTAMP
rpt-network-plng,sitetracker_data,LDR_ST_ALL_PROJECTS_V,site_launch,STRING
rpt-network-plng,sitetracker_data,LDR_ST_ALL_PROJECTS_V,site_visit_completed_a,TIMESTAMP
rpt-network-plng,sitetracker_data,LDR_ST_ALL_PROJECTS_V,site_visit_completed_f,TIMESTAMP
rpt-network-plng,sitetracker_data,LDR_ST_ALL_PROJECTS_V,sl,STRING
rpt-network-plng,sitetracker_data,LDR_ST_ALL_PROJECTS_V,sl_complete_a,TIMESTAMP
rpt-network-plng,sitetracker_data,LDR_ST_ALL_PROJECTS_V,sl_complete_f,TIMESTAMP
rpt-network-plng,sitetracker_data,LDR_ST_ALL_PROJECTS_V,solicit_project_bids_a,TIMESTAMP
rpt-network-plng,sitetracker_data,LDR_ST_ALL_PROJECTS_V,solicit_project_bids_f,TIMESTAMP
rpt-network-plng,sitetracker_data,LDR_ST_ALL_PROJECTS_V,source,STRING
rpt-network-plng,sitetracker_data,LDR_ST_ALL_PROJECTS_V,sow_form,STRING
rpt-network-plng,sitetracker_data,LDR_ST_ALL_PROJECTS_V,sow_created_by_name,STRING
rpt-network-plng,sitetracker_data,LDR_ST_ALL_PROJECTS_V,sow_created_by_cuid,STRING
rpt-network-plng,sitetracker_data,LDR_ST_ALL_PROJECTS_V,sow_created_date,TIMESTAMP
rpt-network-plng,sitetracker_data,LDR_ST_ALL_PROJECTS_V,sow_form_not_same_as_community,NUMERIC
rpt-network-plng,sitetracker_data,LDR_ST_ALL_PROJECTS_V,sow_and_funding_has_been_confirmed_a,TIMESTAMP
rpt-network-plng,sitetracker_data,LDR_ST_ALL_PROJECTS_V,sow_and_funding_has_been_confirmed_f,TIMESTAMP
rpt-network-plng,sitetracker_data,LDR_ST_ALL_PROJECTS_V,sow_last_modified_by_name,STRING
rpt-network-plng,sitetracker_data,LDR_ST_ALL_PROJECTS_V,sow_last_modified_by_cuid,STRING
rpt-network-plng,sitetracker_data,LDR_ST_ALL_PROJECTS_V,sow_last_modified_date,TIMESTAMP
rpt-network-plng,sitetracker_data,LDR_ST_ALL_PROJECTS_V,splicing_supervisor_name,STRING
rpt-network-plng,sitetracker_data,LDR_ST_ALL_PROJECTS_V,splicing_supervisor_cuid,STRING
rpt-network-plng,sitetracker_data,LDR_ST_ALL_PROJECTS_V,splicing_a,TIMESTAMP
rpt-network-plng,sitetracker_data,LDR_ST_ALL_PROJECTS_V,splicing_f,TIMESTAMP
rpt-network-plng,sitetracker_data,LDR_ST_ALL_PROJECTS_V,splicing_large_a,TIMESTAMP
rpt-network-plng,sitetracker_data,LDR_ST_ALL_PROJECTS_V,splicing_large_f,TIMESTAMP
rpt-network-plng,sitetracker_data,LDR_ST_ALL_PROJECTS_V,splicing_small_a,TIMESTAMP
rpt-network-plng,sitetracker_data,LDR_ST_ALL_PROJECTS_V,splicing_small_f,TIMESTAMP
rpt-network-plng,sitetracker_data,LDR_ST_ALL_PROJECTS_V,splicing_special_a,TIMESTAMP
rpt-network-plng,sitetracker_data,LDR_ST_ALL_PROJECTS_V,splicing_special_f,TIMESTAMP
rpt-network-plng,sitetracker_data,LDR_ST_ALL_PROJECTS_V,splitter_size,STRING
rpt-network-plng,sitetracker_data,LDR_ST_ALL_PROJECTS_V,start_to_finish,NUMERIC
rpt-network-plng,sitetracker_data,LDR_ST_ALL_PROJECTS_V,step_1_business_operations_team_a,TIMESTAMP
rpt-network-plng,sitetracker_data,LDR_ST_ALL_PROJECTS_V,step_1_business_operations_team_f,TIMESTAMP
rpt-network-plng,sitetracker_data,LDR_ST_ALL_PROJECTS_V,step_2_si_a,TIMESTAMP
rpt-network-plng,sitetracker_data,LDR_ST_ALL_PROJECTS_V,step_2_si_f,TIMESTAMP
rpt-network-plng,sitetracker_data,LDR_ST_ALL_PROJECTS_V,submission_status,STRING
rpt-network-plng,sitetracker_data,LDR_ST_ALL_PROJECTS_V,submit_splicing_cutover_a,TIMESTAMP
rpt-network-plng,sitetracker_data,LDR_ST_ALL_PROJECTS_V,submit_splicing_cutover_f,TIMESTAMP
rpt-network-plng,sitetracker_data,LDR_ST_ALL_PROJECTS_V,submit_to_reg_if_plan_is_to_abandon_a,TIMESTAMP
rpt-network-plng,sitetracker_data,LDR_ST_ALL_PROJECTS_V,submit_to_reg_if_plan_is_to_abandon_f,TIMESTAMP
rpt-network-plng,sitetracker_data,LDR_ST_ALL_PROJECTS_V,submits_proposal_to_developer_a,TIMESTAMP
rpt-network-plng,sitetracker_data,LDR_ST_ALL_PROJECTS_V,submits_proposal_to_developer_f,TIMESTAMP
rpt-network-plng,sitetracker_data,LDR_ST_ALL_PROJECTS_V,submitted_on_time,STRING
rpt-network-plng,sitetracker_data,LDR_ST_ALL_PROJECTS_V,submitted_to_prod_a,TIMESTAMP
rpt-network-plng,sitetracker_data,LDR_ST_ALL_PROJECTS_V,submitted_to_prod_f,TIMESTAMP
rpt-network-plng,sitetracker_data,LDR_ST_ALL_PROJECTS_V,submitted_to_staging_a,TIMESTAMP
rpt-network-plng,sitetracker_data,LDR_ST_ALL_PROJECTS_V,submitted_to_staging_f,TIMESTAMP
rpt-network-plng,sitetracker_data,LDR_ST_ALL_PROJECTS_V,success_in_prod_a,TIMESTAMP
rpt-network-plng,sitetracker_data,LDR_ST_ALL_PROJECTS_V,success_in_prod_f,TIMESTAMP
rpt-network-plng,sitetracker_data,LDR_ST_ALL_PROJECTS_V,sum_of_lus,STRING
rpt-network-plng,sitetracker_data,LDR_ST_ALL_PROJECTS_V,tdm_required,STRING
rpt-network-plng,sitetracker_data,LDR_ST_ALL_PROJECTS_V,tech_resources_in_salesforce,STRING
rpt-network-plng,sitetracker_data,LDR_ST_ALL_PROJECTS_V,technically_complete_a,TIMESTAMP
rpt-network-plng,sitetracker_data,LDR_ST_ALL_PROJECTS_V,technically_complete_f,TIMESTAMP
rpt-network-plng,sitetracker_data,LDR_ST_ALL_PROJECTS_V,technically_complete_large_a,TIMESTAMP
rpt-network-plng,sitetracker_data,LDR_ST_ALL_PROJECTS_V,technically_complete_large_f,TIMESTAMP
rpt-network-plng,sitetracker_data,LDR_ST_ALL_PROJECTS_V,technically_complete_simple_a,TIMESTAMP
rpt-network-plng,sitetracker_data,LDR_ST_ALL_PROJECTS_V,technically_complete_simple_f,TIMESTAMP
rpt-network-plng,sitetracker_data,LDR_ST_ALL_PROJECTS_V,technically_complete_small_a,TIMESTAMP
rpt-network-plng,sitetracker_data,LDR_ST_ALL_PROJECTS_V,technically_complete_small_f,TIMESTAMP
rpt-network-plng,sitetracker_data,LDR_ST_ALL_PROJECTS_V,technically_complete_special_a,TIMESTAMP
rpt-network-plng,sitetracker_data,LDR_ST_ALL_PROJECTS_V,technically_complete_special_f,TIMESTAMP
rpt-network-plng,sitetracker_data,LDR_ST_ALL_PROJECTS_V,teco_to_close,NUMERIC
rpt-network-plng,sitetracker_data,LDR_ST_ALL_PROJECTS_V,term,NUMERIC
rpt-network-plng,sitetracker_data,LDR_ST_ALL_PROJECTS_V,test_turn_up_a,TIMESTAMP
rpt-network-plng,sitetracker_data,LDR_ST_ALL_PROJECTS_V,test_turn_up_f,TIMESTAMP
rpt-network-plng,sitetracker_data,LDR_ST_ALL_PROJECTS_V,third_party_make_ready_estimate_complete,TIMESTAMP
rpt-network-plng,sitetracker_data,LDR_ST_ALL_PROJECTS_V,tid,STRING
rpt-network-plng,sitetracker_data,LDR_ST_ALL_PROJECTS_V,tie_pair_name,STRING
rpt-network-plng,sitetracker_data,LDR_ST_ALL_PROJECTS_V,total_approved_budget_plan_amount,NUMERIC
rpt-network-plng,sitetracker_data,LDR_ST_ALL_PROJECTS_V,total_capital_request,NUMERIC
rpt-network-plng,sitetracker_data,LDR_ST_ALL_PROJECTS_V,total_fiber_aerial_footage,NUMERIC
rpt-network-plng,sitetracker_data,LDR_ST_ALL_PROJECTS_V,total_fiber_buried_ug_footage,NUMERIC
rpt-network-plng,sitetracker_data,LDR_ST_ALL_PROJECTS_V,total_fiber_footage,NUMERIC
rpt-network-plng,sitetracker_data,LDR_ST_ALL_PROJECTS_V,total_fiber_plcg_footage_complete,NUMERIC
rpt-network-plng,sitetracker_data,LDR_ST_ALL_PROJECTS_V,total_fiber_plcg_percentage,NUMERIC
rpt-network-plng,sitetracker_data,LDR_ST_ALL_PROJECTS_V,total_fiber_spl_footage_complete,NUMERIC
rpt-network-plng,sitetracker_data,LDR_ST_ALL_PROJECTS_V,total_fiber_spl_percentage,NUMERIC
rpt-network-plng,sitetracker_data,LDR_ST_ALL_PROJECTS_V,total_monthly_revenue,NUMERIC
rpt-network-plng,sitetracker_data,LDR_ST_ALL_PROJECTS_V,total_monthly_revenue_n,NUMERIC
rpt-network-plng,sitetracker_data,LDR_ST_ALL_PROJECTS_V,total_planned_amount,NUMERIC
rpt-network-plng,sitetracker_data,LDR_ST_ALL_PROJECTS_V,trench_type,STRING
rpt-network-plng,sitetracker_data,LDR_ST_ALL_PROJECTS_V,trigger_polygon_team,NUMERIC
rpt-network-plng,sitetracker_data,LDR_ST_ALL_PROJECTS_V,turned_up_market_launch_a,TIMESTAMP
rpt-network-plng,sitetracker_data,LDR_ST_ALL_PROJECTS_V,turned_up_market_launch_f,TIMESTAMP
rpt-network-plng,sitetracker_data,LDR_ST_ALL_PROJECTS_V,upload_asbuilts_a,TIMESTAMP
rpt-network-plng,sitetracker_data,LDR_ST_ALL_PROJECTS_V,upload_asbuilts_f,TIMESTAMP
rpt-network-plng,sitetracker_data,LDR_ST_ALL_PROJECTS_V,upload_asbuilts_large_a,TIMESTAMP
rpt-network-plng,sitetracker_data,LDR_ST_ALL_PROJECTS_V,upload_asbuilts_large_f,TIMESTAMP
rpt-network-plng,sitetracker_data,LDR_ST_ALL_PROJECTS_V,upload_asbuilts_simple_a,TIMESTAMP
rpt-network-plng,sitetracker_data,LDR_ST_ALL_PROJECTS_V,upload_asbuilts_simple_f,TIMESTAMP
rpt-network-plng,sitetracker_data,LDR_ST_ALL_PROJECTS_V,upload_asbuilts_small_a,TIMESTAMP
rpt-network-plng,sitetracker_data,LDR_ST_ALL_PROJECTS_V,upload_asbuilts_small_f,TIMESTAMP
rpt-network-plng,sitetracker_data,LDR_ST_ALL_PROJECTS_V,upload_asbuilts_special_a,TIMESTAMP
rpt-network-plng,sitetracker_data,LDR_ST_ALL_PROJECTS_V,upload_asbuilts_special_f,TIMESTAMP
rpt-network-plng,sitetracker_data,LDR_ST_ALL_PROJECTS_V,validate_qual_type_in_the_qf_portal_a,TIMESTAMP
rpt-network-plng,sitetracker_data,LDR_ST_ALL_PROJECTS_V,validate_qual_type_in_the_qf_portal_f,TIMESTAMP
rpt-network-plng,sitetracker_data,LDR_ST_ALL_PROJECTS_V,validate_route_a,TIMESTAMP
rpt-network-plng,sitetracker_data,LDR_ST_ALL_PROJECTS_V,validate_route_f,TIMESTAMP
rpt-network-plng,sitetracker_data,LDR_ST_ALL_PROJECTS_V,validate_route_special_a,TIMESTAMP
rpt-network-plng,sitetracker_data,LDR_ST_ALL_PROJECTS_V,validate_route_special_f,TIMESTAMP
rpt-network-plng,sitetracker_data,LDR_ST_ALL_PROJECTS_V,vendor_assignment_a,TIMESTAMP
rpt-network-plng,sitetracker_data,LDR_ST_ALL_PROJECTS_V,vendor_assignment_f,TIMESTAMP
rpt-network-plng,sitetracker_data,LDR_ST_ALL_PROJECTS_V,vendor_commitment_confirmed_a,TIMESTAMP
rpt-network-plng,sitetracker_data,LDR_ST_ALL_PROJECTS_V,vendor_commitment_confirmed_f,TIMESTAMP
rpt-network-plng,sitetracker_data,LDR_ST_ALL_PROJECTS_V,vendor_materials_ordered_a,TIMESTAMP
rpt-network-plng,sitetracker_data,LDR_ST_ALL_PROJECTS_V,vendor_materials_ordered_f,TIMESTAMP
rpt-network-plng,sitetracker_data,LDR_ST_ALL_PROJECTS_V,vendor_materials_received_a,TIMESTAMP
rpt-network-plng,sitetracker_data,LDR_ST_ALL_PROJECTS_V,vendor_materials_received_f,TIMESTAMP
rpt-network-plng,sitetracker_data,LDR_ST_ALL_PROJECTS_V,vendor_contract_assignment,STRING
rpt-network-plng,sitetracker_data,LDR_ST_ALL_PROJECTS_V,vendor_name,STRING
rpt-network-plng,sitetracker_data,LDR_ST_ALL_PROJECTS_V,vendor_type,STRING
rpt-network-plng,sitetracker_data,LDR_ST_ALL_PROJECTS_V,verify_actuals_a,TIMESTAMP
rpt-network-plng,sitetracker_data,LDR_ST_ALL_PROJECTS_V,verify_actuals_f,TIMESTAMP
rpt-network-plng,sitetracker_data,LDR_ST_ALL_PROJECTS_V,verify_actuals_large_a,TIMESTAMP
rpt-network-plng,sitetracker_data,LDR_ST_ALL_PROJECTS_V,verify_actuals_large_f,TIMESTAMP
rpt-network-plng,sitetracker_data,LDR_ST_ALL_PROJECTS_V,verify_actuals_simple_a,TIMESTAMP
rpt-network-plng,sitetracker_data,LDR_ST_ALL_PROJECTS_V,verify_actuals_simple_f,TIMESTAMP
rpt-network-plng,sitetracker_data,LDR_ST_ALL_PROJECTS_V,verify_actuals_small_a,TIMESTAMP
rpt-network-plng,sitetracker_data,LDR_ST_ALL_PROJECTS_V,verify_actuals_small_f,TIMESTAMP
rpt-network-plng,sitetracker_data,LDR_ST_ALL_PROJECTS_V,verify_actuals_special_a,TIMESTAMP
rpt-network-plng,sitetracker_data,LDR_ST_ALL_PROJECTS_V,verify_actuals_special_f,TIMESTAMP
rpt-network-plng,sitetracker_data,LDR_ST_ALL_PROJECTS_V,wfmt_project_id,STRING
rpt-network-plng,sitetracker_data,LDR_ST_ALL_PROJECTS_V,what_is_in_conflict,STRING
rpt-network-plng,sitetracker_data,LDR_ST_ALL_PROJECTS_V,what_job_placed_olt,STRING
rpt-network-plng,sitetracker_data,LDR_ST_ALL_PROJECTS_V,why,STRING
rpt-network-plng,sitetracker_data,LDR_ST_ALL_PROJECTS_V,why_now,STRING
rpt-network-plng,sitetracker_data,LDR_ST_ALL_PROJECTS_V,wire_center_exchange_mismatch,NUMERIC
rpt-network-plng,sitetracker_data,LDR_ST_ALL_PROJECTS_V,won_1st_home,STRING
rpt-network-plng,sitetracker_data,LDR_ST_ALL_PROJECTS_V,working_subs_on_fiber_amount,NUMERIC
rpt-network-plng,sitetracker_data,LDR_ST_ALL_PROJECTS_V,wrecking_restoral_a,TIMESTAMP
rpt-network-plng,sitetracker_data,LDR_ST_ALL_PROJECTS_V,wrecking_restoral_f,TIMESTAMP
rpt-network-plng,sitetracker_data,LDR_ST_ALL_PROJECTS_V,wrecking_restoral_large_a,TIMESTAMP
rpt-network-plng,sitetracker_data,LDR_ST_ALL_PROJECTS_V,wrecking_restoral_large_f,TIMESTAMP
rpt-network-plng,sitetracker_data,LDR_ST_ALL_PROJECTS_V,wrecking_restoral_special_a,TIMESTAMP
rpt-network-plng,sitetracker_data,LDR_ST_ALL_PROJECTS_V,wrecking_restoral_special_f,TIMESTAMP
rpt-network-plng,sitetracker_data,LDR_ST_ALL_PROJECTS_V,x3rd_party_aerial_make_ready_completed_a,TIMESTAMP
rpt-network-plng,sitetracker_data,LDR_ST_ALL_PROJECTS_V,x3rd_party_aerial_make_ready_completed_f,TIMESTAMP
rpt-network-plng,sitetracker_data,LDR_ST_ALL_PROJECTS_V,x3rd_party_process_triggered_a,TIMESTAMP
rpt-network-plng,sitetracker_data,LDR_ST_ALL_PROJECTS_V,x3rd_party_process_triggered_f,TIMESTAMP
rpt-network-plng,sitetracker_data,LDR_ST_ALL_PROJECTS_V,x3rd_party_received_a,TIMESTAMP
rpt-network-plng,sitetracker_data,LDR_ST_ALL_PROJECTS_V,x3rd_party_received_f,TIMESTAMP
rpt-network-plng,sitetracker_data,LDR_ST_ALL_PROJECTS_V,x3rd_party_received_special_a,TIMESTAMP
rpt-network-plng,sitetracker_data,LDR_ST_ALL_PROJECTS_V,x3rd_party_received_special_f,TIMESTAMP
rpt-network-plng,sitetracker_data,LDR_ST_ALL_PROJECTS_V,st_project_url,STRING
rpt-network-plng,sitetracker_data,LDR_ST_ALL_PROJECTS_V,st_parent_project_url,STRING
rpt-network-plng,sitetracker_data,LDR_ST_ALL_PROJECTS_V,st_parent_project_id,STRING
rpt-network-plng,sitetracker_data,LDR_ST_ALL_PROJECTS_V,st_parent_project_type,STRING
rpt-network-plng,sitetracker_data,LDR_ST_ALL_PROJECTS_V,st_internal_project_id,STRING
rpt-network-plng,sitetracker_data,LDR_ST_ALL_PROJECTS_V,st_internal_parent_project_id,STRING
rpt-network-plng,sitetracker_data,LDR_ST_ALL_PROJECTS_V,st_site_phase,STRING
rpt-network-plng,sitetracker_data,LDR_ST_ALL_PROJECTS_V,st_parent_child,STRING
rpt-network-plng,sitetracker_data,LDR_ST_ALL_PROJECTS_V,qf_inventory_complete_date,TIMESTAMP
rpt-network-plng,sitetracker_data,LDR_ST_ALL_PROJECTS_V,related_qf_project_id,STRING
rpt-network-plng,sitetracker_data,LDR_ST_ALL_PROJECTS_V,related_gpon_phase_project_id,STRING
rpt-network-plng,sitetracker_data,LDR_ST_ALL_PROJECTS_V,related_parent_project_id,STRING
rpt-network-plng,sitetracker_data,LDR_ST_ALL_PROJECTS_V,related_child_project_id,STRING
rpt-network-plng,sitetracker_data,LDR_ST_ALL_PROJECTS_V,community_project,STRING
rpt-network-plng,sitetracker_data,LDR_ST_ALL_PROJECTS_V,associated_project,STRING
rpt-network-plng,sitetracker_data,LDR_ST_ALL_PROJECTS_V,community_project_internal_id,STRING
rpt-network-plng,sitetracker_data,LDR_ST_ALL_PROJECTS_V,associated_project_internal_id,STRING
rpt-network-plng,sitetracker_data,LDR_ST_ALL_PROJECTS_V,sf_phase_record,STRING
rpt-network-plng,sitetracker_data,LDR_ST_ALL_PROJECTS_V,sf_implementation_record,STRING
rpt-network-plng,sitetracker_data,LDR_ST_ALL_PROJECTS_V,flag_for_migration,NUMERIC
rpt-network-plng,sitetracker_data,LDR_ST_ALL_PROJECTS_V,flag_for_deletion,NUMERIC
rpt-network-plng,sitetracker_data,LDR_ST_ALL_PROJECTS_V,meta_load_date_time,TIMESTAMP
rpt-network-plng,sitetracker_data,TMP_ST_ACTIVITY_ALL_T,ID_ACTIVITY_TABLE,STRING
rpt-network-plng,sitetracker_data,TMP_ST_ACTIVITY_ALL_T,ISDELETED,NUMERIC
rpt-network-plng,sitetracker_data,TMP_ST_ACTIVITY_ALL_T,NAME_ACTIVITY,STRING
rpt-network-plng,sitetracker_data,TMP_ST_ACTIVITY_ALL_T,CREATEDDATE,TIMESTAMP
rpt-network-plng,sitetracker_data,TMP_ST_ACTIVITY_ALL_T,CREATEDBYID,STRING
rpt-network-plng,sitetracker_data,TMP_ST_ACTIVITY_ALL_T,CREATED_BY,STRING
rpt-network-plng,sitetracker_data,TMP_ST_ACTIVITY_ALL_T,LASTMODIFIEDDATE,TIMESTAMP
rpt-network-plng,sitetracker_data,TMP_ST_ACTIVITY_ALL_T,LASTMODIFIEDBYID,STRING
rpt-network-plng,sitetracker_data,TMP_ST_ACTIVITY_ALL_T,LASTMODIFIEDBY,STRING
rpt-network-plng,sitetracker_data,TMP_ST_ACTIVITY_ALL_T,SYSTEMMODSTAMP,TIMESTAMP
rpt-network-plng,sitetracker_data,TMP_ST_ACTIVITY_ALL_T,LASTACTIVITYDATE,TIMESTAMP
rpt-network-plng,sitetracker_data,TMP_ST_ACTIVITY_ALL_T,LASTVIEWEDDATE,TIMESTAMP
rpt-network-plng,sitetracker_data,TMP_ST_ACTIVITY_ALL_T,LASTREFERENCEDDATE,TIMESTAMP
rpt-network-plng,sitetracker_data,TMP_ST_ACTIVITY_ALL_T,CONNECTIONRECEIVEDID,STRING
rpt-network-plng,sitetracker_data,TMP_ST_ACTIVITY_ALL_T,CONNECTIONSENTID,STRING
rpt-network-plng,sitetracker_data,TMP_ST_ACTIVITY_ALL_T,SITETRACKER__PROJECT,STRING
rpt-network-plng,sitetracker_data,TMP_ST_ACTIVITY_ALL_T,ST_PROJECT_ID,STRING
rpt-network-plng,sitetracker_data,TMP_ST_ACTIVITY_ALL_T,PROJECT_TYPE,STRING
rpt-network-plng,sitetracker_data,TMP_ST_ACTIVITY_ALL_T,GPON_FXP_SITE_PROJECT_TYPE,STRING
rpt-network-plng,sitetracker_data,TMP_ST_ACTIVITY_ALL_T,SITETRACKER__ACTION_VERB,STRING
rpt-network-plng,sitetracker_data,TMP_ST_ACTIVITY_ALL_T,SITETRACKER__ACTIVE,NUMERIC
rpt-network-plng,sitetracker_data,TMP_ST_ACTIVITY_ALL_T,SITETRACKER__ACTIVITYOWNER,STRING
rpt-network-plng,sitetracker_data,TMP_ST_ACTIVITY_ALL_T,ACTIVITY_OWNER,STRING
rpt-network-plng,sitetracker_data,TMP_ST_ACTIVITY_ALL_T,SITETRACKER__ACTIVITY_ACTIVE_D,TIMESTAMP
rpt-network-plng,sitetracker_data,TMP_ST_ACTIVITY_ALL_T,SITETRACKER__ACTIVITY_ACTIVITY,NUMERIC
rpt-network-plng,sitetracker_data,TMP_ST_ACTIVITY_ALL_T,SITETRACKER__ACTIVITY_CATEGORY,STRING
rpt-network-plng,sitetracker_data,TMP_ST_ACTIVITY_ALL_T,SITETRACKER__ACTIVITY_OWNER_OV,NUMERIC
rpt-network-plng,sitetracker_data,TMP_ST_ACTIVITY_ALL_T,SITETRACKER__ACTIVITY_OWNER_RE,STRING
rpt-network-plng,sitetracker_data,TMP_ST_ACTIVITY_ALL_T,SITETRACKER__ACTIVITY_OWNER,STRING
rpt-network-plng,sitetracker_data,TMP_ST_ACTIVITY_ALL_T,SITETRACKER__ACTIVITY_SEARCH__,STRING
rpt-network-plng,sitetracker_data,TMP_ST_ACTIVITY_ALL_T,SITETRACKER__ACTIVITY_SECTION_,STRING
rpt-network-plng,sitetracker_data,TMP_ST_ACTIVITY_ALL_T,SITETRACKER__ACTIVITY_STATUS__,STRING
rpt-network-plng,sitetracker_data,TMP_ST_ACTIVITY_ALL_T,SITETRACKER__ACTIVITY_TEMPLATE,STRING
rpt-network-plng,sitetracker_data,TMP_ST_ACTIVITY_ALL_T,SITETRACKER__ACTIVITY_TYPE,STRING
rpt-network-plng,sitetracker_data,TMP_ST_ACTIVITY_ALL_T,SITETRACKER__ACTUALDATE,TIMESTAMP
rpt-network-plng,sitetracker_data,TMP_ST_ACTIVITY_ALL_T,SITETRACKER__ACTUAL_MILESTONE_,STRING
rpt-network-plng,sitetracker_data,TMP_ST_ACTIVITY_ALL_T,SITETRACKER__APPROVED,NUMERIC
rpt-network-plng,sitetracker_data,TMP_ST_ACTIVITY_ALL_T,SITETRACKER__APPROVER,STRING
rpt-network-plng,sitetracker_data,TMP_ST_ACTIVITY_ALL_T,SITETRACKER__ATTACHMENT_COUNT_,NUMERIC
rpt-network-plng,sitetracker_data,TMP_ST_ACTIVITY_ALL_T,SITETRACKER__BASELINE_DATE,TIMESTAMP
rpt-network-plng,sitetracker_data,TMP_ST_ACTIVITY_ALL_T,SITETRACKER__BASELINE_TO_ACTUA,NUMERIC
rpt-network-plng,sitetracker_data,TMP_ST_ACTIVITY_ALL_T,SITETRACKERHECKLIST,STRING
rpt-network-plng,sitetracker_data,TMP_ST_ACTIVITY_ALL_T,SITETRACKEROMMENTS_HISTORY_,STRING
rpt-network-plng,sitetracker_data,TMP_ST_ACTIVITY_ALL_T,SITETRACKEROMMENTS,STRING
rpt-network-plng,sitetracker_data,TMP_ST_ACTIVITY_ALL_T,SITETRACKEROMPLETE,NUMERIC
rpt-network-plng,sitetracker_data,TMP_ST_ACTIVITY_ALL_T,SITETRACKEROMPLETED_PREDECE,STRING
rpt-network-plng,sitetracker_data,TMP_ST_ACTIVITY_ALL_T,SITETRACKERRITICAL,STRING
rpt-network-plng,sitetracker_data,TMP_ST_ACTIVITY_ALL_T,SITETRACKER__DURATION_OVERRIDE,NUMERIC
rpt-network-plng,sitetracker_data,TMP_ST_ACTIVITY_ALL_T,SITETRACKER__DURATION,NUMERIC
rpt-network-plng,sitetracker_data,TMP_ST_ACTIVITY_ALL_T,SITETRACKER__FINANCIAL,STRING
rpt-network-plng,sitetracker_data,TMP_ST_ACTIVITY_ALL_T,SITETRACKER__FORECAST_ACTUAL_F,STRING
rpt-network-plng,sitetracker_data,TMP_ST_ACTIVITY_ALL_T,SITETRACKER__FORECAST_ACTUAL__,TIMESTAMP
rpt-network-plng,sitetracker_data,TMP_ST_ACTIVITY_ALL_T,SITETRACKER__FORECAST_DATE_BLA,NUMERIC
rpt-network-plng,sitetracker_data,TMP_ST_ACTIVITY_ALL_T,SITETRACKER__FORECAST_DATE_CHA,NUMERIC
rpt-network-plng,sitetracker_data,TMP_ST_ACTIVITY_ALL_T,SITETRACKER__FORECAST_DATE_FIL,NUMERIC
rpt-network-plng,sitetracker_data,TMP_ST_ACTIVITY_ALL_T,SITETRACKER__FORECAST_DATE_PUL,NUMERIC
rpt-network-plng,sitetracker_data,TMP_ST_ACTIVITY_ALL_T,SITETRACKER__FORECAST_DATE_PUS,NUMERIC
rpt-network-plng,sitetracker_data,TMP_ST_ACTIVITY_ALL_T,SITETRACKER__FORECAST_DATE,TIMESTAMP
rpt-network-plng,sitetracker_data,TMP_ST_ACTIVITY_ALL_T,SITETRACKER__FORECAST_MILESTON,STRING
rpt-network-plng,sitetracker_data,TMP_ST_ACTIVITY_ALL_T,SITETRACKER__FORECAST_TO_ACTUA,NUMERIC
rpt-network-plng,sitetracker_data,TMP_ST_ACTIVITY_ALL_T,SITETRACKER__FORM_COMPLETE,NUMERIC
rpt-network-plng,sitetracker_data,TMP_ST_ACTIVITY_ALL_T,SITETRACKER__FORMATTED_ACTUAL_,STRING
rpt-network-plng,sitetracker_data,TMP_ST_ACTIVITY_ALL_T,SITETRACKER__FORMATTED_FORECAS,STRING
rpt-network-plng,sitetracker_data,TMP_ST_ACTIVITY_ALL_T,SITETRACKER__JOB,STRING
rpt-network-plng,sitetracker_data,TMP_ST_ACTIVITY_ALL_T,SITETRACKER__LATE_ENTRY_DAYS__,NUMERIC
rpt-network-plng,sitetracker_data,TMP_ST_ACTIVITY_ALL_T,SITETRACKER__LOCK,NUMERIC
rpt-network-plng,sitetracker_data,TMP_ST_ACTIVITY_ALL_T,SITETRACKER__MILESTONE_ACTUAL_,STRING
rpt-network-plng,sitetracker_data,TMP_ST_ACTIVITY_ALL_T,SITETRACKER__MILESTONE_FORECAS,STRING
rpt-network-plng,sitetracker_data,TMP_ST_ACTIVITY_ALL_T,SITETRACKER__MILESTONE_OBJECT_,STRING
rpt-network-plng,sitetracker_data,TMP_ST_ACTIVITY_ALL_T,SITETRACKER__MILESTONE,STRING
rpt-network-plng,sitetracker_data,TMP_ST_ACTIVITY_ALL_T,SITETRACKER__MY_ACTIVITY,NUMERIC
rpt-network-plng,sitetracker_data,TMP_ST_ACTIVITY_ALL_T,SITETRACKER__NA_DATE,TIMESTAMP
rpt-network-plng,sitetracker_data,TMP_ST_ACTIVITY_ALL_T,SITETRACKER__NA_REASON,STRING
rpt-network-plng,sitetracker_data,TMP_ST_ACTIVITY_ALL_T,SITETRACKER__NA,NUMERIC
rpt-network-plng,sitetracker_data,TMP_ST_ACTIVITY_ALL_T,SITETRACKER__NO_ACTIVITY_TEMPL,NUMERIC
rpt-network-plng,sitetracker_data,TMP_ST_ACTIVITY_ALL_T,SITETRACKER__NUMBER_OF_COMPLET,NUMERIC
rpt-network-plng,sitetracker_data,TMP_ST_ACTIVITY_ALL_T,SITETRACKER__NUMBER_OF_PREDECE,NUMERIC
rpt-network-plng,sitetracker_data,TMP_ST_ACTIVITY_ALL_T,SITETRACKER__OPTIONAL,NUMERIC
rpt-network-plng,sitetracker_data,TMP_ST_ACTIVITY_ALL_T,SITETRACKER__ORDER,NUMERIC
rpt-network-plng,sitetracker_data,TMP_ST_ACTIVITY_ALL_T,SITETRACKER__OVERDUE,NUMERIC
rpt-network-plng,sitetracker_data,TMP_ST_ACTIVITY_ALL_T,SITETRACKER__PREDECESSORS_COMP,TIMESTAMP
rpt-network-plng,sitetracker_data,TMP_ST_ACTIVITY_ALL_T,SITETRACKER__PREDECESSORS,STRING
rpt-network-plng,sitetracker_data,TMP_ST_ACTIVITY_ALL_T,SITETRACKER__PROJECT_TEMPLATE_,STRING
rpt-network-plng,sitetracker_data,TMP_ST_ACTIVITY_ALL_T,SITETRACKER__REJECTER,STRING
rpt-network-plng,sitetracker_data,TMP_ST_ACTIVITY_ALL_T,SITETRACKER__REWORK_COMMENTS__,STRING
rpt-network-plng,sitetracker_data,TMP_ST_ACTIVITY_ALL_T,SITETRACKER__REWORK_REASON_COD,STRING
rpt-network-plng,sitetracker_data,TMP_ST_ACTIVITY_ALL_T,SITETRACKER__REWORK,NUMERIC
rpt-network-plng,sitetracker_data,TMP_ST_ACTIVITY_ALL_T,SITETRACKER__SEND_EMAIL_ON_ACT,NUMERIC
rpt-network-plng,sitetracker_data,TMP_ST_ACTIVITY_ALL_T,SITETRACKER__WBS_CODE,STRING
rpt-network-plng,sitetracker_data,TMP_ST_ACTIVITY_ALL_T,ACTIVITY,STRING
rpt-network-plng,sitetracker_data,TMP_ST_ACTIVITY_ALL_T,COMPANY_CODE,STRING
rpt-network-plng,sitetracker_data,TMP_ST_ACTIVITY_ALL_T,CRITICAL_ACTIVITY,NUMERIC
rpt-network-plng,sitetracker_data,TMP_ST_ACTIVITY_ALL_T,MY_DIRECT_REPORT_S_ACTIVITY,NUMERIC
rpt-network-plng,sitetracker_data,TMP_ST_ACTIVITY_ALL_T,PROJECT_DESCRIPTION,STRING
rpt-network-plng,sitetracker_data,TMP_ST_ACTIVITY_ALL_T,PROJECT_ID,STRING
rpt-network-plng,sitetracker_data,TMP_ST_ACTIVITY_ALL_T,PROJECT_RECORD_ID,STRING
rpt-network-plng,sitetracker_data,TMP_ST_ACTIVITY_ALL_T,ACTIVE_HOLD,NUMERIC
rpt-network-plng,sitetracker_data,TMP_ST_ACTIVITY_ALL_T,OWNER_OVERRIDE_FORMULA,NUMERIC
rpt-network-plng,sitetracker_data,TMP_ST_ACTIVITY_ALL_T,MY_TEAM_S_ACTIVITY,NUMERIC
rpt-network-plng,sitetracker_data,TMP_ST_ACTIVITY_ALL_T,META_LOAD_DTTM,STRING
rpt-network-plng,sitetracker_data,ST_GENERIC_T,ST_PROJECT_ID,STRING
rpt-network-plng,sitetracker_data,ST_GENERIC_T,PROJECT_TYPE,STRING
rpt-network-plng,sitetracker_data,ST_GENERIC_T,JOB_TYPE__C,STRING
rpt-network-plng,sitetracker_data,ST_GENERIC_T,ASSOC_PROJECT_NAME,STRING
rpt-network-plng,sitetracker_data,ST_GENERIC_T,ASSOC_ST_PROJECT_ID,STRING
rpt-network-plng,sitetracker_data,ST_GENERIC_T,ASSOC_PROJECT_TYPE,STRING
rpt-network-plng,sitetracker_data,ST_GENERIC_T,SITETRACKER__PROJECT_STATUS,STRING
rpt-network-plng,sitetracker_data,ST_GENERIC_T,SAP_SYSTEM_STATUS,STRING
rpt-network-plng,sitetracker_data,ST_GENERIC_T,CURRENT_OPEN_ACTIVITY,STRING
rpt-network-plng,sitetracker_data,ST_GENERIC_T,FURTHEST_COMPLETED_ACTIVITY,STRING
rpt-network-plng,sitetracker_data,ST_GENERIC_T,PROJECT_NAME,STRING
rpt-network-plng,sitetracker_data,ST_GENERIC_T,PROJECT_DESCRIPTION,STRING
rpt-network-plng,sitetracker_data,ST_GENERIC_T,HELD_ORDER_ID,STRING
rpt-network-plng,sitetracker_data,ST_GENERIC_T,WHY_NOW,STRING
rpt-network-plng,sitetracker_data,ST_GENERIC_T,WHY,STRING
rpt-network-plng,sitetracker_data,ST_GENERIC_T,ORIGINAL_ECD_NCD,TIMESTAMP
rpt-network-plng,sitetracker_data,ST_GENERIC_T,MECD,TIMESTAMP
rpt-network-plng,sitetracker_data,ST_GENERIC_T,FIREWORKS_PROJECT_NUMBER,STRING
rpt-network-plng,sitetracker_data,ST_GENERIC_T,ASSOCIATED_PROJECT,STRING
rpt-network-plng,sitetracker_data,ST_GENERIC_T,RESPONSIBLE_PERSON,STRING
rpt-network-plng,sitetracker_data,ST_GENERIC_T,SERVICE_AREA,STRING
rpt-network-plng,sitetracker_data,ST_GENERIC_T,COMPANY_CODE,STRING
rpt-network-plng,sitetracker_data,ST_GENERIC_T,CAPITAL_APPROVAL_CODE,STRING
rpt-network-plng,sitetracker_data,ST_GENERIC_T,CITY,STRING
rpt-network-plng,sitetracker_data,ST_GENERIC_T,COUNTY,STRING
rpt-network-plng,sitetracker_data,ST_GENERIC_T,STATE,STRING
rpt-network-plng,sitetracker_data,ST_GENERIC_T,LEGACY_COMPANY,STRING
rpt-network-plng,sitetracker_data,ST_GENERIC_T,EXCHANGE_NAME,STRING
rpt-network-plng,sitetracker_data,ST_GENERIC_T,EXCHANGE,STRING
rpt-network-plng,sitetracker_data,ST_GENERIC_T,PRIMARY_WIRE_CENTER_ID,STRING
rpt-network-plng,sitetracker_data,ST_GENERIC_T,PRIMARY_WIRE_CENTER_NAME,STRING
rpt-network-plng,sitetracker_data,ST_GENERIC_T,INVESTMENT_REASON,STRING
rpt-network-plng,sitetracker_data,ST_GENERIC_T,MARKET_CLUSTER,STRING
rpt-network-plng,sitetracker_data,ST_GENERIC_T,VERB_CODE_AND_DESCRIPTION,STRING
rpt-network-plng,sitetracker_data,ST_GENERIC_T,PROGRAM_NAME,STRING
rpt-network-plng,sitetracker_data,ST_GENERIC_T,SOW_FORM_ID,STRING
rpt-network-plng,sitetracker_data,ST_GENERIC_T,SOW_FORM,STRING
rpt-network-plng,sitetracker_data,ST_GENERIC_T,FLAG_FOR_DELETION,NUMERIC
rpt-network-plng,sitetracker_data,ST_GENERIC_T,FLAG_FOR_MIGRATION,NUMERIC
rpt-network-plng,sitetracker_data,ST_GENERIC_T,CREATE_PROJECT_A,TIMESTAMP
rpt-network-plng,sitetracker_data,ST_GENERIC_T,CREATE_PROJECT_F,TIMESTAMP
rpt-network-plng,sitetracker_data,ST_GENERIC_T,DATA_COLLECTION_A,TIMESTAMP
rpt-network-plng,sitetracker_data,ST_GENERIC_T,DATA_COLLECTION_F,TIMESTAMP
rpt-network-plng,sitetracker_data,ST_GENERIC_T,SCOPE_OF_WORK_REVIEW_A,TIMESTAMP
rpt-network-plng,sitetracker_data,ST_GENERIC_T,SCOPE_OF_WORK_REVIEW_F,TIMESTAMP
rpt-network-plng,sitetracker_data,ST_GENERIC_T,PRELIMINARY_NETWORK_DESIGN_A,TIMESTAMP
rpt-network-plng,sitetracker_data,ST_GENERIC_T,PRELIMINARY_NETWORK_DESIGN_F,TIMESTAMP
rpt-network-plng,sitetracker_data,ST_GENERIC_T,SUBMIT_FUNDING_REQUEST_A,TIMESTAMP
rpt-network-plng,sitetracker_data,ST_GENERIC_T,SUBMIT_FUNDING_REQUEST_F,TIMESTAMP
rpt-network-plng,sitetracker_data,ST_GENERIC_T,FUNDING_RECEIVED_A,TIMESTAMP
rpt-network-plng,sitetracker_data,ST_GENERIC_T,FUNDING_RECEIVED_F,TIMESTAMP
rpt-network-plng,sitetracker_data,ST_GENERIC_T,RELEASED_TO_CONSTRUCTION_A,TIMESTAMP
rpt-network-plng,sitetracker_data,ST_GENERIC_T,RELEASED_TO_CONSTRUCTION_F,TIMESTAMP
rpt-network-plng,sitetracker_data,ST_GENERIC_T,PERMITTING_RIGHT_OF_WAY_DEPEND_A,TIMESTAMP
rpt-network-plng,sitetracker_data,ST_GENERIC_T,PERMITTING_RIGHT_OF_WAY_DEPEN_F,TIMESTAMP
rpt-network-plng,sitetracker_data,ST_GENERIC_T,MATERIALS_RECEIVED_A,TIMESTAMP
rpt-network-plng,sitetracker_data,ST_GENERIC_T,MATERIALS_RECEIVED_F,TIMESTAMP
rpt-network-plng,sitetracker_data,ST_GENERIC_T,VENDOR_ASSIGNMENT_A,TIMESTAMP
rpt-network-plng,sitetracker_data,ST_GENERIC_T,VENDOR_ASSIGNMENT_F,TIMESTAMP
rpt-network-plng,sitetracker_data,ST_GENERIC_T,ISSUE_PRINTS_LEEP_E1F1_COMPLETE_A,TIMESTAMP
rpt-network-plng,sitetracker_data,ST_GENERIC_T,ISSUE_PRINTS_LEEP_E1F1_COMPLE1E_F,TIMESTAMP
rpt-network-plng,sitetracker_data,ST_GENERIC_T,IMPLEMENTATION_A,TIMESTAMP
rpt-network-plng,sitetracker_data,ST_GENERIC_T,IMPLEMENTATION_F,TIMESTAMP
rpt-network-plng,sitetracker_data,ST_GENERIC_T,PLACING_A,TIMESTAMP
rpt-network-plng,sitetracker_data,ST_GENERIC_T,PLACING_F,TIMESTAMP
rpt-network-plng,sitetracker_data,ST_GENERIC_T,SPLICING_A,TIMESTAMP
rpt-network-plng,sitetracker_data,ST_GENERIC_T,SPLICING_F,TIMESTAMP
rpt-network-plng,sitetracker_data,ST_GENERIC_T,TEST_TURN_UP_A,TIMESTAMP
rpt-network-plng,sitetracker_data,ST_GENERIC_T,TEST_TURN_UP_F,TIMESTAMP
rpt-network-plng,sitetracker_data,ST_GENERIC_T,WRECKING_RESTORAL_A,TIMESTAMP
rpt-network-plng,sitetracker_data,ST_GENERIC_T,WRECKING_RESTORAL_F,TIMESTAMP
rpt-network-plng,sitetracker_data,ST_GENERIC_T,UPLOAD_ASBUILTS_A,TIMESTAMP
rpt-network-plng,sitetracker_data,ST_GENERIC_T,UPLOAD_ASBUILTS_F,TIMESTAMP
rpt-network-plng,sitetracker_data,ST_GENERIC_T,RECORD_UPDATES_FINAL_POST_A,TIMESTAMP
rpt-network-plng,sitetracker_data,ST_GENERIC_T,RECORD_UPDATES_FINAL_POST_F,TIMESTAMP
rpt-network-plng,sitetracker_data,ST_GENERIC_T,FINALIZE_ALL_VENDOR_INVOICING_F,TIMESTAMP
rpt-network-plng,sitetracker_data,ST_GENERIC_T,FINALIZE_ALL_VENDOR_INVOICING_A,TIMESTAMP
rpt-network-plng,sitetracker_data,ST_GENERIC_T,TECHNICALLY_COMPLETE_A,TIMESTAMP
rpt-network-plng,sitetracker_data,ST_GENERIC_T,TECHNICALLY_COMPLETE_F,TIMESTAMP
rpt-network-plng,sitetracker_data,ST_GENERIC_T,CLOSE_FINANCIAL_TOOL_A,TIMESTAMP
rpt-network-plng,sitetracker_data,ST_GENERIC_T,CLOSE_FINANCIAL_TOOL_F,TIMESTAMP
rpt-network-plng,sitetracker_data,ST_GENERIC_T,DATE_AUDIT_COMPLETED,TIMESTAMP
rpt-network-plng,sitetracker_data,ST_GENERIC_T,DATE_AUDIT_STARTED,TIMESTAMP
rpt-network-plng,sitetracker_data,ST_GENERIC_T,PROJECT_AUDIT_COMMENTS,STRING
rpt-network-plng,sitetracker_data,ST_GENERIC_T,PROJECT_AUDIT_REQUESTED,NUMERIC
rpt-network-plng,sitetracker_data,ST_GENERIC_T,SITETRACKER__SITE,STRING
rpt-network-plng,sitetracker_data,ST_GENERIC_T,SEGMENT,STRING
rpt-network-plng,sitetracker_data,ST_GENERIC_T,ADDRESS,STRING
rpt-network-plng,sitetracker_data,ST_GENERIC_T,LONGITUDE,STRING
rpt-network-plng,sitetracker_data,ST_GENERIC_T,LATITUDE,STRING
rpt-network-plng,sitetracker_data,ST_GENERIC_T,SITETRACKER__PROJECT_STATUS_O1,NUMERIC
rpt-network-plng,sitetracker_data,ST_GENERIC_T,SITETRACKER__PROJECT_STATUS_OV,STRING
rpt-network-plng,sitetracker_data,ST_GENERIC_T,PROJECT_COMMENTS_HISTORY_LONG_TEXT,STRING
rpt-network-plng,sitetracker_data,ST_GENERIC_T,PROJECT_COMMENTS_LONG_TEXT,STRING
rpt-network-plng,sitetracker_data,ST_GENERIC_T,PLANNER,STRING
rpt-network-plng,sitetracker_data,ST_GENERIC_T,OSP_ENG,STRING
rpt-network-plng,sitetracker_data,ST_GENERIC_T,CONSTRUCTION_COORDINATOR,STRING
rpt-network-plng,sitetracker_data,ST_GENERIC_T,OSP_ENG_MANAGER,STRING
rpt-network-plng,sitetracker_data,ST_GENERIC_T,OSP_ENG_DIRECTOR,STRING
rpt-network-plng,sitetracker_data,ST_GENERIC_T,PROJECT_MANAGER,STRING
rpt-network-plng,sitetracker_data,ST_GENERIC_T,SPLICING_SUPERVISOR,STRING
rpt-network-plng,sitetracker_data,ST_GENERIC_T,CREATEDBY,STRING
rpt-network-plng,sitetracker_data,ST_GENERIC_T,CREATEDDATE,TIMESTAMP
rpt-network-plng,sitetracker_data,ST_GENERIC_T,F1_FOOTAGE_PLCG_COMPLETE,NUMERIC
rpt-network-plng,sitetracker_data,ST_GENERIC_T,F1_FOOTAGE_SPL_COMPLETE,NUMERIC
rpt-network-plng,sitetracker_data,ST_GENERIC_T,F1_PLCG_PERCENTAGE_COMPLETE,NUMERIC
rpt-network-plng,sitetracker_data,ST_GENERIC_T,F1_SPL_PERCENTAGE_COMPLETE,NUMERIC
rpt-network-plng,sitetracker_data,ST_GENERIC_T,F2_FOOTAGE_PLCG_COMPLETE,NUMERIC
rpt-network-plng,sitetracker_data,ST_GENERIC_T,F2_FOOTAGE_SPL_COMPLETE,NUMERIC
rpt-network-plng,sitetracker_data,ST_GENERIC_T,F2_PLCG_PERCENTAGE_COMPLETE,NUMERIC
rpt-network-plng,sitetracker_data,ST_GENERIC_T,F2_SPL_PERCENTAGE_COMPLETE,NUMERIC
rpt-network-plng,sitetracker_data,ST_GENERIC_T,TOTAL_FIBER_FOOTAGE,NUMERIC
rpt-network-plng,sitetracker_data,ST_GENERIC_T,TOTAL_FIBER_PLCG_FOOTAGE_COMPL,NUMERIC
rpt-network-plng,sitetracker_data,ST_GENERIC_T,TOTAL_FIBER_PLCG_PERCENTAGE,NUMERIC
rpt-network-plng,sitetracker_data,ST_GENERIC_T,TOTAL_FIBER_SPL_FOOTAGE_COMPLE,NUMERIC
rpt-network-plng,sitetracker_data,ST_GENERIC_T,TOTAL_FIBER_SPL_PERCENTAGE,NUMERIC
rpt-network-plng,sitetracker_data,ST_GENERIC_T,ST_PROJECT_URL,STRING
rpt-network-plng,sitetracker_data,ST_GENERIC_T,FW_PROJECT_URL,STRING
rpt-network-plng,sitetracker_data,ST_GENERIC_T,ID,STRING
rpt-network-plng,sitetracker_data,ST_GENERIC_T,META_LOAD_DTTM,DATE
rpt-network-plng,sitetracker_data,TMP_ST_GENERIC_T,ST_PROJECT_ID,STRING
rpt-network-plng,sitetracker_data,TMP_ST_GENERIC_T,PROJECT_TYPE,STRING
rpt-network-plng,sitetracker_data,TMP_ST_GENERIC_T,JOB_TYPE__C,STRING
rpt-network-plng,sitetracker_data,TMP_ST_GENERIC_T,ASSOC_PROJECT_NAME,STRING
rpt-network-plng,sitetracker_data,TMP_ST_GENERIC_T,ASSOC_ST_PROJECT_ID,STRING
rpt-network-plng,sitetracker_data,TMP_ST_GENERIC_T,ASSOC_PROJECT_TYPE,STRING
rpt-network-plng,sitetracker_data,TMP_ST_GENERIC_T,SITETRACKER__PROJECT_STATUS,STRING
rpt-network-plng,sitetracker_data,TMP_ST_GENERIC_T,SAP_SYSTEM_STATUS,STRING
rpt-network-plng,sitetracker_data,TMP_ST_GENERIC_T,CURRENT_OPEN_ACTIVITY,STRING
rpt-network-plng,sitetracker_data,TMP_ST_GENERIC_T,FURTHEST_COMPLETED_ACTIVITY,STRING
rpt-network-plng,sitetracker_data,TMP_ST_GENERIC_T,PROJECT_NAME,STRING
rpt-network-plng,sitetracker_data,TMP_ST_GENERIC_T,PROJECT_DESCRIPTION,STRING
rpt-network-plng,sitetracker_data,TMP_ST_GENERIC_T,HELD_ORDER_ID,STRING
rpt-network-plng,sitetracker_data,TMP_ST_GENERIC_T,WHY_NOW,STRING
rpt-network-plng,sitetracker_data,TMP_ST_GENERIC_T,WHY,STRING
rpt-network-plng,sitetracker_data,TMP_ST_GENERIC_T,ORIGINAL_ECD_NCD,TIMESTAMP
rpt-network-plng,sitetracker_data,TMP_ST_GENERIC_T,MECD,TIMESTAMP
rpt-network-plng,sitetracker_data,TMP_ST_GENERIC_T,FIREWORKS_PROJECT_NUMBER,STRING
rpt-network-plng,sitetracker_data,TMP_ST_GENERIC_T,ASSOCIATED_PROJECT,STRING
rpt-network-plng,sitetracker_data,TMP_ST_GENERIC_T,RESPONSIBLE_PERSON,STRING
rpt-network-plng,sitetracker_data,TMP_ST_GENERIC_T,SERVICE_AREA,STRING
rpt-network-plng,sitetracker_data,TMP_ST_GENERIC_T,COMPANY_CODE,STRING
rpt-network-plng,sitetracker_data,TMP_ST_GENERIC_T,CAPITAL_APPROVAL_CODE,STRING
rpt-network-plng,sitetracker_data,TMP_ST_GENERIC_T,CITY,STRING
rpt-network-plng,sitetracker_data,TMP_ST_GENERIC_T,COUNTY,STRING
rpt-network-plng,sitetracker_data,TMP_ST_GENERIC_T,STATE,STRING
rpt-network-plng,sitetracker_data,TMP_ST_GENERIC_T,LEGACY_COMPANY,STRING
rpt-network-plng,sitetracker_data,TMP_ST_GENERIC_T,EXCHANGE_NAME,STRING
rpt-network-plng,sitetracker_data,TMP_ST_GENERIC_T,EXCHANGE,STRING
rpt-network-plng,sitetracker_data,TMP_ST_GENERIC_T,PRIMARY_WIRE_CENTER_ID,STRING
rpt-network-plng,sitetracker_data,TMP_ST_GENERIC_T,PRIMARY_WIRE_CENTER_NAME,STRING
rpt-network-plng,sitetracker_data,TMP_ST_GENERIC_T,INVESTMENT_REASON,STRING
rpt-network-plng,sitetracker_data,TMP_ST_GENERIC_T,MARKET_CLUSTER,STRING
rpt-network-plng,sitetracker_data,TMP_ST_GENERIC_T,VERB_CODE_AND_DESCRIPTION,STRING
rpt-network-plng,sitetracker_data,TMP_ST_GENERIC_T,PROGRAM_NAME,STRING
rpt-network-plng,sitetracker_data,TMP_ST_GENERIC_T,SOW_FORM_ID,STRING
rpt-network-plng,sitetracker_data,TMP_ST_GENERIC_T,SOW_FORM,STRING
rpt-network-plng,sitetracker_data,TMP_ST_GENERIC_T,FLAG_FOR_DELETION,NUMERIC
rpt-network-plng,sitetracker_data,TMP_ST_GENERIC_T,FLAG_FOR_MIGRATION,NUMERIC
rpt-network-plng,sitetracker_data,TMP_ST_GENERIC_T,CREATE_PROJECT_A,TIMESTAMP
rpt-network-plng,sitetracker_data,TMP_ST_GENERIC_T,CREATE_PROJECT_F,TIMESTAMP
rpt-network-plng,sitetracker_data,TMP_ST_GENERIC_T,DATA_COLLECTION_A,TIMESTAMP
rpt-network-plng,sitetracker_data,TMP_ST_GENERIC_T,DATA_COLLECTION_F,TIMESTAMP
rpt-network-plng,sitetracker_data,TMP_ST_GENERIC_T,SCOPE_OF_WORK_REVIEW_A,TIMESTAMP
rpt-network-plng,sitetracker_data,TMP_ST_GENERIC_T,SCOPE_OF_WORK_REVIEW_F,TIMESTAMP
rpt-network-plng,sitetracker_data,TMP_ST_GENERIC_T,PRELIMINARY_NETWORK_DESIGN_A,TIMESTAMP
rpt-network-plng,sitetracker_data,TMP_ST_GENERIC_T,PRELIMINARY_NETWORK_DESIGN_F,TIMESTAMP
rpt-network-plng,sitetracker_data,TMP_ST_GENERIC_T,SUBMIT_FUNDING_REQUEST_A,TIMESTAMP
rpt-network-plng,sitetracker_data,TMP_ST_GENERIC_T,SUBMIT_FUNDING_REQUEST_F,TIMESTAMP
rpt-network-plng,sitetracker_data,TMP_ST_GENERIC_T,FUNDING_RECEIVED_A,TIMESTAMP
rpt-network-plng,sitetracker_data,TMP_ST_GENERIC_T,FUNDING_RECEIVED_F,TIMESTAMP
rpt-network-plng,sitetracker_data,TMP_ST_GENERIC_T,RELEASED_TO_CONSTRUCTION_A,TIMESTAMP
rpt-network-plng,sitetracker_data,TMP_ST_GENERIC_T,RELEASED_TO_CONSTRUCTION_F,TIMESTAMP
rpt-network-plng,sitetracker_data,TMP_ST_GENERIC_T,PERMITTING_RIGHT_OF_WAY_DEPEND_A,TIMESTAMP
rpt-network-plng,sitetracker_data,TMP_ST_GENERIC_T,PERMITTING_RIGHT_OF_WAY_DEPEN_F,TIMESTAMP
rpt-network-plng,sitetracker_data,TMP_ST_GENERIC_T,MATERIALS_RECEIVED_A,TIMESTAMP
rpt-network-plng,sitetracker_data,TMP_ST_GENERIC_T,MATERIALS_RECEIVED_F,TIMESTAMP
rpt-network-plng,sitetracker_data,TMP_ST_GENERIC_T,VENDOR_ASSIGNMENT_A,TIMESTAMP
rpt-network-plng,sitetracker_data,TMP_ST_GENERIC_T,VENDOR_ASSIGNMENT_F,TIMESTAMP
rpt-network-plng,sitetracker_data,TMP_ST_GENERIC_T,ISSUE_PRINTS_LEEP_E1F1_COMPLETE_A,TIMESTAMP
rpt-network-plng,sitetracker_data,TMP_ST_GENERIC_T,ISSUE_PRINTS_LEEP_E1F1_COMPLE1E_F,TIMESTAMP
rpt-network-plng,sitetracker_data,TMP_ST_GENERIC_T,IMPLEMENTATION_A,TIMESTAMP
rpt-network-plng,sitetracker_data,TMP_ST_GENERIC_T,IMPLEMENTATION_F,TIMESTAMP
rpt-network-plng,sitetracker_data,TMP_ST_GENERIC_T,PLACING_A,TIMESTAMP
rpt-network-plng,sitetracker_data,TMP_ST_GENERIC_T,PLACING_F,TIMESTAMP
rpt-network-plng,sitetracker_data,TMP_ST_GENERIC_T,SPLICING_A,TIMESTAMP
rpt-network-plng,sitetracker_data,TMP_ST_GENERIC_T,SPLICING_F,TIMESTAMP
rpt-network-plng,sitetracker_data,TMP_ST_GENERIC_T,TEST_TURN_UP_A,TIMESTAMP
rpt-network-plng,sitetracker_data,TMP_ST_GENERIC_T,TEST_TURN_UP_F,TIMESTAMP
rpt-network-plng,sitetracker_data,TMP_ST_GENERIC_T,WRECKING_RESTORAL_A,TIMESTAMP
rpt-network-plng,sitetracker_data,TMP_ST_GENERIC_T,WRECKING_RESTORAL_F,TIMESTAMP
rpt-network-plng,sitetracker_data,TMP_ST_GENERIC_T,UPLOAD_ASBUILTS_A,TIMESTAMP
rpt-network-plng,sitetracker_data,TMP_ST_GENERIC_T,UPLOAD_ASBUILTS_F,TIMESTAMP
rpt-network-plng,sitetracker_data,TMP_ST_GENERIC_T,RECORD_UPDATES_FINAL_POST_A,TIMESTAMP
rpt-network-plng,sitetracker_data,TMP_ST_GENERIC_T,RECORD_UPDATES_FINAL_POST_F,TIMESTAMP
rpt-network-plng,sitetracker_data,TMP_ST_GENERIC_T,FINALIZE_ALL_VENDOR_INVOICING_F,TIMESTAMP
rpt-network-plng,sitetracker_data,TMP_ST_GENERIC_T,FINALIZE_ALL_VENDOR_INVOICING_A,TIMESTAMP
rpt-network-plng,sitetracker_data,TMP_ST_GENERIC_T,TECHNICALLY_COMPLETE_A,TIMESTAMP
rpt-network-plng,sitetracker_data,TMP_ST_GENERIC_T,TECHNICALLY_COMPLETE_F,TIMESTAMP
rpt-network-plng,sitetracker_data,TMP_ST_GENERIC_T,CLOSE_FINANCIAL_TOOL_A,TIMESTAMP
rpt-network-plng,sitetracker_data,TMP_ST_GENERIC_T,CLOSE_FINANCIAL_TOOL_F,TIMESTAMP
rpt-network-plng,sitetracker_data,TMP_ST_GENERIC_T,DATE_AUDIT_COMPLETED,TIMESTAMP
rpt-network-plng,sitetracker_data,TMP_ST_GENERIC_T,DATE_AUDIT_STARTED,TIMESTAMP
rpt-network-plng,sitetracker_data,TMP_ST_GENERIC_T,PROJECT_AUDIT_COMMENTS,STRING
rpt-network-plng,sitetracker_data,TMP_ST_GENERIC_T,PROJECT_AUDIT_REQUESTED,NUMERIC
rpt-network-plng,sitetracker_data,TMP_ST_GENERIC_T,SITETRACKER__SITE,STRING
rpt-network-plng,sitetracker_data,TMP_ST_GENERIC_T,SEGMENT,STRING
rpt-network-plng,sitetracker_data,TMP_ST_GENERIC_T,ADDRESS,STRING
rpt-network-plng,sitetracker_data,TMP_ST_GENERIC_T,LONGITUDE,STRING
rpt-network-plng,sitetracker_data,TMP_ST_GENERIC_T,LATITUDE,STRING
rpt-network-plng,sitetracker_data,TMP_ST_GENERIC_T,SITETRACKER__PROJECT_STATUS_O1,NUMERIC
rpt-network-plng,sitetracker_data,TMP_ST_GENERIC_T,SITETRACKER__PROJECT_STATUS_OV,STRING
rpt-network-plng,sitetracker_data,TMP_ST_GENERIC_T,PROJECT_COMMENTS_HISTORY_LONG_TEXT,STRING
rpt-network-plng,sitetracker_data,TMP_ST_GENERIC_T,PROJECT_COMMENTS_LONG_TEXT,STRING
rpt-network-plng,sitetracker_data,TMP_ST_GENERIC_T,PLANNER,STRING
rpt-network-plng,sitetracker_data,TMP_ST_GENERIC_T,OSP_ENG,STRING
rpt-network-plng,sitetracker_data,TMP_ST_GENERIC_T,CONSTRUCTION_COORDINATOR,STRING
rpt-network-plng,sitetracker_data,TMP_ST_GENERIC_T,OSP_ENG_MANAGER,STRING
rpt-network-plng,sitetracker_data,TMP_ST_GENERIC_T,OSP_ENG_DIRECTOR,STRING
rpt-network-plng,sitetracker_data,TMP_ST_GENERIC_T,PROJECT_MANAGER,STRING
rpt-network-plng,sitetracker_data,TMP_ST_GENERIC_T,SPLICING_SUPERVISOR,STRING
rpt-network-plng,sitetracker_data,TMP_ST_GENERIC_T,CREATEDBY,STRING
rpt-network-plng,sitetracker_data,TMP_ST_GENERIC_T,CREATEDDATE,TIMESTAMP
rpt-network-plng,sitetracker_data,TMP_ST_GENERIC_T,F1_FOOTAGE_PLCG_COMPLETE,NUMERIC
rpt-network-plng,sitetracker_data,TMP_ST_GENERIC_T,F1_FOOTAGE_SPL_COMPLETE,NUMERIC
rpt-network-plng,sitetracker_data,TMP_ST_GENERIC_T,F1_PLCG_PERCENTAGE_COMPLETE,NUMERIC
rpt-network-plng,sitetracker_data,TMP_ST_GENERIC_T,F1_SPL_PERCENTAGE_COMPLETE,NUMERIC
rpt-network-plng,sitetracker_data,TMP_ST_GENERIC_T,F2_FOOTAGE_PLCG_COMPLETE,NUMERIC
rpt-network-plng,sitetracker_data,TMP_ST_GENERIC_T,F2_FOOTAGE_SPL_COMPLETE,NUMERIC
rpt-network-plng,sitetracker_data,TMP_ST_GENERIC_T,F2_PLCG_PERCENTAGE_COMPLETE,NUMERIC
rpt-network-plng,sitetracker_data,TMP_ST_GENERIC_T,F2_SPL_PERCENTAGE_COMPLETE,NUMERIC
rpt-network-plng,sitetracker_data,TMP_ST_GENERIC_T,TOTAL_FIBER_FOOTAGE,NUMERIC
rpt-network-plng,sitetracker_data,TMP_ST_GENERIC_T,TOTAL_FIBER_PLCG_FOOTAGE_COMPL,NUMERIC
rpt-network-plng,sitetracker_data,TMP_ST_GENERIC_T,TOTAL_FIBER_PLCG_PERCENTAGE,NUMERIC
rpt-network-plng,sitetracker_data,TMP_ST_GENERIC_T,TOTAL_FIBER_SPL_FOOTAGE_COMPLE,NUMERIC
rpt-network-plng,sitetracker_data,TMP_ST_GENERIC_T,TOTAL_FIBER_SPL_PERCENTAGE,NUMERIC
rpt-network-plng,sitetracker_data,TMP_ST_GENERIC_T,ST_PROJECT_URL,STRING
rpt-network-plng,sitetracker_data,TMP_ST_GENERIC_T,FW_PROJECT_URL,STRING
rpt-network-plng,sitetracker_data,TMP_ST_GENERIC_T,ID,STRING
rpt-network-plng,sitetracker_data,TMP_ST_GENERIC_T,META_LOAD_DTTM,DATE
rpt-network-plng,sitetracker_data,ST_FXP_CORPORATE_DASHBOARD_V,SITE_ST_PROJECT_ID,STRING
rpt-network-plng,sitetracker_data,ST_FXP_CORPORATE_DASHBOARD_V,ST_PROJECT_ID,STRING
rpt-network-plng,sitetracker_data,ST_FXP_CORPORATE_DASHBOARD_V,PHASE_ML_ECD_LOGIC,DATE
rpt-network-plng,sitetracker_data,ST_FXP_CORPORATE_DASHBOARD_V,PHASE_ECD_LOGIC,DATE
rpt-network-plng,sitetracker_data,ST_FXP_CORPORATE_DASHBOARD_V,STATE,STRING
rpt-network-plng,sitetracker_data,ST_FXP_CORPORATE_DASHBOARD_V,PRIMARY_WIRE_CENTER_NAME,STRING
rpt-network-plng,sitetracker_data,ST_FXP_CORPORATE_DASHBOARD_V,PHASE_OSP_ENG_DIRECTOR_NAME,STRING
rpt-network-plng,sitetracker_data,ST_FXP_CORPORATE_DASHBOARD_V,PHASE_OSP_MANAGER_NAME,STRING
rpt-network-plng,sitetracker_data,ST_FXP_CORPORATE_DASHBOARD_V,SITE_GPON_PM_NAME,STRING
rpt-network-plng,sitetracker_data,ST_FXP_CORPORATE_DASHBOARD_V,PHASE_GPON_PM_NAME,STRING
rpt-network-plng,sitetracker_data,ST_FXP_CORPORATE_DASHBOARD_V,BUSINESS_CASE,STRING
rpt-network-plng,sitetracker_data,ST_FXP_CORPORATE_DASHBOARD_V,PHASE_NUM_OF_LUS,NUMERIC
rpt-network-plng,sitetracker_data,ST_FXP_CORPORATE_DASHBOARD_V,SITEWALK_COMPLETED_A,DATE
rpt-network-plng,sitetracker_data,ST_FXP_CORPORATE_DASHBOARD_V,PERMITTING_RIGHT_OF_WAY_DEPENDENCIES_A,DATE
rpt-network-plng,sitetracker_data,ST_FXP_CORPORATE_DASHBOARD_V,PHASE_PROJECT_STATUS,STRING
rpt-network-plng,sitetracker_data,ST_FXP_CORPORATE_DASHBOARD_V,FIELD_TYPE,STRING
rpt-network-plng,sitetracker_data,ST_FXP_CORPORATE_DASHBOARD_V,INVESTMENT_REASON,STRING
rpt-network-plng,sitetracker_data,ST_FXP_CORPORATE_DASHBOARD_V,PRIMARY_WIRE_CENTER_ID,STRING
rpt-network-plng,sitetracker_data,ST_FXP_CORPORATE_DASHBOARD_V,SITE_PROJECT_TYPE,STRING
rpt-network-plng,sitetracker_data,ST_FXP_CORPORATE_DASHBOARD_V,ENGINEERING_FUNDED,STRING
rpt-network-plng,sitetracker_data,ST_FXP_CORPORATE_DASHBOARD_V,BUILD_OR_NO_BUILD,STRING
rpt-network-plng,sitetracker_data,ST_FXP_CORPORATE_DASHBOARD_V,NI_ACCEPTED_HANDOFF_F,DATE
rpt-network-plng,sitetracker_data,ST_FXP_CORPORATE_DASHBOARD_V,NI_ACCEPTED_HANDOFF_A,DATE
rpt-network-plng,sitetracker_data,ST_FXP_CORPORATE_DASHBOARD_V,SITEWALK_HANDED_OFF_F,DATE
rpt-network-plng,sitetracker_data,ST_FXP_CORPORATE_DASHBOARD_V,SITEWALK_HANDED_OFF_A,DATE
rpt-network-plng,sitetracker_data,ST_FXP_CORPORATE_DASHBOARD_V,SITEWALK_START_F,DATE
rpt-network-plng,sitetracker_data,ST_FXP_CORPORATE_DASHBOARD_V,SITEWALK_START_A,DATE
rpt-network-plng,sitetracker_data,ST_FXP_CORPORATE_DASHBOARD_V,PROJECT_REDLINES_COMPLETED_F,DATE
rpt-network-plng,sitetracker_data,ST_FXP_CORPORATE_DASHBOARD_V,PROJECT_REDLINES_COMPLETED_A,DATE
rpt-network-plng,sitetracker_data,ST_FXP_CORPORATE_DASHBOARD_V,REDLINES_TO_DESIGN_F,DATE
rpt-network-plng,sitetracker_data,ST_FXP_CORPORATE_DASHBOARD_V,REDLINES_TO_DESIGN_A,DATE
rpt-network-plng,sitetracker_data,ST_FXP_CORPORATE_DASHBOARD_V,CAD_DESIGN_STARTED_F,DATE
rpt-network-plng,sitetracker_data,ST_FXP_CORPORATE_DASHBOARD_V,CAD_DESIGN_STARTED_A,DATE
rpt-network-plng,sitetracker_data,ST_FXP_CORPORATE_DASHBOARD_V,CAD_DESIGN_COMPLETE_F,DATE
rpt-network-plng,sitetracker_data,ST_FXP_CORPORATE_DASHBOARD_V,CAD_DESIGN_COMPLETE_A,DATE
rpt-network-plng,sitetracker_data,ST_FXP_CORPORATE_DASHBOARD_V,FUNDING_DOCUMENTS_PREP_PRECHECKS_F,DATE
rpt-network-plng,sitetracker_data,ST_FXP_CORPORATE_DASHBOARD_V,FUNDING_DOCUMENTS_PREP_PRECHECKS_A,DATE
rpt-network-plng,sitetracker_data,ST_FXP_CORPORATE_DASHBOARD_V,PLANNING_GATE_DECISION_A,DATE
rpt-network-plng,sitetracker_data,ST_FXP_CORPORATE_DASHBOARD_V,PLANNING_GATE_DECISION_F,DATE
rpt-network-plng,sitetracker_data,ST_FXP_CORPORATE_DASHBOARD_V,GEOSPATIAL_SUBMITTED_TO_BRAIN_F,DATE
rpt-network-plng,sitetracker_data,ST_FXP_CORPORATE_DASHBOARD_V,GEOSPATIAL_SUBMITTED_TO_BRAIN_A,DATE
rpt-network-plng,sitetracker_data,ST_FXP_CORPORATE_DASHBOARD_V,GEOSPATIAL_CHECKS_PASSED_F,DATE
rpt-network-plng,sitetracker_data,ST_FXP_CORPORATE_DASHBOARD_V,GEOSPATIAL_CHECKS_PASSED_A,DATE
rpt-network-plng,sitetracker_data,ST_FXP_CORPORATE_DASHBOARD_V,FUNDING_REQUEST_SUBMITTED_F,DATE
rpt-network-plng,sitetracker_data,ST_FXP_CORPORATE_DASHBOARD_V,FUNDING_REQUEST_SUBMITTED_A,DATE
rpt-network-plng,sitetracker_data,ST_FXP_CORPORATE_DASHBOARD_V,FUNDING_REQUEST_RECEIVED_F,DATE
rpt-network-plng,sitetracker_data,ST_FXP_CORPORATE_DASHBOARD_V,FUNDING_REQUEST_RECEIVED_A,DATE
rpt-network-plng,sitetracker_data,ST_FXP_CORPORATE_DASHBOARD_V,FINALIZE_NETWORK_DESIGN_F,DATE
rpt-network-plng,sitetracker_data,ST_FXP_CORPORATE_DASHBOARD_V,FINALIZE_NETWORK_DESIGN_A,DATE
rpt-network-plng,sitetracker_data,ST_FXP_CORPORATE_DASHBOARD_V,PERMITS_SUBMITTED_F,DATE
rpt-network-plng,sitetracker_data,ST_FXP_CORPORATE_DASHBOARD_V,PERMITS_SUBMITTED_A,DATE
rpt-network-plng,sitetracker_data,ST_FXP_CORPORATE_DASHBOARD_V,PERMITS_RECEIVED_F,DATE
rpt-network-plng,sitetracker_data,ST_FXP_CORPORATE_DASHBOARD_V,PERMITS_RECEIVED_A,DATE
rpt-network-plng,sitetracker_data,ST_FXP_CORPORATE_DASHBOARD_V,EASEMENT_ROW_REQUESTED_F,DATE
rpt-network-plng,sitetracker_data,ST_FXP_CORPORATE_DASHBOARD_V,EASEMENT_ROW_REQUESTED_A,DATE
rpt-network-plng,sitetracker_data,ST_FXP_CORPORATE_DASHBOARD_V,EASEMENT_ROW_RECEIVED_F,DATE
rpt-network-plng,sitetracker_data,ST_FXP_CORPORATE_DASHBOARD_V,EASEMENT_ROW_RECEIVED_A,DATE
rpt-network-plng,sitetracker_data,ST_FXP_CORPORATE_DASHBOARD_V,PTA_POLE_APPLICATION_SUBMITTED_F,DATE
rpt-network-plng,sitetracker_data,ST_FXP_CORPORATE_DASHBOARD_V,PTA_POLE_APPLICATION_SUBMITTED_A,DATE
rpt-network-plng,sitetracker_data,ST_FXP_CORPORATE_DASHBOARD_V,PTA_RECEIVED_FROM_POLE_OWNER_F,DATE
rpt-network-plng,sitetracker_data,ST_FXP_CORPORATE_DASHBOARD_V,PTA_RECEIVED_FROM_POLE_OWNER_A,DATE
rpt-network-plng,sitetracker_data,ST_FXP_CORPORATE_DASHBOARD_V,MAKE_READY_ESTIMATE_RECEIVED_F,DATE
rpt-network-plng,sitetracker_data,ST_FXP_CORPORATE_DASHBOARD_V,MAKE_READY_ESTIMATE_RECEIVED_A,DATE
rpt-network-plng,sitetracker_data,ST_FXP_CORPORATE_DASHBOARD_V,MAKE_READY_PAYMENT_SUBMITTED_F,DATE
rpt-network-plng,sitetracker_data,ST_FXP_CORPORATE_DASHBOARD_V,MAKE_READY_PAYMENT_SUBMITTED_A,DATE
rpt-network-plng,sitetracker_data,ST_FXP_CORPORATE_DASHBOARD_V,X3RD_PARTY_AERIAL_MAKE_READY_COMPLETED_F,DATE
rpt-network-plng,sitetracker_data,ST_FXP_CORPORATE_DASHBOARD_V,X3RD_PARTY_AERIAL_MAKE_READY_COMPLETED_A,DATE
rpt-network-plng,sitetracker_data,ST_FXP_CORPORATE_DASHBOARD_V,ORDER_MATERIALS_F,DATE
rpt-network-plng,sitetracker_data,ST_FXP_CORPORATE_DASHBOARD_V,ORDER_MATERIALS_A,DATE
rpt-network-plng,sitetracker_data,ST_FXP_CORPORATE_DASHBOARD_V,MATERIALS_RECEIVED_F,DATE
rpt-network-plng,sitetracker_data,ST_FXP_CORPORATE_DASHBOARD_V,MATERIALS_RECEIVED_A,DATE
rpt-network-plng,sitetracker_data,ST_FXP_CORPORATE_DASHBOARD_V,VENDOR_ASSIGNMENT_F,DATE
rpt-network-plng,sitetracker_data,ST_FXP_CORPORATE_DASHBOARD_V,VENDOR_ASSIGNMENT_A,DATE
rpt-network-plng,sitetracker_data,ST_FXP_CORPORATE_DASHBOARD_V,VENDOR_COMMITMENT_CONFIRMED_F,DATE
rpt-network-plng,sitetracker_data,ST_FXP_CORPORATE_DASHBOARD_V,VENDOR_COMMITMENT_CONFIRMED_A,DATE
rpt-network-plng,sitetracker_data,ST_FXP_CORPORATE_DASHBOARD_V,VENDOR_MATERIALS_ORDERED_F,DATE
rpt-network-plng,sitetracker_data,ST_FXP_CORPORATE_DASHBOARD_V,VENDOR_MATERIALS_ORDERED_A,DATE
rpt-network-plng,sitetracker_data,ST_FXP_CORPORATE_DASHBOARD_V,VENDOR_MATERIALS_RECEIVED_F,DATE
rpt-network-plng,sitetracker_data,ST_FXP_CORPORATE_DASHBOARD_V,VENDOR_MATERIALS_RECEIVED_A,DATE
rpt-network-plng,sitetracker_data,ST_FXP_CORPORATE_DASHBOARD_V,ENGINEERING_COMPLETE_F,DATE
rpt-network-plng,sitetracker_data,ST_FXP_CORPORATE_DASHBOARD_V,ENGINEERING_COMPLETE_A,DATE
rpt-network-plng,sitetracker_data,ST_FXP_CORPORATE_DASHBOARD_V,OSP_CONSTRUCTION_START_F,DATE
rpt-network-plng,sitetracker_data,ST_FXP_CORPORATE_DASHBOARD_V,OSP_CONSTRUCTION_START_A,DATE
rpt-network-plng,sitetracker_data,ST_FXP_CORPORATE_DASHBOARD_V,RELEASED_TO_CONSTRUCTION_F,DATE
rpt-network-plng,sitetracker_data,ST_FXP_CORPORATE_DASHBOARD_V,RELEASED_TO_CONSTRUCTION_A,DATE
rpt-network-plng,sitetracker_data,ST_FXP_CORPORATE_DASHBOARD_V,PLACING_F,DATE
rpt-network-plng,sitetracker_data,ST_FXP_CORPORATE_DASHBOARD_V,PLACING_A,DATE
rpt-network-plng,sitetracker_data,ST_FXP_CORPORATE_DASHBOARD_V,SPLICING_F,DATE
rpt-network-plng,sitetracker_data,ST_FXP_CORPORATE_DASHBOARD_V,SPLICING_A,DATE
rpt-network-plng,sitetracker_data,ST_FXP_CORPORATE_DASHBOARD_V,PREMISE_EQUIPMENT_INSTALLED_F,DATE
rpt-network-plng,sitetracker_data,ST_FXP_CORPORATE_DASHBOARD_V,PREMISE_EQUIPMENT_INSTALLED_A,DATE
rpt-network-plng,sitetracker_data,ST_FXP_CORPORATE_DASHBOARD_V,OSP_CONSTRUCTION_COMPLETE_F,DATE
rpt-network-plng,sitetracker_data,ST_FXP_CORPORATE_DASHBOARD_V,OSP_CONSTRUCTION_COMPLETE_A,DATE
rpt-network-plng,sitetracker_data,ST_FXP_CORPORATE_DASHBOARD_V,QF_AUTOMATION_POSTED_TO_TOP_F,DATE
rpt-network-plng,sitetracker_data,ST_FXP_CORPORATE_DASHBOARD_V,QF_AUTOMATION_POSTED_TO_TOP_A,DATE
rpt-network-plng,sitetracker_data,ST_FXP_CORPORATE_DASHBOARD_V,INVENTORY_COMPLETE_F,DATE
rpt-network-plng,sitetracker_data,ST_FXP_CORPORATE_DASHBOARD_V,INVENTORY_COMPLETE_A,DATE
rpt-network-plng,sitetracker_data,ST_FXP_CORPORATE_DASHBOARD_V,TURNED_UP_MARKET_LAUNCH_F,DATE
rpt-network-plng,sitetracker_data,ST_FXP_CORPORATE_DASHBOARD_V,TURNED_UP_MARKET_LAUNCH_A,DATE
rpt-network-plng,sitetracker_data,ST_FXP_CORPORATE_DASHBOARD_V,PHASE_PROJECT_COMMENTS_HISTORY_LONG_TEXT,INT64
rpt-network-plng,sitetracker_data,ST_FXP_CORPORATE_DASHBOARD_V,WRECKING_RESTORAL_F,DATE
rpt-network-plng,sitetracker_data,ST_FXP_CORPORATE_DASHBOARD_V,WRECKING_RESTORAL_A,DATE
rpt-network-plng,sitetracker_data,ST_FXP_CORPORATE_DASHBOARD_V,FW_PROJECT_ID,STRING
rpt-network-plng,sitetracker_data,ST_FXP_CORPORATE_DASHBOARD_V,ST_PROJECT_URL,STRING
rpt-network-plng,sitetracker_data,ST_FXP_CORPORATE_DASHBOARD_V,FW_PROJECT_URL,STRING
rpt-network-plng,sitetracker_data,ST_FXP_CORPORATE_DASHBOARD_V,CONSTRUCTION_FUNDED,STRING
rpt-network-plng,sitetracker_data,ST_FXP_CORPORATE_DASHBOARD_V,OLT_TYPE,STRING
rpt-network-plng,sitetracker_data,ST_FXP_CORPORATE_DASHBOARD_V,ST_SITE_PHASE,STRING
rpt-network-plng,sitetracker_data,ST_FXP_CORPORATE_DASHBOARD_V,SITE_PROJECT_STATUS,STRING
rpt-network-plng,sitetracker_data,ST_FXP_CORPORATE_DASHBOARD_V,PROJECT_TYPE,STRING
rpt-network-plng,sitetracker_data,ST_FXP_CORPORATE_DASHBOARD_V,SITE_FURTHEST_COMPLETED_ACTIVITY,STRING
rpt-network-plng,sitetracker_data,ST_FXP_CORPORATE_DASHBOARD_V,PHASE_FURTHEST_COMPLETED_ACTIVITY,STRING
rpt-network-plng,sitetracker_data,ST_FXP_CORPORATE_DASHBOARD_V,SITE_OSP_ENG_DIRECTOR_NAME,STRING
rpt-network-plng,sitetracker_data,ST_FXP_CORPORATE_DASHBOARD_V,SITE_ECD_LOGIC,DATE
rpt-network-plng,sitetracker_data,ST_FXP_CORPORATE_DASHBOARD_V,SITE_ORIGINAL_ECD_NCD,DATE
rpt-network-plng,sitetracker_data,ST_FXP_CORPORATE_DASHBOARD_V,SITE_MODIFIED_ECD,DATE
rpt-network-plng,sitetracker_data,ST_FXP_CORPORATE_DASHBOARD_V,SITE_FIRST_OCCUPANCY_TGT_DT,DATE
rpt-network-plng,sitetracker_data,ST_FXP_CORPORATE_DASHBOARD_V,PHASE_FIRST_OCCUPANCY_TGT_DT,DATE
rpt-network-plng,sitetracker_data,ST_FXP_CORPORATE_DASHBOARD_V,SITE_NUM_OF_LUS,NUMERIC
rpt-network-plng,sitetracker_data,ST_FXP_CORPORATE_DASHBOARD_V,SITE_ST_PROJECT_URL,STRING
rpt-network-plng,sitetracker_data,ST_FXP_CORPORATE_DASHBOARD_V,PHASE_STAR_ID_20,STRING
rpt-network-plng,sitetracker_data,ST_FXP_CORPORATE_DASHBOARD_V,CITY,STRING
rpt-network-plng,sitetracker_data,ST_FXP_CORPORATE_DASHBOARD_V,ENGINEERING_VENDOR_1,STRING
rpt-network-plng,sitetracker_data,ST_FXP_CORPORATE_DASHBOARD_V,ENGINEERING_VENDOR_2,STRING
rpt-network-plng,sitetracker_data,ST_FXP_CORPORATE_DASHBOARD_V,SITEWALK_VENDOR_1,STRING
rpt-network-plng,sitetracker_data,ST_FXP_CORPORATE_DASHBOARD_V,SITEWALK_VENDOR_2,STRING
rpt-network-plng,sitetracker_data,ST_FXP_CORPORATE_DASHBOARD_V,SITE_CONSTRUCTION_VENDOR_1,STRING
rpt-network-plng,sitetracker_data,ST_FXP_CORPORATE_DASHBOARD_V,SITE_CONSTRUCTION_VENDOR_2,STRING
rpt-network-plng,sitetracker_data,ST_FXP_CORPORATE_DASHBOARD_V,PHASE_CONSTRUCTION_VENDOR_1,STRING
rpt-network-plng,sitetracker_data,ST_FXP_CORPORATE_DASHBOARD_V,PHASE_CONSTRUCTION_VENDOR_2,STRING
rpt-network-plng,sitetracker_data,ST_FXP_CORPORATE_DASHBOARD_V,POWER_COMPANY_NAME,STRING
rpt-network-plng,sitetracker_data,ST_FXP_CORPORATE_DASHBOARD_V,SERVICE_AREA,STRING
rpt-network-plng,sitetracker_data,ST_FXP_CORPORATE_DASHBOARD_V,SERVICE_DELIVERY,STRING
rpt-network-plng,sitetracker_data,ST_FXP_CORPORATE_DASHBOARD_V,META_LOAD_DTTM,DATE
rpt-network-plng,sitetracker_data,ST_RELOCATIONS_CUSTOM_V,ST_PROJECT_ID,STRING
rpt-network-plng,sitetracker_data,ST_RELOCATIONS_CUSTOM_V,PI_PE,INTERVAL
rpt-network-plng,sitetracker_data,ST_RELOCATIONS_CUSTOM_V,PE_PL,INTERVAL
rpt-network-plng,sitetracker_data,ST_RELOCATIONS_CUSTOM_V,PL_ENG,INTERVAL
rpt-network-plng,sitetracker_data,ST_RELOCATIONS_CUSTOM_V,ENG_CONS,INTERVAL
rpt-network-plng,sitetracker_data,ST_RELOCATIONS_CUSTOM_V,CONS_PC,INTERVAL
rpt-network-plng,sitetracker_data,ST_RELOCATIONS_CUSTOM_V,PC,INTERVAL
rpt-network-plng,sitetracker_data,ST_RELOCATIONS_CUSTOM_V,PI_PL,INTERVAL
rpt-network-plng,sitetracker_data,ST_RELOCATIONS_CUSTOM_V,PI_ENG,INTERVAL
rpt-network-plng,sitetracker_data,ST_RELOCATIONS_CUSTOM_V,PI_CONS,INTERVAL
rpt-network-plng,sitetracker_data,ST_RELOCATIONS_CUSTOM_V,PI_PC,INTERVAL
rpt-network-plng,sitetracker_data,ST_RELOCATIONS_CUSTOM_V,PE_ENG,INTERVAL
rpt-network-plng,sitetracker_data,ST_RELOCATIONS_CUSTOM_V,PE_CONS,INTERVAL
rpt-network-plng,sitetracker_data,ST_RELOCATIONS_CUSTOM_V,PE_PC,INTERVAL
rpt-network-plng,sitetracker_data,ST_RELOCATIONS_CUSTOM_V,PL_CONS,INTERVAL
rpt-network-plng,sitetracker_data,ST_RELOCATIONS_CUSTOM_V,PL_PC,INTERVAL
rpt-network-plng,sitetracker_data,ST_RELOCATIONS_CUSTOM_V,ENG_PC,INTERVAL
rpt-network-plng,sitetracker_data,ST_DAMAGE_CLAIM_T,ST_PROJECT_ID,STRING
rpt-network-plng,sitetracker_data,ST_DAMAGE_CLAIM_T,ST_INTERNAL_PROJECT_ID,STRING
rpt-network-plng,sitetracker_data,ST_DAMAGE_CLAIM_T,ST_PROJECT_TYPE,STRING
rpt-network-plng,sitetracker_data,ST_DAMAGE_CLAIM_T,ID,STRING
rpt-network-plng,sitetracker_data,ST_DAMAGE_CLAIM_T,NAME,STRING
rpt-network-plng,sitetracker_data,ST_DAMAGE_CLAIM_T,PROJECT,STRING
rpt-network-plng,sitetracker_data,ST_DAMAGE_CLAIM_T,ADDITIONAL_FUNDING_REQUESTED_A,TIMESTAMP
rpt-network-plng,sitetracker_data,ST_DAMAGE_CLAIM_T,ADDITIONAL_FUNDING_REQUESTED_F,TIMESTAMP
rpt-network-plng,sitetracker_data,ST_DAMAGE_CLAIM_T,COLLECTION_MANAGER,STRING
rpt-network-plng,sitetracker_data,ST_DAMAGE_CLAIM_T,COLLECTION_VENDOR_PM_ASSIGNED,STRING
rpt-network-plng,sitetracker_data,ST_DAMAGE_CLAIM_T,CONTRACTOR_SERVICES_USED,STRING
rpt-network-plng,sitetracker_data,ST_DAMAGE_CLAIM_T,COST_RECOVERY,STRING
rpt-network-plng,sitetracker_data,ST_DAMAGE_CLAIM_T,COUNTY,STRING
rpt-network-plng,sitetracker_data,ST_DAMAGE_CLAIM_T,CR_VENDOR_INVOICED_A,TIMESTAMP
rpt-network-plng,sitetracker_data,ST_DAMAGE_CLAIM_T,CR_VENDOR_INVOICED_F,TIMESTAMP
rpt-network-plng,sitetracker_data,ST_DAMAGE_CLAIM_T,CUP_SHEET_RECEIVED_FROM_CONTRACTOR_A,TIMESTAMP
rpt-network-plng,sitetracker_data,ST_DAMAGE_CLAIM_T,CUP_SHEET_RECEIVED_FROM_CONTRACTOR_F,TIMESTAMP
rpt-network-plng,sitetracker_data,ST_DAMAGE_CLAIM_T,DAMAGE_DATE_A,TIMESTAMP
rpt-network-plng,sitetracker_data,ST_DAMAGE_CLAIM_T,DAMAGE_DATE_F,TIMESTAMP
rpt-network-plng,sitetracker_data,ST_DAMAGE_CLAIM_T,EMERGENCY_RECORD_UPDATES_A,TIMESTAMP
rpt-network-plng,sitetracker_data,ST_DAMAGE_CLAIM_T,EMERGENCY_RECORD_UPDATES_F,TIMESTAMP
rpt-network-plng,sitetracker_data,ST_DAMAGE_CLAIM_T,EMERGENCY_VENDOR_INVOICING_A,TIMESTAMP
rpt-network-plng,sitetracker_data,ST_DAMAGE_CLAIM_T,EMERGENCY_VENDOR_INVOICING_F,TIMESTAMP
rpt-network-plng,sitetracker_data,ST_DAMAGE_CLAIM_T,ENGINEERING_COMPLETED_A,TIMESTAMP
rpt-network-plng,sitetracker_data,ST_DAMAGE_CLAIM_T,ENGINEERING_COMPLETED_F,TIMESTAMP
rpt-network-plng,sitetracker_data,ST_DAMAGE_CLAIM_T,FINANCIAL_PROJECT_CREATION_DEPLOY_A,TIMESTAMP
rpt-network-plng,sitetracker_data,ST_DAMAGE_CLAIM_T,FINANCIAL_PROJECT_CREATION_DEPLOY_F,TIMESTAMP
rpt-network-plng,sitetracker_data,ST_DAMAGE_CLAIM_T,FUNDING_APPROVED_A,TIMESTAMP
rpt-network-plng,sitetracker_data,ST_DAMAGE_CLAIM_T,FUNDING_APPROVED_F,TIMESTAMP
rpt-network-plng,sitetracker_data,ST_DAMAGE_CLAIM_T,FUNDING_REQUESTED_A,TIMESTAMP
rpt-network-plng,sitetracker_data,ST_DAMAGE_CLAIM_T,FUNDING_REQUESTED_F,TIMESTAMP
rpt-network-plng,sitetracker_data,ST_DAMAGE_CLAIM_T,IS_COST_RECOVERY_INVOLVEMENT_REQ_A,STRING
rpt-network-plng,sitetracker_data,ST_DAMAGE_CLAIM_T,IS_THE_EMERGENCY_REPAIR_A_PERM,STRING
rpt-network-plng,sitetracker_data,ST_DAMAGE_CLAIM_T,IS_THIS_NATURAL_DISASTER_RELATED,STRING
rpt-network-plng,sitetracker_data,ST_DAMAGE_CLAIM_T,NATURAL_DISASTER_NAME,STRING
rpt-network-plng,sitetracker_data,ST_DAMAGE_CLAIM_T,PERMANENT_REPAIR_NEEDED,STRING
rpt-network-plng,sitetracker_data,ST_DAMAGE_CLAIM_T,POSTBILL,STRING
rpt-network-plng,sitetracker_data,ST_DAMAGE_CLAIM_T,PREBILL,STRING
rpt-network-plng,sitetracker_data,ST_DAMAGE_CLAIM_T,PREBILL_MANAGER,STRING
rpt-network-plng,sitetracker_data,ST_DAMAGE_CLAIM_T,ROW_OWNER,STRING
rpt-network-plng,sitetracker_data,ST_DAMAGE_CLAIM_T,STB_FINANCIALLY_ACTIONABLE_A,TIMESTAMP
rpt-network-plng,sitetracker_data,ST_DAMAGE_CLAIM_T,STB_FINANCIALLY_ACTIONABLE_F,TIMESTAMP
rpt-network-plng,sitetracker_data,ST_DAMAGE_CLAIM_T,META_LOAD_DATE,DATE
rpt-network-plng,sitetracker_data,TMP_ST_PERMITS_ALL_T,PERMIT_ID,STRING
rpt-network-plng,sitetracker_data,TMP_ST_PERMITS_ALL_T,ISDELETED_PROJ_PERMIT,NUMERIC
rpt-network-plng,sitetracker_data,TMP_ST_PERMITS_ALL_T,ADDRESS,STRING
rpt-network-plng,sitetracker_data,TMP_ST_PERMITS_ALL_T,AS_BUILT_APPROVED,TIMESTAMP
rpt-network-plng,sitetracker_data,TMP_ST_PERMITS_ALL_T,ST_PROJECT_ID,STRING
rpt-network-plng,sitetracker_data,TMP_ST_PERMITS_ALL_T,PROJECT_TYPE,STRING
rpt-network-plng,sitetracker_data,TMP_ST_PERMITS_ALL_T,SITE_PROJECT_TYPE_4FXP,STRING
rpt-network-plng,sitetracker_data,TMP_ST_PERMITS_ALL_T,AGENCY_CONTACT,STRING
rpt-network-plng,sitetracker_data,TMP_ST_PERMITS_ALL_T,AGENCY_EMAIL,STRING
rpt-network-plng,sitetracker_data,TMP_ST_PERMITS_ALL_T,AGENCY_NAME,STRING
rpt-network-plng,sitetracker_data,TMP_ST_PERMITS_ALL_T,AGENCY_PHONE,STRING
rpt-network-plng,sitetracker_data,TMP_ST_PERMITS_ALL_T,APPROVED_PERMIT_EXPIRE,TIMESTAMP
rpt-network-plng,sitetracker_data,TMP_ST_PERMITS_ALL_T,AS_BUILT_STATUS,STRING
rpt-network-plng,sitetracker_data,TMP_ST_PERMITS_ALL_T,AS_BUILT_SUBMITTED,TIMESTAMP
rpt-network-plng,sitetracker_data,TMP_ST_PERMITS_ALL_T,AS_BUILT_SURVEY_COMPLETE,TIMESTAMP
rpt-network-plng,sitetracker_data,TMP_ST_PERMITS_ALL_T,AS_BUILT_SURVEY_ECD,TIMESTAMP
rpt-network-plng,sitetracker_data,TMP_ST_PERMITS_ALL_T,AS_BUILT_SURVEY_PAID,TIMESTAMP
rpt-network-plng,sitetracker_data,TMP_ST_PERMITS_ALL_T,AS_BUILT_SURVEY_START,TIMESTAMP
rpt-network-plng,sitetracker_data,TMP_ST_PERMITS_ALL_T,AUTHORIZE_TO_PROCEED_RECEIVED_,TIMESTAMP
rpt-network-plng,sitetracker_data,TMP_ST_PERMITS_ALL_T,AUTOMATED_ETA_DATE,TIMESTAMP
rpt-network-plng,sitetracker_data,TMP_ST_PERMITS_ALL_T,AVERAGE_INTERVAL,NUMERIC
rpt-network-plng,sitetracker_data,TMP_ST_PERMITS_ALL_T,CITY,STRING
rpt-network-plng,sitetracker_data,TMP_ST_PERMITS_ALL_T,COMMENTS,STRING
rpt-network-plng,sitetracker_data,TMP_ST_PERMITS_ALL_T,CONSTRUCTION_COMPLETE,TIMESTAMP
rpt-network-plng,sitetracker_data,TMP_ST_PERMITS_ALL_T,CONSTRUCTION_COORDINATOR,STRING
rpt-network-plng,sitetracker_data,TMP_ST_PERMITS_ALL_T,CONSTRUCTION_POC,STRING
rpt-network-plng,sitetracker_data,TMP_ST_PERMITS_ALL_T,COUNT_OF_OTHER_LUMEN_SYSTEM_OR,NUMERIC
rpt-network-plng,sitetracker_data,TMP_ST_PERMITS_ALL_T,COUNTRY,STRING
rpt-network-plng,sitetracker_data,TMP_ST_PERMITS_ALL_T,COUNTY,STRING
rpt-network-plng,sitetracker_data,TMP_ST_PERMITS_ALL_T,CREATEDBYID,STRING
rpt-network-plng,sitetracker_data,TMP_ST_PERMITS_ALL_T,CREATEDBY,STRING
rpt-network-plng,sitetracker_data,TMP_ST_PERMITS_ALL_T,CREATEDDATE,TIMESTAMP
rpt-network-plng,sitetracker_data,TMP_ST_PERMITS_ALL_T,CURRENCYISOCODE,STRING
rpt-network-plng,sitetracker_data,TMP_ST_PERMITS_ALL_T,DESCRIPTION,STRING
rpt-network-plng,sitetracker_data,TMP_ST_PERMITS_ALL_T,ENGINEER,STRING
rpt-network-plng,sitetracker_data,TMP_ST_PERMITS_ALL_T,ENVIRONMENTAL_CLEARANCE,TIMESTAMP
rpt-network-plng,sitetracker_data,TMP_ST_PERMITS_ALL_T,ENVIRONMENTAL_CLEARANCE_APPROV,STRING
rpt-network-plng,sitetracker_data,TMP_ST_PERMITS_ALL_T,ENVIRONMENTAL_STUDY_REQUIRED__,STRING
rpt-network-plng,sitetracker_data,TMP_ST_PERMITS_ALL_T,FIELD_OPERATIONS,STRING
rpt-network-plng,sitetracker_data,TMP_ST_PERMITS_ALL_T,FIREWORKS_PROJECT_NUMBER,STRING
rpt-network-plng,sitetracker_data,TMP_ST_PERMITS_ALL_T,FIREWORKS_PROJECT_NUMBER_STAND,STRING
rpt-network-plng,sitetracker_data,TMP_ST_PERMITS_ALL_T,GIS_BUSINESS_DAYS,NUMERIC
rpt-network-plng,sitetracker_data,TMP_ST_PERMITS_ALL_T,GIS_BUSINESS_DAYS_NUMBER,NUMERIC
rpt-network-plng,sitetracker_data,TMP_ST_PERMITS_ALL_T,GIS_LATITUDE,STRING
rpt-network-plng,sitetracker_data,TMP_ST_PERMITS_ALL_T,GIS_LONGITUDE,STRING
rpt-network-plng,sitetracker_data,TMP_ST_PERMITS_ALL_T,GIS_NAME,STRING
rpt-network-plng,sitetracker_data,TMP_ST_PERMITS_ALL_T,GIS_PLACENAME,STRING
rpt-network-plng,sitetracker_data,TMP_ST_PERMITS_ALL_T,GIS_RESPONSE_DATE,TIMESTAMP
rpt-network-plng,sitetracker_data,TMP_ST_PERMITS_ALL_T,GIS_STATE,STRING
rpt-network-plng,sitetracker_data,TMP_ST_PERMITS_ALL_T,GIS_SWC,STRING
rpt-network-plng,sitetracker_data,TMP_ST_PERMITS_ALL_T,GIS_THIRD_PARTY_DAYS,NUMERIC
rpt-network-plng,sitetracker_data,TMP_ST_PERMITS_ALL_T,LEGACY_COMPANY,STRING
rpt-network-plng,sitetracker_data,TMP_ST_PERMITS_ALL_T,LINK_TO_PROJECT,NUMERIC
rpt-network-plng,sitetracker_data,TMP_ST_PERMITS_ALL_T,LOC_AERIAL_SLA,NUMERIC
rpt-network-plng,sitetracker_data,TMP_ST_PERMITS_ALL_T,LOC_CITY_SLA,NUMERIC
rpt-network-plng,sitetracker_data,TMP_ST_PERMITS_ALL_T,LOC_CONSTRUCTION,NUMERIC
rpt-network-plng,sitetracker_data,TMP_ST_PERMITS_ALL_T,LOC_COUNTY_SLA,NUMERIC
rpt-network-plng,sitetracker_data,TMP_ST_PERMITS_ALL_T,LOC_DOTROW_SLA,NUMERIC
rpt-network-plng,sitetracker_data,TMP_ST_PERMITS_ALL_T,LOC_DOTXING_SLA,NUMERIC
rpt-network-plng,sitetracker_data,TMP_ST_PERMITS_ALL_T,LOC_FEDERAL_SLA,NUMERIC
rpt-network-plng,sitetracker_data,TMP_ST_PERMITS_ALL_T,LOC_SS_ENG,NUMERIC
rpt-network-plng,sitetracker_data,TMP_ST_PERMITS_ALL_T,LOC_THIRD_PARTY_SLA,NUMERIC
rpt-network-plng,sitetracker_data,TMP_ST_PERMITS_ALL_T,LOC_UNDERGROUND_SLA,NUMERIC
rpt-network-plng,sitetracker_data,TMP_ST_PERMITS_ALL_T,LOC_WATER_SLA,NUMERIC
rpt-network-plng,sitetracker_data,TMP_ST_PERMITS_ALL_T,LOCATION_DESCRIPTION,STRING
rpt-network-plng,sitetracker_data,TMP_ST_PERMITS_ALL_T,MAP,STRING
rpt-network-plng,sitetracker_data,TMP_ST_PERMITS_ALL_T,NAT_AERIAL_SLA,NUMERIC
rpt-network-plng,sitetracker_data,TMP_ST_PERMITS_ALL_T,NAT_CITY_SLA,NUMERIC
rpt-network-plng,sitetracker_data,TMP_ST_PERMITS_ALL_T,NAT_CONSTRUCTION,NUMERIC
rpt-network-plng,sitetracker_data,TMP_ST_PERMITS_ALL_T,NAT_COUNTY_SLA,NUMERIC
rpt-network-plng,sitetracker_data,TMP_ST_PERMITS_ALL_T,NAT_DOTROW_SLA,NUMERIC
rpt-network-plng,sitetracker_data,TMP_ST_PERMITS_ALL_T,NAT_DOTXING_SLA,NUMERIC
rpt-network-plng,sitetracker_data,TMP_ST_PERMITS_ALL_T,NAT_FEDERAL_SLA,NUMERIC
rpt-network-plng,sitetracker_data,TMP_ST_PERMITS_ALL_T,NAT_SS_ENG,NUMERIC
rpt-network-plng,sitetracker_data,TMP_ST_PERMITS_ALL_T,NAT_THIRD_PARTY_SLA,NUMERIC
rpt-network-plng,sitetracker_data,TMP_ST_PERMITS_ALL_T,NAT_UNDERGROUND_SLA,NUMERIC
rpt-network-plng,sitetracker_data,TMP_ST_PERMITS_ALL_T,NAT_WATER_SLA,NUMERIC
rpt-network-plng,sitetracker_data,TMP_ST_PERMITS_ALL_T,NOTES,STRING
rpt-network-plng,sitetracker_data,TMP_ST_PERMITS_ALL_T,OWNERID,STRING
rpt-network-plng,sitetracker_data,TMP_ST_PERMITS_ALL_T,PAYMENT_OPTION,STRING
rpt-network-plng,sitetracker_data,TMP_ST_PERMITS_ALL_T,PE_NAME,STRING
rpt-network-plng,sitetracker_data,TMP_ST_PERMITS_ALL_T,PE_REQUIRED,STRING
rpt-network-plng,sitetracker_data,TMP_ST_PERMITS_ALL_T,PERMIT_AGENCY_REJECTION,STRING
rpt-network-plng,sitetracker_data,TMP_ST_PERMITS_ALL_T,PERMIT_APPROVED,TIMESTAMP
rpt-network-plng,sitetracker_data,TMP_ST_PERMITS_ALL_T,PERMIT_ASBUILT_NEEDED,STRING
rpt-network-plng,sitetracker_data,TMP_ST_PERMITS_ALL_T,PERMIT_COST,NUMERIC
rpt-network-plng,sitetracker_data,TMP_ST_PERMITS_ALL_T,PERMIT_ENVIRONMENT,STRING
rpt-network-plng,sitetracker_data,TMP_ST_PERMITS_ALL_T,PERMIT_ETA,TIMESTAMP
rpt-network-plng,sitetracker_data,TMP_ST_PERMITS_ALL_T,PERMIT_EXP_CONSTRUCTION,TIMESTAMP
rpt-network-plng,sitetracker_data,TMP_ST_PERMITS_ALL_T,PERMIT_LATITUDE,STRING
rpt-network-plng,sitetracker_data,TMP_ST_PERMITS_ALL_T,PERMIT_LEGACY_COMPANY,STRING
rpt-network-plng,sitetracker_data,TMP_ST_PERMITS_ALL_T,PERMIT_LONGITUDE,STRING
rpt-network-plng,sitetracker_data,TMP_ST_PERMITS_ALL_T,PERMIT_NUMBER,STRING
rpt-network-plng,sitetracker_data,TMP_ST_PERMITS_ALL_T,PERMIT_ORIGINATOR,STRING
rpt-network-plng,sitetracker_data,TMP_ST_PERMITS_ALL_T,PERMIT_RE_WORK,STRING
rpt-network-plng,sitetracker_data,TMP_ST_PERMITS_ALL_T,PERMIT_REQUEST_SUBMITTED_TO_VE,TIMESTAMP
rpt-network-plng,sitetracker_data,TMP_ST_PERMITS_ALL_T,PERMIT_STATUS,STRING
rpt-network-plng,sitetracker_data,TMP_ST_PERMITS_ALL_T,PERMIT_SUBMITTED,TIMESTAMP
rpt-network-plng,sitetracker_data,TMP_ST_PERMITS_ALL_T,PERMIT_TYPE_PROJ_PERMIT,STRING
rpt-network-plng,sitetracker_data,TMP_ST_PERMITS_ALL_T,PHYSICAL_WORK_LOCATION,STRING
rpt-network-plng,sitetracker_data,TMP_ST_PERMITS_ALL_T,PRIMARY_WIRE_CENTER_ID,STRING
rpt-network-plng,sitetracker_data,TMP_ST_PERMITS_ALL_T,RAILROAD_SUB_TYPE,STRING
rpt-network-plng,sitetracker_data,TMP_ST_PERMITS_ALL_T,RANGE_,STRING
rpt-network-plng,sitetracker_data,TMP_ST_PERMITS_ALL_T,REJECTED_DATE,TIMESTAMP
rpt-network-plng,sitetracker_data,TMP_ST_PERMITS_ALL_T,REQUESTING_AGENCY_PROJECT_ID__,STRING
rpt-network-plng,sitetracker_data,TMP_ST_PERMITS_ALL_T,RESUBMIT,TIMESTAMP
rpt-network-plng,sitetracker_data,TMP_ST_PERMITS_ALL_T,RESUBMIT_ETA,TIMESTAMP
rpt-network-plng,sitetracker_data,TMP_ST_PERMITS_ALL_T,RESUBMITTAL_COUNT,STRING
rpt-network-plng,sitetracker_data,TMP_ST_PERMITS_ALL_T,RESUBMITTAL_REASON,STRING
rpt-network-plng,sitetracker_data,TMP_ST_PERMITS_ALL_T,SCOPE_OF_WORK,STRING
rpt-network-plng,sitetracker_data,TMP_ST_PERMITS_ALL_T,SECTION,STRING
rpt-network-plng,sitetracker_data,TMP_ST_PERMITS_ALL_T,SITETRACKER_PROJECT,STRING
rpt-network-plng,sitetracker_data,TMP_ST_PERMITS_ALL_T,STANDALONE_LEGACY_COMPANY,STRING
rpt-network-plng,sitetracker_data,TMP_ST_PERMITS_ALL_T,STANDALONE_PERMIT,STRING
rpt-network-plng,sitetracker_data,TMP_ST_PERMITS_ALL_T,STATE,STRING
rpt-network-plng,sitetracker_data,TMP_ST_PERMITS_ALL_T,SWC,STRING
rpt-network-plng,sitetracker_data,TMP_ST_PERMITS_ALL_T,SYSTEMMODSTAMP_PROJ_PERMIT,TIMESTAMP
rpt-network-plng,sitetracker_data,TMP_ST_PERMITS_ALL_T,TCP,STRING
rpt-network-plng,sitetracker_data,TMP_ST_PERMITS_ALL_T,TCP_APPROVED,TIMESTAMP
rpt-network-plng,sitetracker_data,TMP_ST_PERMITS_ALL_T,THIRD_PARTY_DAYS,NUMERIC
rpt-network-plng,sitetracker_data,TMP_ST_PERMITS_ALL_T,TOWNSHIP,STRING
rpt-network-plng,sitetracker_data,TMP_ST_PERMITS_ALL_T,UPDATED_ETA,TIMESTAMP
rpt-network-plng,sitetracker_data,TMP_ST_PERMITS_ALL_T,VENDOR_COMPANY_EMAIL,STRING
rpt-network-plng,sitetracker_data,TMP_ST_PERMITS_ALL_T,VENDOR_COMPANY_NAME,STRING
rpt-network-plng,sitetracker_data,TMP_ST_PERMITS_ALL_T,VENDOR_SUBMITTAL_Y_N,STRING
rpt-network-plng,sitetracker_data,TMP_ST_PERMITS_ALL_T,ZIP_CODE,STRING
rpt-network-plng,sitetracker_data,TMP_ST_PERMITS_ALL_T,OTHER_COMMENTS,STRING
rpt-network-plng,sitetracker_data,TMP_ST_PERMITS_ALL_T,OTHER_LUMEN_SYSTEM,STRING
rpt-network-plng,sitetracker_data,TMP_ST_PERMITS_ALL_T,OTHER_LUMEN_SYSTEM_ID,STRING
rpt-network-plng,sitetracker_data,TMP_ST_PERMITS_ALL_T,SITETRACKER_PROJECT_PERMIT,STRING
rpt-network-plng,sitetracker_data,TMP_ST_PERMITS_ALL_T,NAME,STRING
rpt-network-plng,sitetracker_data,TMP_ST_PERMITS_ALL_T,PERMIT_TYPE,STRING
rpt-network-plng,sitetracker_data,TMP_ST_PERMITS_ALL_T,PROJECT_PERMIT_UNIQUE,STRING
rpt-network-plng,sitetracker_data,TMP_ST_PERMITS_ALL_T,ST_PERMIT_KEY,STRING
rpt-network-plng,sitetracker_data,TMP_ST_PERMITS_ALL_T,ST_PROJECT_KEY,STRING
rpt-network-plng,sitetracker_data,TMP_ST_PERMITS_ALL_T,LASTMODIFIEDBYID_KEY,STRING
rpt-network-plng,sitetracker_data,TMP_ST_PERMITS_ALL_T,LASTMODIFIEDBYID_PROJ_PERMIT,STRING
rpt-network-plng,sitetracker_data,TMP_ST_PERMITS_ALL_T,LASTACTIVITYDATE,TIMESTAMP
rpt-network-plng,sitetracker_data,TMP_ST_PERMITS_ALL_T,ID_PROJ_PERMIT_ID,STRING
rpt-network-plng,sitetracker_data,TMP_ST_PERMITS_ALL_T,LASTMODIFIEDDATE_PROJ_PERMIT,TIMESTAMP
rpt-network-plng,sitetracker_data,TMP_ST_PERMITS_ALL_T,META_LOAD_DTTM,DATE
rpt-network-plng,sitetracker_data,ST_FXP_SITES_V,ST_PROJECT_ID,STRING
rpt-network-plng,sitetracker_data,ST_FXP_SITES_V,PROJECT_TYPE,STRING
rpt-network-plng,sitetracker_data,ST_FXP_SITES_V,REGION,STRING
rpt-network-plng,sitetracker_data,ST_FXP_SITES_V,STATE,STRING
rpt-network-plng,sitetracker_data,ST_FXP_SITES_V,COUNTY,STRING
rpt-network-plng,sitetracker_data,ST_FXP_SITES_V,CITY,STRING
rpt-network-plng,sitetracker_data,ST_FXP_SITES_V,EXCHANGE_NAME,STRING
rpt-network-plng,sitetracker_data,ST_FXP_SITES_V,EXCHANGE,STRING
rpt-network-plng,sitetracker_data,ST_FXP_SITES_V,COMPANY_CODE,STRING
rpt-network-plng,sitetracker_data,ST_FXP_SITES_V,LEGACY_COMPANY,STRING
rpt-network-plng,sitetracker_data,ST_FXP_SITES_V,MARKET_CLUSTER,STRING
rpt-network-plng,sitetracker_data,ST_FXP_SITES_V,PRIMARY_WIRE_CENTER_ID,STRING
rpt-network-plng,sitetracker_data,ST_FXP_SITES_V,PRIMARY_WIRE_CENTER_NAME,STRING
rpt-network-plng,sitetracker_data,ST_FXP_SITES_V,FW_PROJECT_ID,STRING
rpt-network-plng,sitetracker_data,ST_FXP_SITES_V,OSP_ENGINEER_NAME,STRING
rpt-network-plng,sitetracker_data,ST_FXP_SITES_V,OSP_ENGINEER_CUID,STRING
rpt-network-plng,sitetracker_data,ST_FXP_SITES_V,CONSTRUCTION_COORDINATOR_NAME,STRING
rpt-network-plng,sitetracker_data,ST_FXP_SITES_V,CONSTRUCTION_COORDINATOR_CUID,STRING
rpt-network-plng,sitetracker_data,ST_FXP_SITES_V,GPON_PM_NAME,STRING
rpt-network-plng,sitetracker_data,ST_FXP_SITES_V,GPON_PM_CUID,STRING
rpt-network-plng,sitetracker_data,ST_FXP_SITES_V,IMPLEMENTATION_PM_NAME,STRING
rpt-network-plng,sitetracker_data,ST_FXP_SITES_V,IMPLEMENTATION_PM_CUID,STRING
rpt-network-plng,sitetracker_data,ST_FXP_SITES_V,MARKETING_PM_NAME,STRING
rpt-network-plng,sitetracker_data,ST_FXP_SITES_V,MARKETING_PM_CUID,STRING
rpt-network-plng,sitetracker_data,ST_FXP_SITES_V,OSP_ENG_DIRECTOR_NAME,STRING
rpt-network-plng,sitetracker_data,ST_FXP_SITES_V,OSP_ENG_DIRECTOR_CUID,STRING
rpt-network-plng,sitetracker_data,ST_FXP_SITES_V,OSP_MANAGER_NAME,STRING
rpt-network-plng,sitetracker_data,ST_FXP_SITES_V,OSP_MANAGER_CUID,STRING
rpt-network-plng,sitetracker_data,ST_FXP_SITES_V,PLANNER_NAME,STRING
rpt-network-plng,sitetracker_data,ST_FXP_SITES_V,PLANNER_CUID,STRING
rpt-network-plng,sitetracker_data,ST_FXP_SITES_V,PLANNING_MANAGER_NAME,STRING
rpt-network-plng,sitetracker_data,ST_FXP_SITES_V,PLANNING_MANAGER_CUID,STRING
rpt-network-plng,sitetracker_data,ST_FXP_SITES_V,RESPONSIBLE_PERSON_NAME,STRING
rpt-network-plng,sitetracker_data,ST_FXP_SITES_V,RESPONSIBLE_PERSON_CUID,STRING
rpt-network-plng,sitetracker_data,ST_FXP_SITES_V,SALES_ENGINEER_NAME,STRING
rpt-network-plng,sitetracker_data,ST_FXP_SITES_V,SALES_ENGINEER_CUID,STRING
rpt-network-plng,sitetracker_data,ST_FXP_SITES_V,SPLICING_SUPERVISOR_NAME,STRING
rpt-network-plng,sitetracker_data,ST_FXP_SITES_V,SPLICING_SUPERVISOR_CUID,STRING
rpt-network-plng,sitetracker_data,ST_FXP_SITES_V,ONA,STRING
rpt-network-plng,sitetracker_data,ST_FXP_SITES_V,ONA_CUID,STRING
rpt-network-plng,sitetracker_data,ST_FXP_SITES_V,LAST_MODIFIED_BY_NAME,STRING
rpt-network-plng,sitetracker_data,ST_FXP_SITES_V,LAST_MODIFIED_BY_CUID,STRING
rpt-network-plng,sitetracker_data,ST_FXP_SITES_V,SL_NAME,STRING
rpt-network-plng,sitetracker_data,ST_FXP_SITES_V,SL_CUID,STRING
rpt-network-plng,sitetracker_data,ST_FXP_SITES_V,ORIGINAL_ECD_NCD,DATE
rpt-network-plng,sitetracker_data,ST_FXP_SITES_V,MODIFIED_ECD,DATE
rpt-network-plng,sitetracker_data,ST_FXP_SITES_V,ECD_LOGIC,DATE
rpt-network-plng,sitetracker_data,ST_FXP_SITES_V,ML_ECD_LOGIC,DATE
rpt-network-plng,sitetracker_data,ST_FXP_SITES_V,ADDRESS,STRING
rpt-network-plng,sitetracker_data,ST_FXP_SITES_V,ADDRESS_QUALIFICATION,STRING
rpt-network-plng,sitetracker_data,ST_FXP_SITES_V,AERIAL_ATTACHMENT_REQUIRED,STRING
rpt-network-plng,sitetracker_data,ST_FXP_SITES_V,AID_TO_CONSTRUCTION_REQUIRED,STRING
rpt-network-plng,sitetracker_data,ST_FXP_SITES_V,APO_AUDIT_A,DATE
rpt-network-plng,sitetracker_data,ST_FXP_SITES_V,APO_AUDIT_F,DATE
rpt-network-plng,sitetracker_data,ST_FXP_SITES_V,ATC_APPROVED,STRING
rpt-network-plng,sitetracker_data,ST_FXP_SITES_V,ATC_COST_SENT_TO_DEVELOPER_A,DATE
rpt-network-plng,sitetracker_data,ST_FXP_SITES_V,ATC_COST_SENT_TO_DEVELOPER_F,DATE
rpt-network-plng,sitetracker_data,ST_FXP_SITES_V,ATC_RECEIVED_FROM_DEVELOPER_A,DATE
rpt-network-plng,sitetracker_data,ST_FXP_SITES_V,ATC_RECEIVED_FROM_DEVELOPER_F,DATE
rpt-network-plng,sitetracker_data,ST_FXP_SITES_V,BID_ACCEPTANCE_A,DATE
rpt-network-plng,sitetracker_data,ST_FXP_SITES_V,BID_ACCEPTANCE_F,DATE
rpt-network-plng,sitetracker_data,ST_FXP_SITES_V,BID_CREATION_A,DATE
rpt-network-plng,sitetracker_data,ST_FXP_SITES_V,BID_CREATION_F,DATE
rpt-network-plng,sitetracker_data,ST_FXP_SITES_V,BID_POSTING_A,DATE
rpt-network-plng,sitetracker_data,ST_FXP_SITES_V,BID_POSTING_F,DATE
rpt-network-plng,sitetracker_data,ST_FXP_SITES_V,BUILD_OR_NO_BUILD,STRING
rpt-network-plng,sitetracker_data,ST_FXP_SITES_V,BID_VS_LEC_VENDOR_ASSIGNMENT,STRING
rpt-network-plng,sitetracker_data,ST_FXP_SITES_V,BUILDER_EMAIL,STRING
rpt-network-plng,sitetracker_data,ST_FXP_SITES_V,BUILDER_NAME_SITE_NAME,STRING
rpt-network-plng,sitetracker_data,ST_FXP_SITES_V,BUILDER_PHONE,STRING
rpt-network-plng,sitetracker_data,ST_FXP_SITES_V,BUILDER_SITE_CONTACT_INFO,STRING
rpt-network-plng,sitetracker_data,ST_FXP_SITES_V,BURIED_AERIAL_CONDUIT,STRING
rpt-network-plng,sitetracker_data,ST_FXP_SITES_V,BUSINESS_CASE,STRING
rpt-network-plng,sitetracker_data,ST_FXP_SITES_V,CABLE_TYPE,STRING
rpt-network-plng,sitetracker_data,ST_FXP_SITES_V,CAD_DESIGN_COMPLETE_A,DATE
rpt-network-plng,sitetracker_data,ST_FXP_SITES_V,CAD_DESIGN_COMPLETE_F,DATE
rpt-network-plng,sitetracker_data,ST_FXP_SITES_V,CAD_DESIGN_STARTED_A,DATE
rpt-network-plng,sitetracker_data,ST_FXP_SITES_V,CAD_DESIGN_STARTED_F,DATE
rpt-network-plng,sitetracker_data,ST_FXP_SITES_V,CAPITAL_APPROVAL_CODE,STRING
rpt-network-plng,sitetracker_data,ST_FXP_SITES_V,CAPITAL_DESIGN_COMPLETE_A,DATE
rpt-network-plng,sitetracker_data,ST_FXP_SITES_V,CAPITAL_DESIGN_COMPLETE_F,DATE
rpt-network-plng,sitetracker_data,ST_FXP_SITES_V,CAPITAL_DESIGN_REQUEST_A,DATE
rpt-network-plng,sitetracker_data,ST_FXP_SITES_V,CAPITAL_DESIGN_REQUEST_F,DATE
rpt-network-plng,sitetracker_data,ST_FXP_SITES_V,CCID,STRING
rpt-network-plng,sitetracker_data,ST_FXP_SITES_V,CET_OPPORTUNITY_ID,STRING
rpt-network-plng,sitetracker_data,ST_FXP_SITES_V,CLOSE_FINANCIAL_TOOL_A,DATE
rpt-network-plng,sitetracker_data,ST_FXP_SITES_V,CLOSE_FINANCIAL_TOOL_F,DATE
rpt-network-plng,sitetracker_data,ST_FXP_SITES_V,CMS_REVIEW_E7_2_SHELVES_ONLY_A,DATE
rpt-network-plng,sitetracker_data,ST_FXP_SITES_V,CMS_REVIEW_E7_2_SHELVES_ONLY_F,DATE
rpt-network-plng,sitetracker_data,ST_FXP_SITES_V,CO_ADDRESS,STRING
rpt-network-plng,sitetracker_data,ST_FXP_SITES_V,CO_CLLI,STRING
rpt-network-plng,sitetracker_data,ST_FXP_SITES_V,CO_EQUIP_CLLI,STRING
rpt-network-plng,sitetracker_data,ST_FXP_SITES_V,COMMUNITY_OR_SERVING_AREA_NAME,STRING
rpt-network-plng,sitetracker_data,ST_FXP_SITES_V,COMPETITOR,STRING
rpt-network-plng,sitetracker_data,ST_FXP_SITES_V,CONSTRUCTION_CATEGORY_1,STRING
rpt-network-plng,sitetracker_data,ST_FXP_SITES_V,CONSTRUCTION_CATEGORY_2,STRING
rpt-network-plng,sitetracker_data,ST_FXP_SITES_V,CONSTRUCTION_COORD_SPLICING_SUPERVISOR,NUMERIC
rpt-network-plng,sitetracker_data,ST_FXP_SITES_V,CONSTRUCTION_FUNDED,STRING
rpt-network-plng,sitetracker_data,ST_FXP_SITES_V,CONSTRUCTION_VENDOR_1,STRING
rpt-network-plng,sitetracker_data,ST_FXP_SITES_V,CONSTRUCTION_VENDOR_2,STRING
rpt-network-plng,sitetracker_data,ST_FXP_SITES_V,CONTRACT_AGREEMENT_STATUS,STRING
rpt-network-plng,sitetracker_data,ST_FXP_SITES_V,COST_ESTIMATE_A,DATE
rpt-network-plng,sitetracker_data,ST_FXP_SITES_V,COST_ESTIMATE_F,DATE
rpt-network-plng,sitetracker_data,ST_FXP_SITES_V,COSTING_APPROVAL_UPLOADED,NUMERIC
rpt-network-plng,sitetracker_data,ST_FXP_SITES_V,CREATED_DATE,DATE
rpt-network-plng,sitetracker_data,ST_FXP_SITES_V,CREATE_POLYGON_A,DATE
rpt-network-plng,sitetracker_data,ST_FXP_SITES_V,CREATE_POLYGON_F,DATE
rpt-network-plng,sitetracker_data,ST_FXP_SITES_V,CURRENT_OPEN_ACTIVITY,STRING
rpt-network-plng,sitetracker_data,ST_FXP_SITES_V,DATE_AUDIT_COMPLETED,DATE
rpt-network-plng,sitetracker_data,ST_FXP_SITES_V,DATE_AUDIT_STARTED,DATE
rpt-network-plng,sitetracker_data,ST_FXP_SITES_V,DATE_OF_POST,DATE
rpt-network-plng,sitetracker_data,ST_FXP_SITES_V,DEV_TYPE,STRING
rpt-network-plng,sitetracker_data,ST_FXP_SITES_V,DEVELOPER_CONTACT_INFO,STRING
rpt-network-plng,sitetracker_data,ST_FXP_SITES_V,DEVELOPER_FINAL_PLATS_RECEIVED_A,DATE
rpt-network-plng,sitetracker_data,ST_FXP_SITES_V,DEVELOPER_FINAL_PLATS_RECEIVED_F,DATE
rpt-network-plng,sitetracker_data,ST_FXP_SITES_V,DEVELOPER_EMAIL,STRING
rpt-network-plng,sitetracker_data,ST_FXP_SITES_V,DEVELOPER_NAME,STRING
rpt-network-plng,sitetracker_data,ST_FXP_SITES_V,DEVELOPER_PHONE,STRING
rpt-network-plng,sitetracker_data,ST_FXP_SITES_V,DEVELOPMENT_ADDRESS,STRING
rpt-network-plng,sitetracker_data,ST_FXP_SITES_V,EASEMENT_REQUIRED,STRING
rpt-network-plng,sitetracker_data,ST_FXP_SITES_V,EASEMENT_ROW_RECEIVED_A,DATE
rpt-network-plng,sitetracker_data,ST_FXP_SITES_V,EASEMENT_ROW_RECEIVED_F,DATE
rpt-network-plng,sitetracker_data,ST_FXP_SITES_V,EASEMENT_ROW_REQUESTED_A,DATE
rpt-network-plng,sitetracker_data,ST_FXP_SITES_V,EASEMENT_ROW_REQUESTED_F,DATE
rpt-network-plng,sitetracker_data,ST_FXP_SITES_V,EASEMENT_ROW_REQUIRED,STRING
rpt-network-plng,sitetracker_data,ST_FXP_SITES_V,ENGINEER_REVIEWS_POLYGON_COMPLETE_A,DATE
rpt-network-plng,sitetracker_data,ST_FXP_SITES_V,ENGINEER_REVIEWS_POLYGON_COMPLETE_F,DATE
rpt-network-plng,sitetracker_data,ST_FXP_SITES_V,ENGINEERING_CATEGORY_1,STRING
rpt-network-plng,sitetracker_data,ST_FXP_SITES_V,ENGINEERING_CATEGORY_2,STRING
rpt-network-plng,sitetracker_data,ST_FXP_SITES_V,ENGINEERING_COMPLETE_A,DATE
rpt-network-plng,sitetracker_data,ST_FXP_SITES_V,ENGINEERING_COMPLETE_F,DATE
rpt-network-plng,sitetracker_data,ST_FXP_SITES_V,ENGINEERING_FUNDED,STRING
rpt-network-plng,sitetracker_data,ST_FXP_SITES_V,ENGINEERING_FUNDING_COMMENTS,INT64
rpt-network-plng,sitetracker_data,ST_FXP_SITES_V,ENGINEERING_STATE,STRING
rpt-network-plng,sitetracker_data,ST_FXP_SITES_V,ENGINEERING_VENDOR_1,STRING
rpt-network-plng,sitetracker_data,ST_FXP_SITES_V,ENGINEERING_VENDOR_2,STRING
rpt-network-plng,sitetracker_data,ST_FXP_SITES_V,F1_FOOTAGE_PLCG_COMPLETE,NUMERIC
rpt-network-plng,sitetracker_data,ST_FXP_SITES_V,F1_FOOTAGE_SPL_COMPLETE,NUMERIC
rpt-network-plng,sitetracker_data,ST_FXP_SITES_V,F1_PLCG_PERCENTAGE_COMPLETE,NUMERIC
rpt-network-plng,sitetracker_data,ST_FXP_SITES_V,F1_SPL_PERCENTAGE_COMPLETE,NUMERIC
rpt-network-plng,sitetracker_data,ST_FXP_SITES_V,F2_FOOTAGE_PLCG_COMPLETE,NUMERIC
rpt-network-plng,sitetracker_data,ST_FXP_SITES_V,F2_FOOTAGE_SPL_COMPLETE,NUMERIC
rpt-network-plng,sitetracker_data,ST_FXP_SITES_V,F2_PLCG_PERCENTAGE_COMPLETE,NUMERIC
rpt-network-plng,sitetracker_data,ST_FXP_SITES_V,F2_SPL_PERCENTAGE_COMPLETE,NUMERIC
rpt-network-plng,sitetracker_data,ST_FXP_SITES_V,FEED_FIBER_NAME_AND_COUNT,STRING
rpt-network-plng,sitetracker_data,ST_FXP_SITES_V,FEEDER_PLANNING_A,DATE
rpt-network-plng,sitetracker_data,ST_FXP_SITES_V,FEEDER_PLANNING_F,DATE
rpt-network-plng,sitetracker_data,ST_FXP_SITES_V,FIBER_DB_LOSS,STRING
rpt-network-plng,sitetracker_data,ST_FXP_SITES_V,FIBER_DISTANCE,STRING
rpt-network-plng,sitetracker_data,ST_FXP_SITES_V,FIELD_TYPE,STRING
rpt-network-plng,sitetracker_data,ST_FXP_SITES_V,FINALIZE_ALL_VENDOR_INVOICING_A,DATE
rpt-network-plng,sitetracker_data,ST_FXP_SITES_V,FINALIZE_ALL_VENDOR_INVOICING_F,DATE
rpt-network-plng,sitetracker_data,ST_FXP_SITES_V,FINALIZE_NETWORK_DESIGN_A,DATE
rpt-network-plng,sitetracker_data,ST_FXP_SITES_V,FINALIZE_NETWORK_DESIGN_F,DATE
rpt-network-plng,sitetracker_data,ST_FXP_SITES_V,FIRST_OCC_OUT_OF_SYNC_WITH_SALESFORCE,NUMERIC
rpt-network-plng,sitetracker_data,ST_FXP_SITES_V,FIRST_OCCUPANCY_TGT_DT,DATE
rpt-network-plng,sitetracker_data,ST_FXP_SITES_V,FIRST_SERVICE_FIRE_ALARM_ELEVATOR,STRING
rpt-network-plng,sitetracker_data,ST_FXP_SITES_V,FLAG_FOR_DELETION,NUMERIC
rpt-network-plng,sitetracker_data,ST_FXP_SITES_V,FLAG_FOR_MIGRATION,NUMERIC
rpt-network-plng,sitetracker_data,ST_FXP_SITES_V,FRAME,STRING
rpt-network-plng,sitetracker_data,ST_FXP_SITES_V,FSAI_ADDRESS,STRING
rpt-network-plng,sitetracker_data,ST_FXP_SITES_V,FSAI_CLLI,STRING
rpt-network-plng,sitetracker_data,ST_FXP_SITES_V,FSAI_MANUFACTURER,STRING
rpt-network-plng,sitetracker_data,ST_FXP_SITES_V,FSAI_SIZE,STRING
rpt-network-plng,sitetracker_data,ST_FXP_SITES_V,FSAI_TAPER_DA_CODE,STRING
rpt-network-plng,sitetracker_data,ST_FXP_SITES_V,FSAI_TO_ONT_S,STRING
rpt-network-plng,sitetracker_data,ST_FXP_SITES_V,FTHGN_NAME_AND_COUNT,STRING
rpt-network-plng,sitetracker_data,ST_FXP_SITES_V,FUNDING_DOCUMENTS_PREP_PRECHECKS_A,DATE
rpt-network-plng,sitetracker_data,ST_FXP_SITES_V,FUNDING_DOCUMENTS_PREP_PRECHECKS_F,DATE
rpt-network-plng,sitetracker_data,ST_FXP_SITES_V,FUNDING_REQUEST_RECEIVED_A,DATE
rpt-network-plng,sitetracker_data,ST_FXP_SITES_V,FUNDING_REQUEST_RECEIVED_F,DATE
rpt-network-plng,sitetracker_data,ST_FXP_SITES_V,FUNDING_REQUEST_SUBMITTED_A,DATE
rpt-network-plng,sitetracker_data,ST_FXP_SITES_V,FUNDING_REQUEST_SUBMITTED_F,DATE
rpt-network-plng,sitetracker_data,ST_FXP_SITES_V,FURTHEST_COMPLETED_ACTIVITY,STRING
rpt-network-plng,sitetracker_data,ST_FXP_SITES_V,GEOSPATIAL_CHECKS_PASSED_A,DATE
rpt-network-plng,sitetracker_data,ST_FXP_SITES_V,GEOSPATIAL_CHECKS_PASSED_F,DATE
rpt-network-plng,sitetracker_data,ST_FXP_SITES_V,GEOSPATIAL_SUBMITTED_TO_BRAIN_A,DATE
rpt-network-plng,sitetracker_data,ST_FXP_SITES_V,GEOSPATIAL_SUBMITTED_TO_BRAIN_F,DATE
rpt-network-plng,sitetracker_data,ST_FXP_SITES_V,GOOGLE_ADDRESS_VALIDATION_FALLOUT_A,DATE
rpt-network-plng,sitetracker_data,ST_FXP_SITES_V,GOOGLE_ADDRESS_VALIDATION_FALLOUT_F,DATE
rpt-network-plng,sitetracker_data,ST_FXP_SITES_V,GOOGLE_UPDATE_REQUEST_A,DATE
rpt-network-plng,sitetracker_data,ST_FXP_SITES_V,GOOGLE_UPDATE_REQUEST_F,DATE
rpt-network-plng,sitetracker_data,ST_FXP_SITES_V,GRATIS,STRING
rpt-network-plng,sitetracker_data,ST_FXP_SITES_V,GRATIS_ORDER,STRING
rpt-network-plng,sitetracker_data,ST_FXP_SITES_V,HANDED_OFF_TO_ENGINEER_A,DATE
rpt-network-plng,sitetracker_data,ST_FXP_SITES_V,HANDED_OFF_TO_ENGINEER_F,DATE
rpt-network-plng,sitetracker_data,ST_FXP_SITES_V,HANDOFF_TO_PLANNING_A,DATE
rpt-network-plng,sitetracker_data,ST_FXP_SITES_V,HANDOFF_TO_PLANNING_F,DATE
rpt-network-plng,sitetracker_data,ST_FXP_SITES_V,HELD_ORDER_ID,STRING
rpt-network-plng,sitetracker_data,ST_FXP_SITES_V,HIGH_COST_REVIEW,STRING
rpt-network-plng,sitetracker_data,ST_FXP_SITES_V,IMP_LUS_OUT_OF_SYNC_WITH_SALESFORCE,NUMERIC
rpt-network-plng,sitetracker_data,ST_FXP_SITES_V,IMP_PM_OUT_OF_SYNC_WITH_SALESFORCE,NUMERIC
rpt-network-plng,sitetracker_data,ST_FXP_SITES_V,IMPLEMENTATION_A,DATE
rpt-network-plng,sitetracker_data,ST_FXP_SITES_V,IMPLEMENTATION_F,DATE
rpt-network-plng,sitetracker_data,ST_FXP_SITES_V,INVENTORY_COMPLETE_A,DATE
rpt-network-plng,sitetracker_data,ST_FXP_SITES_V,INVENTORY_COMPLETE_F,DATE
rpt-network-plng,sitetracker_data,ST_FXP_SITES_V,INVENTORY_STACK,STRING
rpt-network-plng,sitetracker_data,ST_FXP_SITES_V,INVESTMENT_REASON,STRING
rpt-network-plng,sitetracker_data,ST_FXP_SITES_V,JOINT_TRENCH_MEETING_DATE_A,DATE
rpt-network-plng,sitetracker_data,ST_FXP_SITES_V,JOINT_TRENCH_MEETING_DATE_F,DATE
rpt-network-plng,sitetracker_data,ST_FXP_SITES_V,JOINT_TRENCH_MEETING,STRING
rpt-network-plng,sitetracker_data,ST_FXP_SITES_V,JOINT_TRENCH_READY_DATE,DATE
rpt-network-plng,sitetracker_data,ST_FXP_SITES_V,LANDBASE_REQUEST_COMPLETED_A,DATE
rpt-network-plng,sitetracker_data,ST_FXP_SITES_V,LANDBASE_REQUEST_COMPLETED_F,DATE
rpt-network-plng,sitetracker_data,ST_FXP_SITES_V,LAST_MODIFIED_DATE,DATE
rpt-network-plng,sitetracker_data,ST_FXP_SITES_V,LATITUDE,STRING
rpt-network-plng,sitetracker_data,ST_FXP_SITES_V,LEEP_F1_PORTION_A,DATE
rpt-network-plng,sitetracker_data,ST_FXP_SITES_V,LEEP_F1_PORTION_F,DATE
rpt-network-plng,sitetracker_data,ST_FXP_SITES_V,LEEP_F2_PORTION_A,DATE
rpt-network-plng,sitetracker_data,ST_FXP_SITES_V,LEEP_F2_PORTION_F,DATE
rpt-network-plng,sitetracker_data,ST_FXP_SITES_V,LEN_ASSIGNMENTS,STRING
rpt-network-plng,sitetracker_data,ST_FXP_SITES_V,LOAD_KMZ_FILE_INTERVAL_TABLES_A,DATE
rpt-network-plng,sitetracker_data,ST_FXP_SITES_V,LOAD_KMZ_FILE_INTERVAL_TABLES_F,DATE
rpt-network-plng,sitetracker_data,ST_FXP_SITES_V,LONGITUDE,STRING
rpt-network-plng,sitetracker_data,ST_FXP_SITES_V,LU_MISSED_ON_COMPLETE,NUMERIC
rpt-network-plng,sitetracker_data,ST_FXP_SITES_V,MAKE_READY_CONSTRUCTION_EST_CMP_P,DATE
rpt-network-plng,sitetracker_data,ST_FXP_SITES_V,MAKE_READY_CONSTRUCTION_EST_CMP_S,DATE
rpt-network-plng,sitetracker_data,ST_FXP_SITES_V,MAKE_READY_COST_P,NUMERIC
rpt-network-plng,sitetracker_data,ST_FXP_SITES_V,MAKE_READY_COST_S,NUMERIC
rpt-network-plng,sitetracker_data,ST_FXP_SITES_V,MAKE_READY_ESTIMATE_RECEIVED_A,DATE
rpt-network-plng,sitetracker_data,ST_FXP_SITES_V,MAKE_READY_ESTIMATE_RECEIVED_F,DATE
rpt-network-plng,sitetracker_data,ST_FXP_SITES_V,MAKE_READY_PAYMENT_SUBMITTED_A,DATE
rpt-network-plng,sitetracker_data,ST_FXP_SITES_V,MAKE_READY_PAYMENT_SUBMITTED_F,DATE
rpt-network-plng,sitetracker_data,ST_FXP_SITES_V,MAKE_READY_REQUIRED,STRING
rpt-network-plng,sitetracker_data,ST_FXP_SITES_V,MANUAL_OLS_LOAD_LAYER_1_A,DATE
rpt-network-plng,sitetracker_data,ST_FXP_SITES_V,MANUAL_OLS_LOAD_LAYER_1_F,DATE
rpt-network-plng,sitetracker_data,ST_FXP_SITES_V,MANUAL_OLS_RECEIVED,DATE
rpt-network-plng,sitetracker_data,ST_FXP_SITES_V,MATERIALS_RECEIVED_A,DATE
rpt-network-plng,sitetracker_data,ST_FXP_SITES_V,MATERIALS_RECEIVED_F,DATE
rpt-network-plng,sitetracker_data,ST_FXP_SITES_V,MKTG_PM_NAME,STRING
rpt-network-plng,sitetracker_data,ST_FXP_SITES_V,MKTG_PM_COMPANY_ADDRESS,STRING
rpt-network-plng,sitetracker_data,ST_FXP_SITES_V,MKTG_PM_CONTACT_COMPANY,STRING
rpt-network-plng,sitetracker_data,ST_FXP_SITES_V,MKTG_PM_CONTACT_EMAIL,STRING
rpt-network-plng,sitetracker_data,ST_FXP_SITES_V,MKTG_PM_CONTACT_PHONE,STRING
rpt-network-plng,sitetracker_data,ST_FXP_SITES_V,MKTG_PM_CONTACT_TYPE,STRING
rpt-network-plng,sitetracker_data,ST_FXP_SITES_V,NDS_PROJECT_NAME,STRING
rpt-network-plng,sitetracker_data,ST_FXP_SITES_V,NDS_PROJECT_NUMBER,STRING
rpt-network-plng,sitetracker_data,ST_FXP_SITES_V,NDS_QF_QM_ERROR_CLEANUP_A,DATE
rpt-network-plng,sitetracker_data,ST_FXP_SITES_V,NDS_QF_QM_ERROR_CLEANUP_F,DATE
rpt-network-plng,sitetracker_data,ST_FXP_SITES_V,NDS_USER_ID,STRING
rpt-network-plng,sitetracker_data,ST_FXP_SITES_V,NEW_OR_EXISTING_FSAI,STRING
rpt-network-plng,sitetracker_data,ST_FXP_SITES_V,NI_ACCEPTED_HANDOFF_A,DATE
rpt-network-plng,sitetracker_data,ST_FXP_SITES_V,NI_ACCEPTED_HANDOFF_F,DATE
rpt-network-plng,sitetracker_data,ST_FXP_SITES_V,NO_BUILD_COMMENTS,INT64
rpt-network-plng,sitetracker_data,ST_FXP_SITES_V,NO_BUILD_NOTIFICATION_A,DATE
rpt-network-plng,sitetracker_data,ST_FXP_SITES_V,NO_BUILD_NOTIFICATION_F,DATE
rpt-network-plng,sitetracker_data,ST_FXP_SITES_V,NO_BUILD_PUN_FORM_SUBMITTED_A,DATE
rpt-network-plng,sitetracker_data,ST_FXP_SITES_V,NO_BUILD_PUN_FORM_SUBMITTED_F,DATE
rpt-network-plng,sitetracker_data,ST_FXP_SITES_V,NOTIFY_MARKETING_A,DATE
rpt-network-plng,sitetracker_data,ST_FXP_SITES_V,NOTIFY_MARKETING_F,DATE
rpt-network-plng,sitetracker_data,ST_FXP_SITES_V,NUMBER_OF_BUILD_LUS,NUMERIC
rpt-network-plng,sitetracker_data,ST_FXP_SITES_V,NUMBER_OF_CONSTRUCTED_SERVICE_LOCATIONS,NUMERIC
rpt-network-plng,sitetracker_data,ST_FXP_SITES_V,NUMBER_OF_INVENTORIED_SERVICE_LOCATIONS,NUMERIC
rpt-network-plng,sitetracker_data,ST_FXP_SITES_V,NUM_OF_LUS,NUMERIC
rpt-network-plng,sitetracker_data,ST_FXP_SITES_V,NUMBER_OF_POLES_P,NUMERIC
rpt-network-plng,sitetracker_data,ST_FXP_SITES_V,NUMBER_OF_POLES_S,NUMERIC
rpt-network-plng,sitetracker_data,ST_FXP_SITES_V,ODIN_LAYER_2_3_TA_PATH_DEVICE_A,DATE
rpt-network-plng,sitetracker_data,ST_FXP_SITES_V,ODIN_LAYER_2_3_TA_PATH_DEVICE_F,DATE
rpt-network-plng,sitetracker_data,ST_FXP_SITES_V,ODIN_LOAD_LAYER_1_A,DATE
rpt-network-plng,sitetracker_data,ST_FXP_SITES_V,ODIN_LOAD_LAYER_1_F,DATE
rpt-network-plng,sitetracker_data,ST_FXP_SITES_V,ODIN_LOAD_LAYER_2_3_SASKTEL_LOAD_A,DATE
rpt-network-plng,sitetracker_data,ST_FXP_SITES_V,ODIN_LOAD_LAYER_2_3_SASKTEL_LOAD_F,DATE
rpt-network-plng,sitetracker_data,ST_FXP_SITES_V,NUM_OF_LUS_SOW,NUMERIC
rpt-network-plng,sitetracker_data,ST_FXP_SITES_V,NUM_OF_PERMITS_SUBMITTED_P,NUMERIC
rpt-network-plng,sitetracker_data,ST_FXP_SITES_V,NUM_OF_PERMITS_SUBMITTED_S,NUMERIC
rpt-network-plng,sitetracker_data,ST_FXP_SITES_V,NUM_OF_SPLITTERS_BEING_PLACED,NUMERIC
rpt-network-plng,sitetracker_data,ST_FXP_SITES_V,OFFER_CONFIRMATION_A,DATE
rpt-network-plng,sitetracker_data,ST_FXP_SITES_V,OFFER_CONFIRMATION_F,DATE
rpt-network-plng,sitetracker_data,ST_FXP_SITES_V,OLT,STRING
rpt-network-plng,sitetracker_data,ST_FXP_SITES_V,OLT_ADDRESS,STRING
rpt-network-plng,sitetracker_data,ST_FXP_SITES_V,OLT_CARD,STRING
rpt-network-plng,sitetracker_data,ST_FXP_SITES_V,OLT_CLLI,STRING
rpt-network-plng,sitetracker_data,ST_FXP_SITES_V,OLT_CONFIGURATION,STRING
rpt-network-plng,sitetracker_data,ST_FXP_SITES_V,OLT_COUNT,STRING
rpt-network-plng,sitetracker_data,ST_FXP_SITES_V,OLT_F1_FIBER_SPLITTER_ASSIGNMENT,INT64
rpt-network-plng,sitetracker_data,ST_FXP_SITES_V,OLT_LOCATION,STRING
rpt-network-plng,sitetracker_data,ST_FXP_SITES_V,OLT_MANUFACTURER_TYPE,STRING
rpt-network-plng,sitetracker_data,ST_FXP_SITES_V,OLT_PORTS,STRING
rpt-network-plng,sitetracker_data,ST_FXP_SITES_V,OLT_SHELF,STRING
rpt-network-plng,sitetracker_data,ST_FXP_SITES_V,OLT_TO_FSAI,STRING
rpt-network-plng,sitetracker_data,ST_FXP_SITES_V,OLT_TYPE,STRING
rpt-network-plng,sitetracker_data,ST_FXP_SITES_V,ON_TIME,STRING
rpt-network-plng,sitetracker_data,ST_FXP_SITES_V,ONT_TYPE,STRING
rpt-network-plng,sitetracker_data,ST_FXP_SITES_V,OPPORTUNITY_CREATED_A,DATE
rpt-network-plng,sitetracker_data,ST_FXP_SITES_V,OPPORTUNITY_CREATED_F,DATE
rpt-network-plng,sitetracker_data,ST_FXP_SITES_V,ORDER_MATERIALS_A,DATE
rpt-network-plng,sitetracker_data,ST_FXP_SITES_V,ORDER_MATERIALS_F,DATE
rpt-network-plng,sitetracker_data,ST_FXP_SITES_V,OSP_CONSTRUCTION_COMPLETE_A,DATE
rpt-network-plng,sitetracker_data,ST_FXP_SITES_V,OSP_CONSTRUCTION_COMPLETE_F,DATE
rpt-network-plng,sitetracker_data,ST_FXP_SITES_V,OSP_CONSTRUCTION_START_A,DATE
rpt-network-plng,sitetracker_data,ST_FXP_SITES_V,OSP_CONSTRUCTION_START_F,DATE
rpt-network-plng,sitetracker_data,ST_FXP_SITES_V,PARTIAL_RFS_RECEIVED,DATE
rpt-network-plng,sitetracker_data,ST_FXP_SITES_V,PATH_TO_LAYER_1,STRING
rpt-network-plng,sitetracker_data,ST_FXP_SITES_V,PERMIT_FEE,NUMERIC
rpt-network-plng,sitetracker_data,ST_FXP_SITES_V,PERMIT_FEE_S,NUMERIC
rpt-network-plng,sitetracker_data,ST_FXP_SITES_V,PERMITS_RECEIVED_A,DATE
rpt-network-plng,sitetracker_data,ST_FXP_SITES_V,PERMITS_RECEIVED_F,DATE
rpt-network-plng,sitetracker_data,ST_FXP_SITES_V,PERMITS_REQUIRED,STRING
rpt-network-plng,sitetracker_data,ST_FXP_SITES_V,PERMITS_SUBMITTED_A,DATE
rpt-network-plng,sitetracker_data,ST_FXP_SITES_V,PERMITS_SUBMITTED_F,DATE
rpt-network-plng,sitetracker_data,ST_FXP_SITES_V,PERMITTING_RIGHT_OF_WAY_DEPENDENCIES_A,DATE
rpt-network-plng,sitetracker_data,ST_FXP_SITES_V,PERMITTING_RIGHT_OF_WAY_DEPENDENCIES_F,DATE
rpt-network-plng,sitetracker_data,ST_FXP_SITES_V,PHASE_LUS_OUT_OF_SYNC_WITH_SALESFORCE,NUMERIC
rpt-network-plng,sitetracker_data,ST_FXP_SITES_V,PHASE_S_IMPLEMENTATION_A,DATE
rpt-network-plng,sitetracker_data,ST_FXP_SITES_V,PHASE_S_IMPLEMENTATION_F,DATE
rpt-network-plng,sitetracker_data,ST_FXP_SITES_V,PLACING_A,DATE
rpt-network-plng,sitetracker_data,ST_FXP_SITES_V,PLACING_F,DATE
rpt-network-plng,sitetracker_data,ST_FXP_SITES_V,PLANNER_REVIEWS_OFFER_DECISION_A,DATE
rpt-network-plng,sitetracker_data,ST_FXP_SITES_V,PLANNER_REVIEWS_OFFER_DECISION_F,DATE
rpt-network-plng,sitetracker_data,ST_FXP_SITES_V,PLANNING_ACCEPTS_HANDOFF_A,DATE
rpt-network-plng,sitetracker_data,ST_FXP_SITES_V,PLANNING_ACCEPTS_HANDOFF_F,DATE
rpt-network-plng,sitetracker_data,ST_FXP_SITES_V,PLANNING_GATE_DECISION_A,DATE
rpt-network-plng,sitetracker_data,ST_FXP_SITES_V,PLANNING_GATE_DECISION_F,DATE
rpt-network-plng,sitetracker_data,ST_FXP_SITES_V,PLANNING_GATE_SUBMITTAL_A,DATE
rpt-network-plng,sitetracker_data,ST_FXP_SITES_V,PLANNING_GATE_SUBMITTAL_F,DATE
rpt-network-plng,sitetracker_data,ST_FXP_SITES_V,PLANNING_HANDOFF_COMPLETE_A,DATE
rpt-network-plng,sitetracker_data,ST_FXP_SITES_V,PLANNING_HANDOFF_COMPLETE_F,DATE
rpt-network-plng,sitetracker_data,ST_FXP_SITES_V,PLATS_UPLOADED,NUMERIC
rpt-network-plng,sitetracker_data,ST_FXP_SITES_V,POLES_DENIED_S,NUMERIC
rpt-network-plng,sitetracker_data,ST_FXP_SITES_V,POLYGON_ECD,DATE
rpt-network-plng,sitetracker_data,ST_FXP_SITES_V,POLYGON_ID,STRING
rpt-network-plng,sitetracker_data,ST_FXP_SITES_V,POLYGON_IN_PRODUCTION_A,DATE
rpt-network-plng,sitetracker_data,ST_FXP_SITES_V,POLYGON_IN_PRODUCTION_F,DATE
rpt-network-plng,sitetracker_data,ST_FXP_SITES_V,POLYGON_IN_SERVICE,STRING
rpt-network-plng,sitetracker_data,ST_FXP_SITES_V,POLYGON_IN_SERVICE_DATE,DATE
rpt-network-plng,sitetracker_data,ST_FXP_SITES_V,POLYGON_STATUS,STRING
rpt-network-plng,sitetracker_data,ST_FXP_SITES_V,POM_DECISION_A,DATE
rpt-network-plng,sitetracker_data,ST_FXP_SITES_V,POM_DECISION_F,DATE
rpt-network-plng,sitetracker_data,ST_FXP_SITES_V,POM_REVIEW_A,DATE
rpt-network-plng,sitetracker_data,ST_FXP_SITES_V,POM_REVIEW_F,DATE
rpt-network-plng,sitetracker_data,ST_FXP_SITES_V,PORTS,STRING
rpt-network-plng,sitetracker_data,ST_FXP_SITES_V,POWER_COMPANY_NAME,STRING
rpt-network-plng,sitetracker_data,ST_FXP_SITES_V,POWER_SOURCE,STRING
rpt-network-plng,sitetracker_data,ST_FXP_SITES_V,POWER_SOURCE_LOCATION,STRING
rpt-network-plng,sitetracker_data,ST_FXP_SITES_V,PREMISE_EQUIPMENT_INSTALLED_A,DATE
rpt-network-plng,sitetracker_data,ST_FXP_SITES_V,PREMISE_EQUIPMENT_INSTALLED_F,DATE
rpt-network-plng,sitetracker_data,ST_FXP_SITES_V,PREMISE_READY,DATE
rpt-network-plng,sitetracker_data,ST_FXP_SITES_V,PRIMARY_POWER_COMPANY_NAME,STRING
rpt-network-plng,sitetracker_data,ST_FXP_SITES_V,PROGRAM_NAME,STRING
rpt-network-plng,sitetracker_data,ST_FXP_SITES_V,PROJECT_AUDIT_COMMENTS,STRING
rpt-network-plng,sitetracker_data,ST_FXP_SITES_V,PROJECT_AUDIT_REQUESTED,NUMERIC
rpt-network-plng,sitetracker_data,ST_FXP_SITES_V,PROJECT_BOUNDARY_CREATED_A,DATE
rpt-network-plng,sitetracker_data,ST_FXP_SITES_V,PROJECT_BOUNDARY_CREATED_F,DATE
rpt-network-plng,sitetracker_data,ST_FXP_SITES_V,PROJECT_COMMENTS_HISTORY_LONG_TEXT,INT64
rpt-network-plng,sitetracker_data,ST_FXP_SITES_V,PROJECT_COMMENTS_LONG_TEXT,INT64
rpt-network-plng,sitetracker_data,ST_FXP_SITES_V,PROJECT_DESCRIPTION,STRING
rpt-network-plng,sitetracker_data,ST_FXP_SITES_V,PROJECT_FIBER_AERIAL_FOOTAGE,NUMERIC
rpt-network-plng,sitetracker_data,ST_FXP_SITES_V,PROJECT_FIBER_BURIED_UG_FOOTAGE,NUMERIC
rpt-network-plng,sitetracker_data,ST_FXP_SITES_V,PROJECT_FIBER_FOOTAGE,NUMERIC
rpt-network-plng,sitetracker_data,ST_FXP_SITES_V,PROJECT_FIBER_PLCG_FOOTAGE_COMPLETE,NUMERIC
rpt-network-plng,sitetracker_data,ST_FXP_SITES_V,PROJECT_FIBER_PLCG_PERCENTAGE,NUMERIC
rpt-network-plng,sitetracker_data,ST_FXP_SITES_V,PROJECT_FIBER_SPL_FOOTAGE_COMPLETE,NUMERIC
rpt-network-plng,sitetracker_data,ST_FXP_SITES_V,PROJECT_FIBER_SPL_PERCENTAGE,NUMERIC
rpt-network-plng,sitetracker_data,ST_FXP_SITES_V,PROJECT_INITIATED_IN_SAP_FIREWORKS_A,DATE
rpt-network-plng,sitetracker_data,ST_FXP_SITES_V,PROJECT_INITIATED_IN_SAP_FIREWORKS_F,DATE
rpt-network-plng,sitetracker_data,ST_FXP_SITES_V,PROJECT_NAME,STRING
rpt-network-plng,sitetracker_data,ST_FXP_SITES_V,PROJECT_REDLINES_COMPLETED_A,DATE
rpt-network-plng,sitetracker_data,ST_FXP_SITES_V,PROJECT_REDLINES_COMPLETED_F,DATE
rpt-network-plng,sitetracker_data,ST_FXP_SITES_V,PROVISIONING_COMPLETE_A,DATE
rpt-network-plng,sitetracker_data,ST_FXP_SITES_V,PROVISIONING_COMPLETE_F,DATE
rpt-network-plng,sitetracker_data,ST_FXP_SITES_V,PTA_POLE_APPLICATION_SUBMITTED_A,DATE
rpt-network-plng,sitetracker_data,ST_FXP_SITES_V,PTA_POLE_APPLICATION_SUBMITTED_F,DATE
rpt-network-plng,sitetracker_data,ST_FXP_SITES_V,PTA_RECEIVED_FROM_POLE_OWNER_A,DATE
rpt-network-plng,sitetracker_data,ST_FXP_SITES_V,PTA_RECEIVED_FROM_POLE_OWNER_F,DATE
rpt-network-plng,sitetracker_data,ST_FXP_SITES_V,PTA_VENDOR_ASSIGNMENT_P,STRING
rpt-network-plng,sitetracker_data,ST_FXP_SITES_V,PTA_VENDOR_ASSIGNMENT_S,STRING
rpt-network-plng,sitetracker_data,ST_FXP_SITES_V,PTA_VENDOR_P,STRING
rpt-network-plng,sitetracker_data,ST_FXP_SITES_V,PTA_VENDOR_S,STRING
rpt-network-plng,sitetracker_data,ST_FXP_SITES_V,PUN_FORM_A,DATE
rpt-network-plng,sitetracker_data,ST_FXP_SITES_V,PUN_FORM_F,DATE
rpt-network-plng,sitetracker_data,ST_FXP_SITES_V,QF_AUTOMATION_POSTED_TO_TOP_A,DATE
rpt-network-plng,sitetracker_data,ST_FXP_SITES_V,QF_AUTOMATION_POSTED_TO_TOP_F,DATE
rpt-network-plng,sitetracker_data,ST_FXP_SITES_V,RECORD_UPDATES_FINAL_POST_A,DATE
rpt-network-plng,sitetracker_data,ST_FXP_SITES_V,RECORD_UPDATES_FINAL_POST_F,DATE
rpt-network-plng,sitetracker_data,ST_FXP_SITES_V,REDLINES_TO_DESIGN_A,DATE
rpt-network-plng,sitetracker_data,ST_FXP_SITES_V,REDLINES_TO_DESIGN_F,DATE
rpt-network-plng,sitetracker_data,ST_FXP_SITES_V,REJECT_FLAG,NUMERIC
rpt-network-plng,sitetracker_data,ST_FXP_SITES_V,RELATED_F1_FOOTAGE_PLCG_COMPLETE,NUMERIC
rpt-network-plng,sitetracker_data,ST_FXP_SITES_V,RELATED_F1_FOOTAGE_SPL_COMPLETE,NUMERIC
rpt-network-plng,sitetracker_data,ST_FXP_SITES_V,RELATED_F1_PLCG_PERCENTAGE_COMPLETE,NUMERIC
rpt-network-plng,sitetracker_data,ST_FXP_SITES_V,RELATED_F1_SPL_PERCENTAGE_COMPLETE,NUMERIC
rpt-network-plng,sitetracker_data,ST_FXP_SITES_V,RELATED_F2_FOOTAGE_PLCG_COMPLETE,NUMERIC
rpt-network-plng,sitetracker_data,ST_FXP_SITES_V,RELATED_F2_FOOTAGE_SPL_COMPLETE,NUMERIC
rpt-network-plng,sitetracker_data,ST_FXP_SITES_V,RELATED_F2_PLCG_PERCENTAGE_COMPLETE,NUMERIC
rpt-network-plng,sitetracker_data,ST_FXP_SITES_V,RELATED_F2_SPL_PERCENTAGE_COMPLETE,NUMERIC
rpt-network-plng,sitetracker_data,ST_FXP_SITES_V,RELATED_FIBER_AERIAL_FOOTAGE,NUMERIC
rpt-network-plng,sitetracker_data,ST_FXP_SITES_V,RELATED_FIBER_BURIED_UG_FOOTAGE,NUMERIC
rpt-network-plng,sitetracker_data,ST_FXP_SITES_V,RELATED_FIBER_FOOTAGE,NUMERIC
rpt-network-plng,sitetracker_data,ST_FXP_SITES_V,RELATED_FIBER_PLCG_FOOTAGE_COMPLETE,NUMERIC
rpt-network-plng,sitetracker_data,ST_FXP_SITES_V,RELATED_FIBER_PLCG_PERCENTAGE,NUMERIC
rpt-network-plng,sitetracker_data,ST_FXP_SITES_V,RELATED_FIBER_SPL_FOOTAGE_COMPLETE,NUMERIC
rpt-network-plng,sitetracker_data,ST_FXP_SITES_V,RELATED_FIBER_SPL_PERCENTAGE,NUMERIC
rpt-network-plng,sitetracker_data,ST_FXP_SITES_V,RELATED_PROJECT_S_IMPLEMENTATION_A,DATE
rpt-network-plng,sitetracker_data,ST_FXP_SITES_V,RELATED_PROJECT_S_IMPLEMENTATION_F,DATE
rpt-network-plng,sitetracker_data,ST_FXP_SITES_V,RELAY_RACK,STRING
rpt-network-plng,sitetracker_data,ST_FXP_SITES_V,RELEASED_TO_CONSTRUCTION_A,DATE
rpt-network-plng,sitetracker_data,ST_FXP_SITES_V,RELEASED_TO_CONSTRUCTION_F,DATE
rpt-network-plng,sitetracker_data,ST_FXP_SITES_V,REVIEW_CAPITAL_DESIGN_AND_ADD_F1_COS_A,DATE
rpt-network-plng,sitetracker_data,ST_FXP_SITES_V,REVIEW_CAPITAL_DESIGN_AND_ADD_F1_COS_F,DATE
rpt-network-plng,sitetracker_data,ST_FXP_SITES_V,REVIEW_IN_STAGING_A,DATE
rpt-network-plng,sitetracker_data,ST_FXP_SITES_V,REVIEW_IN_STAGING_F,DATE
rpt-network-plng,sitetracker_data,ST_FXP_SITES_V,SF_PHASE_RECORD,STRING
rpt-network-plng,sitetracker_data,ST_FXP_SITES_V,SALES_OSR_CONTACT,STRING
rpt-network-plng,sitetracker_data,ST_FXP_SITES_V,SF_IMPLEMENTATION_RECORD,STRING
rpt-network-plng,sitetracker_data,ST_FXP_SITES_V,SAP_SYSTEM_STATUS,STRING
rpt-network-plng,sitetracker_data,ST_FXP_SITES_V,SECONDARY_POWER_COMPANY_NAME,STRING
rpt-network-plng,sitetracker_data,ST_FXP_SITES_V,SEGMENT,STRING
rpt-network-plng,sitetracker_data,ST_FXP_SITES_V,SERVICE_AREA,STRING
rpt-network-plng,sitetracker_data,ST_FXP_SITES_V,SHELF,STRING
rpt-network-plng,sitetracker_data,ST_FXP_SITES_V,PROJECT_STATUS,STRING
rpt-network-plng,sitetracker_data,ST_FXP_SITES_V,PROJECT_STATUS_OVERRIDE,NUMERIC
rpt-network-plng,sitetracker_data,ST_FXP_SITES_V,PROJECT_STATUS_OVERRIDE_REASON,STRING
rpt-network-plng,sitetracker_data,ST_FXP_SITES_V,SITE_NAME,STRING
rpt-network-plng,sitetracker_data,ST_FXP_SITES_V,COST_CENTER,STRING
rpt-network-plng,sitetracker_data,ST_FXP_SITES_V,SITEWALK_CATEGORY_1,STRING
rpt-network-plng,sitetracker_data,ST_FXP_SITES_V,SITEWALK_CATEGORY_2,STRING
rpt-network-plng,sitetracker_data,ST_FXP_SITES_V,SITEWALK_COMPLETED_A,DATE
rpt-network-plng,sitetracker_data,ST_FXP_SITES_V,SITEWALK_COMPLETED_F,DATE
rpt-network-plng,sitetracker_data,ST_FXP_SITES_V,SITEWALK_HANDED_OFF_A,DATE
rpt-network-plng,sitetracker_data,ST_FXP_SITES_V,SITEWALK_HANDED_OFF_F,DATE
rpt-network-plng,sitetracker_data,ST_FXP_SITES_V,SITEWALK_REQUIRED,STRING
rpt-network-plng,sitetracker_data,ST_FXP_SITES_V,SITEWALK_START_A,DATE
rpt-network-plng,sitetracker_data,ST_FXP_SITES_V,SITEWALK_START_F,DATE
rpt-network-plng,sitetracker_data,ST_FXP_SITES_V,SITEWALK_VENDOR_1,STRING
rpt-network-plng,sitetracker_data,ST_FXP_SITES_V,SITEWALK_VENDOR_2,STRING
rpt-network-plng,sitetracker_data,ST_FXP_SITES_V,SOW_FORM,STRING
rpt-network-plng,sitetracker_data,ST_FXP_SITES_V,SPLICING_A,DATE
rpt-network-plng,sitetracker_data,ST_FXP_SITES_V,SPLICING_F,DATE
rpt-network-plng,sitetracker_data,ST_FXP_SITES_V,SPLITTER_SIZE,STRING
rpt-network-plng,sitetracker_data,ST_FXP_SITES_V,STAR_ID_1,STRING
rpt-network-plng,sitetracker_data,ST_FXP_SITES_V,STAR_ID_2,STRING
rpt-network-plng,sitetracker_data,ST_FXP_SITES_V,STAR_ID_3,STRING
rpt-network-plng,sitetracker_data,ST_FXP_SITES_V,STAR_ID_4,STRING
rpt-network-plng,sitetracker_data,ST_FXP_SITES_V,STAR_ID_5,STRING
rpt-network-plng,sitetracker_data,ST_FXP_SITES_V,STAR_ID_6,STRING
rpt-network-plng,sitetracker_data,ST_FXP_SITES_V,STAR_ID_7,STRING
rpt-network-plng,sitetracker_data,ST_FXP_SITES_V,STAR_ID_8,STRING
rpt-network-plng,sitetracker_data,ST_FXP_SITES_V,STAR_ID_9,STRING
rpt-network-plng,sitetracker_data,ST_FXP_SITES_V,STAR_ID_10,STRING
rpt-network-plng,sitetracker_data,ST_FXP_SITES_V,STAR_ID_11,STRING
rpt-network-plng,sitetracker_data,ST_FXP_SITES_V,STAR_ID_12,STRING
rpt-network-plng,sitetracker_data,ST_FXP_SITES_V,STAR_ID_13,STRING
rpt-network-plng,sitetracker_data,ST_FXP_SITES_V,STAR_ID_14,STRING
rpt-network-plng,sitetracker_data,ST_FXP_SITES_V,STAR_ID_15,STRING
rpt-network-plng,sitetracker_data,ST_FXP_SITES_V,STAR_ID_16,STRING
rpt-network-plng,sitetracker_data,ST_FXP_SITES_V,STAR_ID_17,STRING
rpt-network-plng,sitetracker_data,ST_FXP_SITES_V,STAR_ID_18,STRING
rpt-network-plng,sitetracker_data,ST_FXP_SITES_V,STAR_ID_19,STRING
rpt-network-plng,sitetracker_data,ST_FXP_SITES_V,STAR_ID_20,STRING
rpt-network-plng,sitetracker_data,ST_FXP_SITES_V,SUBMIT_CAPITAL_DESIGN_FOR_ASSESSMENT_A,DATE
rpt-network-plng,sitetracker_data,ST_FXP_SITES_V,SUBMIT_CAPITAL_DESIGN_FOR_ASSESSMENT_F,DATE
rpt-network-plng,sitetracker_data,ST_FXP_SITES_V,SUBMITS_PROPOSAL_TO_DEVELOPER_A,DATE
rpt-network-plng,sitetracker_data,ST_FXP_SITES_V,SUBMITS_PROPOSAL_TO_DEVELOPER_F,DATE
rpt-network-plng,sitetracker_data,ST_FXP_SITES_V,SUBMITTED_TO_PROD_A,DATE
rpt-network-plng,sitetracker_data,ST_FXP_SITES_V,SUBMITTED_TO_PROD_F,DATE
rpt-network-plng,sitetracker_data,ST_FXP_SITES_V,SUBMITTED_TO_STAGING_A,DATE
rpt-network-plng,sitetracker_data,ST_FXP_SITES_V,SUBMITTED_TO_STAGING_F,DATE
rpt-network-plng,sitetracker_data,ST_FXP_SITES_V,SUCCESS_IN_PROD_A,DATE
rpt-network-plng,sitetracker_data,ST_FXP_SITES_V,SUCCESS_IN_PROD_F,DATE
rpt-network-plng,sitetracker_data,ST_FXP_SITES_V,SERVICE_DELIVERY,STRING
rpt-network-plng,sitetracker_data,ST_FXP_SITES_V,TDM_REQUIRED,STRING
rpt-network-plng,sitetracker_data,ST_FXP_SITES_V,TECH_RESOURCES_IN_SALESFORCE,STRING
rpt-network-plng,sitetracker_data,ST_FXP_SITES_V,TECHNICALLY_COMPLETE_A,DATE
rpt-network-plng,sitetracker_data,ST_FXP_SITES_V,TECHNICALLY_COMPLETE_F,DATE
rpt-network-plng,sitetracker_data,ST_FXP_SITES_V,THIRD_PARTY_MAKE_READY_ESTIMATE_COMPLETE,DATE
rpt-network-plng,sitetracker_data,ST_FXP_SITES_V,TID,STRING
rpt-network-plng,sitetracker_data,ST_FXP_SITES_V,TIE_PAIR_NAME,STRING
rpt-network-plng,sitetracker_data,ST_FXP_SITES_V,TIRKS_CIRCUITS_REQUESTED_A,DATE
rpt-network-plng,sitetracker_data,ST_FXP_SITES_V,TIRKS_CIRCUITS_REQUESTED_F,DATE
rpt-network-plng,sitetracker_data,ST_FXP_SITES_V,TIRKS_FIBER_INVENTORY_F1_SUBMITTED_A,DATE
rpt-network-plng,sitetracker_data,ST_FXP_SITES_V,TIRKS_FIBER_INVENTORY_F1_SUBMITTED_F,DATE
rpt-network-plng,sitetracker_data,ST_FXP_SITES_V,TOTAL_FIBER_AERIAL_FOOTAGE,NUMERIC
rpt-network-plng,sitetracker_data,ST_FXP_SITES_V,TOTAL_FIBER_BURIED_UG_FOOTAGE,NUMERIC
rpt-network-plng,sitetracker_data,ST_FXP_SITES_V,TOTAL_FIBER_FOOTAGE,NUMERIC
rpt-network-plng,sitetracker_data,ST_FXP_SITES_V,TOTAL_FIBER_PLCG_FOOTAGE_COMPLETE,NUMERIC
rpt-network-plng,sitetracker_data,ST_FXP_SITES_V,TOTAL_FIBER_PLCG_PERCENTAGE,NUMERIC
rpt-network-plng,sitetracker_data,ST_FXP_SITES_V,TOTAL_FIBER_SPL_FOOTAGE_COMPLETE,NUMERIC
rpt-network-plng,sitetracker_data,ST_FXP_SITES_V,TOTAL_FIBER_SPL_PERCENTAGE,NUMERIC
rpt-network-plng,sitetracker_data,ST_FXP_SITES_V,TOTAL_MAKE_READY_COST,NUMERIC
rpt-network-plng,sitetracker_data,ST_FXP_SITES_V,TOTAL_NUMBER_OF_POLES,NUMERIC
rpt-network-plng,sitetracker_data,ST_FXP_SITES_V,TOTAL_PERMIT_FEES,NUMERIC
rpt-network-plng,sitetracker_data,ST_FXP_SITES_V,TOTAL_PERMITS_SUBMITTED,NUMERIC
rpt-network-plng,sitetracker_data,ST_FXP_SITES_V,TOTAL_POLES_DENIED,NUMERIC
rpt-network-plng,sitetracker_data,ST_FXP_SITES_V,TRENCH_TYPE,STRING
rpt-network-plng,sitetracker_data,ST_FXP_SITES_V,TURNED_UP_MARKET_LAUNCH_A,DATE
rpt-network-plng,sitetracker_data,ST_FXP_SITES_V,TURNED_UP_MARKET_LAUNCH_F,DATE
rpt-network-plng,sitetracker_data,ST_FXP_SITES_V,UPLOAD_ASBUILTS_A,DATE
rpt-network-plng,sitetracker_data,ST_FXP_SITES_V,UPLOAD_ASBUILTS_F,DATE
rpt-network-plng,sitetracker_data,ST_FXP_SITES_V,VALIDATE_QUAL_TYPE_IN_THE_QF_PORTAL_A,DATE
rpt-network-plng,sitetracker_data,ST_FXP_SITES_V,VALIDATE_QUAL_TYPE_IN_THE_QF_PORTAL_F,DATE
rpt-network-plng,sitetracker_data,ST_FXP_SITES_V,VENDOR_ASSIGNMENT_A,DATE
rpt-network-plng,sitetracker_data,ST_FXP_SITES_V,VENDOR_ASSIGNMENT_F,DATE
rpt-network-plng,sitetracker_data,ST_FXP_SITES_V,VENDOR_COMMITMENT_CONFIRMED_A,DATE
rpt-network-plng,sitetracker_data,ST_FXP_SITES_V,VENDOR_COMMITMENT_CONFIRMED_F,DATE
rpt-network-plng,sitetracker_data,ST_FXP_SITES_V,VENDOR_CONTRACT_ASSIGNMENT,INT64
rpt-network-plng,sitetracker_data,ST_FXP_SITES_V,VENDOR_MATERIALS_ORDERED_A,DATE
rpt-network-plng,sitetracker_data,ST_FXP_SITES_V,VENDOR_MATERIALS_ORDERED_F,DATE
rpt-network-plng,sitetracker_data,ST_FXP_SITES_V,VENDOR_MATERIALS_RECEIVED_A,DATE
rpt-network-plng,sitetracker_data,ST_FXP_SITES_V,VENDOR_MATERIALS_RECEIVED_F,DATE
rpt-network-plng,sitetracker_data,ST_FXP_SITES_V,VERB_CODE_AND_DESCRIPTION,STRING
rpt-network-plng,sitetracker_data,ST_FXP_SITES_V,VERIFY_ACTUALS_A,DATE
rpt-network-plng,sitetracker_data,ST_FXP_SITES_V,VERIFY_ACTUALS_F,DATE
rpt-network-plng,sitetracker_data,ST_FXP_SITES_V,WHAT_JOB_PLACED_OLT,STRING
rpt-network-plng,sitetracker_data,ST_FXP_SITES_V,WHY,INT64
rpt-network-plng,sitetracker_data,ST_FXP_SITES_V,WHY_NOW,INT64
rpt-network-plng,sitetracker_data,ST_FXP_SITES_V,WON_1ST_HOME,STRING
rpt-network-plng,sitetracker_data,ST_FXP_SITES_V,WORK_TYPE,STRING
rpt-network-plng,sitetracker_data,ST_FXP_SITES_V,WRECKING_RESTORAL_A,DATE
rpt-network-plng,sitetracker_data,ST_FXP_SITES_V,WRECKING_RESTORAL_F,DATE
rpt-network-plng,sitetracker_data,ST_FXP_SITES_V,X3RD_PARTY_AERIAL_MAKE_READY_COMPLETED_A,DATE
rpt-network-plng,sitetracker_data,ST_FXP_SITES_V,X3RD_PARTY_AERIAL_MAKE_READY_COMPLETED_F,DATE
rpt-network-plng,sitetracker_data,ST_FXP_SITES_V,SITE_LAUNCH,STRING
rpt-network-plng,sitetracker_data,ST_FXP_SITES_V,ACTUAL_LAUNCH,DATE
rpt-network-plng,sitetracker_data,ST_FXP_SITES_V,ST_PROJECT_URL,STRING
rpt-network-plng,sitetracker_data,ST_FXP_SITES_V,FW_PROJECT_URL,STRING
rpt-network-plng,sitetracker_data,ST_FXP_SITES_V,PHASE_PROJECTS,STRING
rpt-network-plng,sitetracker_data,ST_FXP_SITES_V,NUM_OF_PHASE_RECORDS,NUMERIC
rpt-network-plng,sitetracker_data,ST_FXP_SITES_V,RELATED_PROJECTS,STRING
rpt-network-plng,sitetracker_data,ST_FXP_SITES_V,ST_SITE_PHASE,STRING
rpt-network-plng,sitetracker_data,ST_FXP_SITES_V,META_LOAD_DTTM,DATE
rpt-network-plng,sitetracker_data,TMP_ST_FXP_SITES_T,ST_PROJECT_ID,STRING
rpt-network-plng,sitetracker_data,TMP_ST_FXP_SITES_T,PROJECT_TYPE,STRING
rpt-network-plng,sitetracker_data,TMP_ST_FXP_SITES_T,REGION,STRING
rpt-network-plng,sitetracker_data,TMP_ST_FXP_SITES_T,STATE,STRING
rpt-network-plng,sitetracker_data,TMP_ST_FXP_SITES_T,COUNTY,STRING
rpt-network-plng,sitetracker_data,TMP_ST_FXP_SITES_T,CITY,STRING
rpt-network-plng,sitetracker_data,TMP_ST_FXP_SITES_T,EXCHANGE_NAME,STRING
rpt-network-plng,sitetracker_data,TMP_ST_FXP_SITES_T,EXCHANGE,STRING
rpt-network-plng,sitetracker_data,TMP_ST_FXP_SITES_T,COMPANY_CODE,STRING
rpt-network-plng,sitetracker_data,TMP_ST_FXP_SITES_T,LEGACY_COMPANY,STRING
rpt-network-plng,sitetracker_data,TMP_ST_FXP_SITES_T,MARKET_CLUSTER,STRING
rpt-network-plng,sitetracker_data,TMP_ST_FXP_SITES_T,PRIMARY_WIRE_CENTER_ID,STRING
rpt-network-plng,sitetracker_data,TMP_ST_FXP_SITES_T,PRIMARY_WIRE_CENTER_NAME,STRING
rpt-network-plng,sitetracker_data,TMP_ST_FXP_SITES_T,FW_PROJECT_ID,STRING
rpt-network-plng,sitetracker_data,TMP_ST_FXP_SITES_T,OSP_ENGINEER_NAME,STRING
rpt-network-plng,sitetracker_data,TMP_ST_FXP_SITES_T,OSP_ENGINEER_CUID,STRING
rpt-network-plng,sitetracker_data,TMP_ST_FXP_SITES_T,CONSTRUCTION_COORDINATOR_NAME,STRING
rpt-network-plng,sitetracker_data,TMP_ST_FXP_SITES_T,CONSTRUCTION_COORDINATOR_CUID,STRING
rpt-network-plng,sitetracker_data,TMP_ST_FXP_SITES_T,GPON_PM_NAME,STRING
rpt-network-plng,sitetracker_data,TMP_ST_FXP_SITES_T,GPON_PM_CUID,STRING
rpt-network-plng,sitetracker_data,TMP_ST_FXP_SITES_T,IMPLEMENTATION_PM_NAME,STRING
rpt-network-plng,sitetracker_data,TMP_ST_FXP_SITES_T,IMPLEMENTATION_PM_CUID,STRING
rpt-network-plng,sitetracker_data,TMP_ST_FXP_SITES_T,MARKETING_PM_NAME,STRING
rpt-network-plng,sitetracker_data,TMP_ST_FXP_SITES_T,MARKETING_PM_CUID,STRING
rpt-network-plng,sitetracker_data,TMP_ST_FXP_SITES_T,OSP_ENG_DIRECTOR_NAME,STRING
rpt-network-plng,sitetracker_data,TMP_ST_FXP_SITES_T,OSP_ENG_DIRECTOR_CUID,STRING
rpt-network-plng,sitetracker_data,TMP_ST_FXP_SITES_T,OSP_MANAGER_NAME,STRING
rpt-network-plng,sitetracker_data,TMP_ST_FXP_SITES_T,OSP_MANAGER_CUID,STRING
rpt-network-plng,sitetracker_data,TMP_ST_FXP_SITES_T,PLANNER_NAME,STRING
rpt-network-plng,sitetracker_data,TMP_ST_FXP_SITES_T,PLANNER_CUID,STRING
rpt-network-plng,sitetracker_data,TMP_ST_FXP_SITES_T,PLANNING_MANAGER_NAME,STRING
rpt-network-plng,sitetracker_data,TMP_ST_FXP_SITES_T,PLANNING_MANAGER_CUID,STRING
rpt-network-plng,sitetracker_data,TMP_ST_FXP_SITES_T,RESPONSIBLE_PERSON_NAME,STRING
rpt-network-plng,sitetracker_data,TMP_ST_FXP_SITES_T,RESPONSIBLE_PERSON_CUID,STRING
rpt-network-plng,sitetracker_data,TMP_ST_FXP_SITES_T,SALES_ENGINEER_NAME,STRING
rpt-network-plng,sitetracker_data,TMP_ST_FXP_SITES_T,SALES_ENGINEER_CUID,STRING
rpt-network-plng,sitetracker_data,TMP_ST_FXP_SITES_T,SPLICING_SUPERVISOR_NAME,STRING
rpt-network-plng,sitetracker_data,TMP_ST_FXP_SITES_T,SPLICING_SUPERVISOR_CUID,STRING
rpt-network-plng,sitetracker_data,TMP_ST_FXP_SITES_T,ONA,STRING
rpt-network-plng,sitetracker_data,TMP_ST_FXP_SITES_T,ONA_CUID,STRING
rpt-network-plng,sitetracker_data,TMP_ST_FXP_SITES_T,LAST_MODIFIED_BY_NAME,STRING
rpt-network-plng,sitetracker_data,TMP_ST_FXP_SITES_T,LAST_MODIFIED_BY_CUID,STRING
rpt-network-plng,sitetracker_data,TMP_ST_FXP_SITES_T,SL_NAME,STRING
rpt-network-plng,sitetracker_data,TMP_ST_FXP_SITES_T,SL_CUID,STRING
rpt-network-plng,sitetracker_data,TMP_ST_FXP_SITES_T,ORIGINAL_ECD_NCD,TIMESTAMP
rpt-network-plng,sitetracker_data,TMP_ST_FXP_SITES_T,MODIFIED_ECD,TIMESTAMP
rpt-network-plng,sitetracker_data,TMP_ST_FXP_SITES_T,ECD_LOGIC,TIMESTAMP
rpt-network-plng,sitetracker_data,TMP_ST_FXP_SITES_T,ML_ECD_LOGIC,TIMESTAMP
rpt-network-plng,sitetracker_data,TMP_ST_FXP_SITES_T,ADDRESS,STRING
rpt-network-plng,sitetracker_data,TMP_ST_FXP_SITES_T,ADDRESS_QUALIFICATION,STRING
rpt-network-plng,sitetracker_data,TMP_ST_FXP_SITES_T,AERIAL_ATTACHMENT_REQUIRED,STRING
rpt-network-plng,sitetracker_data,TMP_ST_FXP_SITES_T,AID_TO_CONSTRUCTION_REQUIRED,STRING
rpt-network-plng,sitetracker_data,TMP_ST_FXP_SITES_T,APO_AUDIT_A,TIMESTAMP
rpt-network-plng,sitetracker_data,TMP_ST_FXP_SITES_T,APO_AUDIT_F,TIMESTAMP
rpt-network-plng,sitetracker_data,TMP_ST_FXP_SITES_T,ATC_APPROVED,STRING
rpt-network-plng,sitetracker_data,TMP_ST_FXP_SITES_T,ATC_COST_SENT_TO_DEVELOPER_A,TIMESTAMP
rpt-network-plng,sitetracker_data,TMP_ST_FXP_SITES_T,ATC_COST_SENT_TO_DEVELOPER_F,TIMESTAMP
rpt-network-plng,sitetracker_data,TMP_ST_FXP_SITES_T,ATC_RECEIVED_FROM_DEVELOPER_A,TIMESTAMP
rpt-network-plng,sitetracker_data,TMP_ST_FXP_SITES_T,ATC_RECEIVED_FROM_DEVELOPER_F,TIMESTAMP
rpt-network-plng,sitetracker_data,TMP_ST_FXP_SITES_T,BID_ACCEPTANCE_A,TIMESTAMP
rpt-network-plng,sitetracker_data,TMP_ST_FXP_SITES_T,BID_ACCEPTANCE_F,TIMESTAMP
rpt-network-plng,sitetracker_data,TMP_ST_FXP_SITES_T,BID_CREATION_A,TIMESTAMP
rpt-network-plng,sitetracker_data,TMP_ST_FXP_SITES_T,BID_CREATION_F,TIMESTAMP
rpt-network-plng,sitetracker_data,TMP_ST_FXP_SITES_T,BID_POSTING_A,TIMESTAMP
rpt-network-plng,sitetracker_data,TMP_ST_FXP_SITES_T,BID_POSTING_F,TIMESTAMP
rpt-network-plng,sitetracker_data,TMP_ST_FXP_SITES_T,BUILD_OR_NO_BUILD,STRING
rpt-network-plng,sitetracker_data,TMP_ST_FXP_SITES_T,BID_VS_LEC_VENDOR_ASSIGNMENT,STRING
rpt-network-plng,sitetracker_data,TMP_ST_FXP_SITES_T,BUILDER_EMAIL,STRING
rpt-network-plng,sitetracker_data,TMP_ST_FXP_SITES_T,BUILDER_NAME_SITE_NAME,STRING
rpt-network-plng,sitetracker_data,TMP_ST_FXP_SITES_T,BUILDER_PHONE,STRING
rpt-network-plng,sitetracker_data,TMP_ST_FXP_SITES_T,BUILDER_SITE_CONTACT_INFO,STRING
rpt-network-plng,sitetracker_data,TMP_ST_FXP_SITES_T,BURIED_AERIAL_CONDUIT,STRING
rpt-network-plng,sitetracker_data,TMP_ST_FXP_SITES_T,BUSINESS_CASE,STRING
rpt-network-plng,sitetracker_data,TMP_ST_FXP_SITES_T,CABLE_TYPE,STRING
rpt-network-plng,sitetracker_data,TMP_ST_FXP_SITES_T,CAD_DESIGN_COMPLETE_A,TIMESTAMP
rpt-network-plng,sitetracker_data,TMP_ST_FXP_SITES_T,CAD_DESIGN_COMPLETE_F,TIMESTAMP
rpt-network-plng,sitetracker_data,TMP_ST_FXP_SITES_T,CAD_DESIGN_STARTED_A,TIMESTAMP
rpt-network-plng,sitetracker_data,TMP_ST_FXP_SITES_T,CAD_DESIGN_STARTED_F,TIMESTAMP
rpt-network-plng,sitetracker_data,TMP_ST_FXP_SITES_T,CAPITAL_APPROVAL_CODE,STRING
rpt-network-plng,sitetracker_data,TMP_ST_FXP_SITES_T,CAPITAL_DESIGN_COMPLETE_A,TIMESTAMP
rpt-network-plng,sitetracker_data,TMP_ST_FXP_SITES_T,CAPITAL_DESIGN_COMPLETE_F,TIMESTAMP
rpt-network-plng,sitetracker_data,TMP_ST_FXP_SITES_T,CAPITAL_DESIGN_REQUEST_A,TIMESTAMP
rpt-network-plng,sitetracker_data,TMP_ST_FXP_SITES_T,CAPITAL_DESIGN_REQUEST_F,TIMESTAMP
rpt-network-plng,sitetracker_data,TMP_ST_FXP_SITES_T,CCID,STRING
rpt-network-plng,sitetracker_data,TMP_ST_FXP_SITES_T,CET_OPPORTUNITY_ID,STRING
rpt-network-plng,sitetracker_data,TMP_ST_FXP_SITES_T,CLOSE_FINANCIAL_TOOL_A,TIMESTAMP
rpt-network-plng,sitetracker_data,TMP_ST_FXP_SITES_T,CLOSE_FINANCIAL_TOOL_F,TIMESTAMP
rpt-network-plng,sitetracker_data,TMP_ST_FXP_SITES_T,CMS_REVIEW_E7_2_SHELVES_ONLY_A,TIMESTAMP
rpt-network-plng,sitetracker_data,TMP_ST_FXP_SITES_T,CMS_REVIEW_E7_2_SHELVES_ONLY_F,TIMESTAMP
rpt-network-plng,sitetracker_data,TMP_ST_FXP_SITES_T,CO_ADDRESS,STRING
rpt-network-plng,sitetracker_data,TMP_ST_FXP_SITES_T,CO_CLLI,STRING
rpt-network-plng,sitetracker_data,TMP_ST_FXP_SITES_T,CO_EQUIP_CLLI,STRING
rpt-network-plng,sitetracker_data,TMP_ST_FXP_SITES_T,COMMUNITY_OR_SERVING_AREA_NAME,STRING
rpt-network-plng,sitetracker_data,TMP_ST_FXP_SITES_T,COMPETITOR,STRING
rpt-network-plng,sitetracker_data,TMP_ST_FXP_SITES_T,CONSTRUCTION_CATEGORY_1,STRING
rpt-network-plng,sitetracker_data,TMP_ST_FXP_SITES_T,CONSTRUCTION_CATEGORY_2,STRING
rpt-network-plng,sitetracker_data,TMP_ST_FXP_SITES_T,CONSTRUCTION_COORD_SPLICING_SUPERVISOR,NUMERIC
rpt-network-plng,sitetracker_data,TMP_ST_FXP_SITES_T,CONSTRUCTION_FUNDED,STRING
rpt-network-plng,sitetracker_data,TMP_ST_FXP_SITES_T,CONSTRUCTION_VENDOR_1,STRING
rpt-network-plng,sitetracker_data,TMP_ST_FXP_SITES_T,CONSTRUCTION_VENDOR_2,STRING
rpt-network-plng,sitetracker_data,TMP_ST_FXP_SITES_T,CONTRACT_AGREEMENT_STATUS,STRING
rpt-network-plng,sitetracker_data,TMP_ST_FXP_SITES_T,COST_ESTIMATE_A,TIMESTAMP
rpt-network-plng,sitetracker_data,TMP_ST_FXP_SITES_T,COST_ESTIMATE_F,TIMESTAMP
rpt-network-plng,sitetracker_data,TMP_ST_FXP_SITES_T,COSTING_APPROVAL_UPLOADED,NUMERIC
rpt-network-plng,sitetracker_data,TMP_ST_FXP_SITES_T,CREATED_DATE,TIMESTAMP
rpt-network-plng,sitetracker_data,TMP_ST_FXP_SITES_T,CREATE_POLYGON_A,TIMESTAMP
rpt-network-plng,sitetracker_data,TMP_ST_FXP_SITES_T,CREATE_POLYGON_F,TIMESTAMP
rpt-network-plng,sitetracker_data,TMP_ST_FXP_SITES_T,CURRENT_OPEN_ACTIVITY,STRING
rpt-network-plng,sitetracker_data,TMP_ST_FXP_SITES_T,DATE_AUDIT_COMPLETED,TIMESTAMP
rpt-network-plng,sitetracker_data,TMP_ST_FXP_SITES_T,DATE_AUDIT_STARTED,TIMESTAMP
rpt-network-plng,sitetracker_data,TMP_ST_FXP_SITES_T,DATE_OF_POST,TIMESTAMP
rpt-network-plng,sitetracker_data,TMP_ST_FXP_SITES_T,DEV_TYPE,STRING
rpt-network-plng,sitetracker_data,TMP_ST_FXP_SITES_T,DEVELOPER_CONTACT_INFO,STRING
rpt-network-plng,sitetracker_data,TMP_ST_FXP_SITES_T,DEVELOPER_FINAL_PLATS_RECEIVED_A,TIMESTAMP
rpt-network-plng,sitetracker_data,TMP_ST_FXP_SITES_T,DEVELOPER_FINAL_PLATS_RECEIVED_F,TIMESTAMP
rpt-network-plng,sitetracker_data,TMP_ST_FXP_SITES_T,DEVELOPER_EMAIL,STRING
rpt-network-plng,sitetracker_data,TMP_ST_FXP_SITES_T,DEVELOPER_NAME,STRING
rpt-network-plng,sitetracker_data,TMP_ST_FXP_SITES_T,DEVELOPER_PHONE,STRING
rpt-network-plng,sitetracker_data,TMP_ST_FXP_SITES_T,DEVELOPMENT_ADDRESS,STRING
rpt-network-plng,sitetracker_data,TMP_ST_FXP_SITES_T,EASEMENT_REQUIRED,STRING
rpt-network-plng,sitetracker_data,TMP_ST_FXP_SITES_T,EASEMENT_ROW_RECEIVED_A,TIMESTAMP
rpt-network-plng,sitetracker_data,TMP_ST_FXP_SITES_T,EASEMENT_ROW_RECEIVED_F,TIMESTAMP
rpt-network-plng,sitetracker_data,TMP_ST_FXP_SITES_T,EASEMENT_ROW_REQUESTED_A,TIMESTAMP
rpt-network-plng,sitetracker_data,TMP_ST_FXP_SITES_T,EASEMENT_ROW_REQUESTED_F,TIMESTAMP
rpt-network-plng,sitetracker_data,TMP_ST_FXP_SITES_T,EASEMENT_ROW_REQUIRED,STRING
rpt-network-plng,sitetracker_data,TMP_ST_FXP_SITES_T,ENGINEER_REVIEWS_POLYGON_COMPLETE_A,TIMESTAMP
rpt-network-plng,sitetracker_data,TMP_ST_FXP_SITES_T,ENGINEER_REVIEWS_POLYGON_COMPLETE_F,TIMESTAMP
rpt-network-plng,sitetracker_data,TMP_ST_FXP_SITES_T,ENGINEERING_CATEGORY_1,STRING
rpt-network-plng,sitetracker_data,TMP_ST_FXP_SITES_T,ENGINEERING_CATEGORY_2,STRING
rpt-network-plng,sitetracker_data,TMP_ST_FXP_SITES_T,ENGINEERING_COMPLETE_A,TIMESTAMP
rpt-network-plng,sitetracker_data,TMP_ST_FXP_SITES_T,ENGINEERING_COMPLETE_F,TIMESTAMP
rpt-network-plng,sitetracker_data,TMP_ST_FXP_SITES_T,ENGINEERING_FUNDED,STRING
rpt-network-plng,sitetracker_data,TMP_ST_FXP_SITES_T,ENGINEERING_FUNDING_COMMENTS,STRING
rpt-network-plng,sitetracker_data,TMP_ST_FXP_SITES_T,ENGINEERING_STATE,STRING
rpt-network-plng,sitetracker_data,TMP_ST_FXP_SITES_T,ENGINEERING_VENDOR_1,STRING
rpt-network-plng,sitetracker_data,TMP_ST_FXP_SITES_T,ENGINEERING_VENDOR_2,STRING
rpt-network-plng,sitetracker_data,TMP_ST_FXP_SITES_T,F1_FOOTAGE_PLCG_COMPLETE,NUMERIC
rpt-network-plng,sitetracker_data,TMP_ST_FXP_SITES_T,F1_FOOTAGE_SPL_COMPLETE,NUMERIC
rpt-network-plng,sitetracker_data,TMP_ST_FXP_SITES_T,F1_PLCG_PERCENTAGE_COMPLETE,NUMERIC
rpt-network-plng,sitetracker_data,TMP_ST_FXP_SITES_T,F1_SPL_PERCENTAGE_COMPLETE,NUMERIC
rpt-network-plng,sitetracker_data,TMP_ST_FXP_SITES_T,F2_FOOTAGE_PLCG_COMPLETE,NUMERIC
rpt-network-plng,sitetracker_data,TMP_ST_FXP_SITES_T,F2_FOOTAGE_SPL_COMPLETE,NUMERIC
rpt-network-plng,sitetracker_data,TMP_ST_FXP_SITES_T,F2_PLCG_PERCENTAGE_COMPLETE,NUMERIC
rpt-network-plng,sitetracker_data,TMP_ST_FXP_SITES_T,F2_SPL_PERCENTAGE_COMPLETE,NUMERIC
rpt-network-plng,sitetracker_data,TMP_ST_FXP_SITES_T,FEED_FIBER_NAME_AND_COUNT,STRING
rpt-network-plng,sitetracker_data,TMP_ST_FXP_SITES_T,FEEDER_PLANNING_A,TIMESTAMP
rpt-network-plng,sitetracker_data,TMP_ST_FXP_SITES_T,FEEDER_PLANNING_F,TIMESTAMP
rpt-network-plng,sitetracker_data,TMP_ST_FXP_SITES_T,FIBER_DB_LOSS,STRING
rpt-network-plng,sitetracker_data,TMP_ST_FXP_SITES_T,FIBER_DISTANCE,STRING
rpt-network-plng,sitetracker_data,TMP_ST_FXP_SITES_T,FIELD_TYPE,STRING
rpt-network-plng,sitetracker_data,TMP_ST_FXP_SITES_T,FINALIZE_ALL_VENDOR_INVOICING_A,TIMESTAMP
rpt-network-plng,sitetracker_data,TMP_ST_FXP_SITES_T,FINALIZE_ALL_VENDOR_INVOICING_F,TIMESTAMP
rpt-network-plng,sitetracker_data,TMP_ST_FXP_SITES_T,FINALIZE_NETWORK_DESIGN_A,TIMESTAMP
rpt-network-plng,sitetracker_data,TMP_ST_FXP_SITES_T,FINALIZE_NETWORK_DESIGN_F,TIMESTAMP
rpt-network-plng,sitetracker_data,TMP_ST_FXP_SITES_T,FIRST_OCC_OUT_OF_SYNC_WITH_SALESFORCE,NUMERIC
rpt-network-plng,sitetracker_data,TMP_ST_FXP_SITES_T,FIRST_OCCUPANCY_TGT_DT,TIMESTAMP
rpt-network-plng,sitetracker_data,TMP_ST_FXP_SITES_T,FIRST_SERVICE_FIRE_ALARM_ELEVATOR,STRING
rpt-network-plng,sitetracker_data,TMP_ST_FXP_SITES_T,FLAG_FOR_DELETION,NUMERIC
rpt-network-plng,sitetracker_data,TMP_ST_FXP_SITES_T,FLAG_FOR_MIGRATION,NUMERIC
rpt-network-plng,sitetracker_data,TMP_ST_FXP_SITES_T,FRAME,STRING
rpt-network-plng,sitetracker_data,TMP_ST_FXP_SITES_T,FSAI_ADDRESS,STRING
rpt-network-plng,sitetracker_data,TMP_ST_FXP_SITES_T,FSAI_CLLI,STRING
rpt-network-plng,sitetracker_data,TMP_ST_FXP_SITES_T,FSAI_MANUFACTURER,STRING
rpt-network-plng,sitetracker_data,TMP_ST_FXP_SITES_T,FSAI_SIZE,STRING
rpt-network-plng,sitetracker_data,TMP_ST_FXP_SITES_T,FSAI_TAPER_DA_CODE,STRING
rpt-network-plng,sitetracker_data,TMP_ST_FXP_SITES_T,FSAI_TO_ONT_S,STRING
rpt-network-plng,sitetracker_data,TMP_ST_FXP_SITES_T,FTHGN_NAME_AND_COUNT,STRING
rpt-network-plng,sitetracker_data,TMP_ST_FXP_SITES_T,FUNDING_DOCUMENTS_PREP_PRECHECKS_A,TIMESTAMP
rpt-network-plng,sitetracker_data,TMP_ST_FXP_SITES_T,FUNDING_DOCUMENTS_PREP_PRECHECKS_F,TIMESTAMP
rpt-network-plng,sitetracker_data,TMP_ST_FXP_SITES_T,FUNDING_REQUEST_RECEIVED_A,TIMESTAMP
rpt-network-plng,sitetracker_data,TMP_ST_FXP_SITES_T,FUNDING_REQUEST_RECEIVED_F,TIMESTAMP
rpt-network-plng,sitetracker_data,TMP_ST_FXP_SITES_T,FUNDING_REQUEST_SUBMITTED_A,TIMESTAMP
rpt-network-plng,sitetracker_data,TMP_ST_FXP_SITES_T,FUNDING_REQUEST_SUBMITTED_F,TIMESTAMP
rpt-network-plng,sitetracker_data,TMP_ST_FXP_SITES_T,FURTHEST_COMPLETED_ACTIVITY,STRING
rpt-network-plng,sitetracker_data,TMP_ST_FXP_SITES_T,GEOSPATIAL_CHECKS_PASSED_A,TIMESTAMP
rpt-network-plng,sitetracker_data,TMP_ST_FXP_SITES_T,GEOSPATIAL_CHECKS_PASSED_F,TIMESTAMP
rpt-network-plng,sitetracker_data,TMP_ST_FXP_SITES_T,GEOSPATIAL_SUBMITTED_TO_BRAIN_A,TIMESTAMP
rpt-network-plng,sitetracker_data,TMP_ST_FXP_SITES_T,GEOSPATIAL_SUBMITTED_TO_BRAIN_F,TIMESTAMP
rpt-network-plng,sitetracker_data,TMP_ST_FXP_SITES_T,GOOGLE_ADDRESS_VALIDATION_FALLOUT_A,TIMESTAMP
rpt-network-plng,sitetracker_data,TMP_ST_FXP_SITES_T,GOOGLE_ADDRESS_VALIDATION_FALLOUT_F,TIMESTAMP
rpt-network-plng,sitetracker_data,TMP_ST_FXP_SITES_T,GOOGLE_UPDATE_REQUEST_A,TIMESTAMP
rpt-network-plng,sitetracker_data,TMP_ST_FXP_SITES_T,GOOGLE_UPDATE_REQUEST_F,TIMESTAMP
rpt-network-plng,sitetracker_data,TMP_ST_FXP_SITES_T,GRATIS,STRING
rpt-network-plng,sitetracker_data,TMP_ST_FXP_SITES_T,GRATIS_ORDER,STRING
rpt-network-plng,sitetracker_data,TMP_ST_FXP_SITES_T,HANDED_OFF_TO_ENGINEER_A,TIMESTAMP
rpt-network-plng,sitetracker_data,TMP_ST_FXP_SITES_T,HANDED_OFF_TO_ENGINEER_F,TIMESTAMP
rpt-network-plng,sitetracker_data,TMP_ST_FXP_SITES_T,HANDOFF_TO_PLANNING_A,TIMESTAMP
rpt-network-plng,sitetracker_data,TMP_ST_FXP_SITES_T,HANDOFF_TO_PLANNING_F,TIMESTAMP
rpt-network-plng,sitetracker_data,TMP_ST_FXP_SITES_T,HELD_ORDER_ID,STRING
rpt-network-plng,sitetracker_data,TMP_ST_FXP_SITES_T,HIGH_COST_REVIEW,STRING
rpt-network-plng,sitetracker_data,TMP_ST_FXP_SITES_T,IMP_LUS_OUT_OF_SYNC_WITH_SALESFORCE,NUMERIC
rpt-network-plng,sitetracker_data,TMP_ST_FXP_SITES_T,IMP_PM_OUT_OF_SYNC_WITH_SALESFORCE,NUMERIC
rpt-network-plng,sitetracker_data,TMP_ST_FXP_SITES_T,IMPLEMENTATION_A,TIMESTAMP
rpt-network-plng,sitetracker_data,TMP_ST_FXP_SITES_T,IMPLEMENTATION_F,TIMESTAMP
rpt-network-plng,sitetracker_data,TMP_ST_FXP_SITES_T,INVENTORY_COMPLETE_A,TIMESTAMP
rpt-network-plng,sitetracker_data,TMP_ST_FXP_SITES_T,INVENTORY_COMPLETE_F,TIMESTAMP
rpt-network-plng,sitetracker_data,TMP_ST_FXP_SITES_T,INVENTORY_STACK,STRING
rpt-network-plng,sitetracker_data,TMP_ST_FXP_SITES_T,INVESTMENT_REASON,STRING
rpt-network-plng,sitetracker_data,TMP_ST_FXP_SITES_T,JOINT_TRENCH_MEETING_DATE_A,TIMESTAMP
rpt-network-plng,sitetracker_data,TMP_ST_FXP_SITES_T,JOINT_TRENCH_MEETING_DATE_F,TIMESTAMP
rpt-network-plng,sitetracker_data,TMP_ST_FXP_SITES_T,JOINT_TRENCH_MEETING,STRING
rpt-network-plng,sitetracker_data,TMP_ST_FXP_SITES_T,JOINT_TRENCH_READY_DATE,TIMESTAMP
rpt-network-plng,sitetracker_data,TMP_ST_FXP_SITES_T,LANDBASE_REQUEST_COMPLETED_A,TIMESTAMP
rpt-network-plng,sitetracker_data,TMP_ST_FXP_SITES_T,LANDBASE_REQUEST_COMPLETED_F,TIMESTAMP
rpt-network-plng,sitetracker_data,TMP_ST_FXP_SITES_T,LAST_MODIFIED_DATE,TIMESTAMP
rpt-network-plng,sitetracker_data,TMP_ST_FXP_SITES_T,LATITUDE,STRING
rpt-network-plng,sitetracker_data,TMP_ST_FXP_SITES_T,LEEP_F1_PORTION_A,TIMESTAMP
rpt-network-plng,sitetracker_data,TMP_ST_FXP_SITES_T,LEEP_F1_PORTION_F,TIMESTAMP
rpt-network-plng,sitetracker_data,TMP_ST_FXP_SITES_T,LEEP_F2_PORTION_A,TIMESTAMP
rpt-network-plng,sitetracker_data,TMP_ST_FXP_SITES_T,LEEP_F2_PORTION_F,TIMESTAMP
rpt-network-plng,sitetracker_data,TMP_ST_FXP_SITES_T,LEN_ASSIGNMENTS,STRING
rpt-network-plng,sitetracker_data,TMP_ST_FXP_SITES_T,LOAD_KMZ_FILE_INTERVAL_TABLES_A,TIMESTAMP
rpt-network-plng,sitetracker_data,TMP_ST_FXP_SITES_T,LOAD_KMZ_FILE_INTERVAL_TABLES_F,TIMESTAMP
rpt-network-plng,sitetracker_data,TMP_ST_FXP_SITES_T,LONGITUDE,STRING
rpt-network-plng,sitetracker_data,TMP_ST_FXP_SITES_T,LU_MISSED_ON_COMPLETE,NUMERIC
rpt-network-plng,sitetracker_data,TMP_ST_FXP_SITES_T,MAKE_READY_CONSTRUCTION_EST_CMP_P,TIMESTAMP
rpt-network-plng,sitetracker_data,TMP_ST_FXP_SITES_T,MAKE_READY_CONSTRUCTION_EST_CMP_S,TIMESTAMP
rpt-network-plng,sitetracker_data,TMP_ST_FXP_SITES_T,MAKE_READY_COST_P,NUMERIC
rpt-network-plng,sitetracker_data,TMP_ST_FXP_SITES_T,MAKE_READY_COST_S,NUMERIC
rpt-network-plng,sitetracker_data,TMP_ST_FXP_SITES_T,MAKE_READY_ESTIMATE_RECEIVED_A,TIMESTAMP
rpt-network-plng,sitetracker_data,TMP_ST_FXP_SITES_T,MAKE_READY_ESTIMATE_RECEIVED_F,TIMESTAMP
rpt-network-plng,sitetracker_data,TMP_ST_FXP_SITES_T,MAKE_READY_PAYMENT_SUBMITTED_A,TIMESTAMP
rpt-network-plng,sitetracker_data,TMP_ST_FXP_SITES_T,MAKE_READY_PAYMENT_SUBMITTED_F,TIMESTAMP
rpt-network-plng,sitetracker_data,TMP_ST_FXP_SITES_T,MAKE_READY_REQUIRED,STRING
rpt-network-plng,sitetracker_data,TMP_ST_FXP_SITES_T,MANUAL_OLS_LOAD_LAYER_1_A,TIMESTAMP
rpt-network-plng,sitetracker_data,TMP_ST_FXP_SITES_T,MANUAL_OLS_LOAD_LAYER_1_F,TIMESTAMP
rpt-network-plng,sitetracker_data,TMP_ST_FXP_SITES_T,MANUAL_OLS_RECEIVED,TIMESTAMP
rpt-network-plng,sitetracker_data,TMP_ST_FXP_SITES_T,MATERIALS_RECEIVED_A,TIMESTAMP
rpt-network-plng,sitetracker_data,TMP_ST_FXP_SITES_T,MATERIALS_RECEIVED_F,TIMESTAMP
rpt-network-plng,sitetracker_data,TMP_ST_FXP_SITES_T,MKTG_PM_NAME,STRING
rpt-network-plng,sitetracker_data,TMP_ST_FXP_SITES_T,MKTG_PM_COMPANY_ADDRESS,STRING
rpt-network-plng,sitetracker_data,TMP_ST_FXP_SITES_T,MKTG_PM_CONTACT_COMPANY,STRING
rpt-network-plng,sitetracker_data,TMP_ST_FXP_SITES_T,MKTG_PM_CONTACT_EMAIL,STRING
rpt-network-plng,sitetracker_data,TMP_ST_FXP_SITES_T,MKTG_PM_CONTACT_PHONE,STRING
rpt-network-plng,sitetracker_data,TMP_ST_FXP_SITES_T,MKTG_PM_CONTACT_TYPE,STRING
rpt-network-plng,sitetracker_data,TMP_ST_FXP_SITES_T,NDS_PROJECT_NAME,STRING
rpt-network-plng,sitetracker_data,TMP_ST_FXP_SITES_T,NDS_PROJECT_NUMBER,STRING
rpt-network-plng,sitetracker_data,TMP_ST_FXP_SITES_T,NDS_QF_QM_ERROR_CLEANUP_A,TIMESTAMP
rpt-network-plng,sitetracker_data,TMP_ST_FXP_SITES_T,NDS_QF_QM_ERROR_CLEANUP_F,TIMESTAMP
rpt-network-plng,sitetracker_data,TMP_ST_FXP_SITES_T,NDS_USER_ID,STRING
rpt-network-plng,sitetracker_data,TMP_ST_FXP_SITES_T,NEW_OR_EXISTING_FSAI,STRING
rpt-network-plng,sitetracker_data,TMP_ST_FXP_SITES_T,NI_ACCEPTED_HANDOFF_A,TIMESTAMP
rpt-network-plng,sitetracker_data,TMP_ST_FXP_SITES_T,NI_ACCEPTED_HANDOFF_F,TIMESTAMP
rpt-network-plng,sitetracker_data,TMP_ST_FXP_SITES_T,NO_BUILD_COMMENTS,STRING
rpt-network-plng,sitetracker_data,TMP_ST_FXP_SITES_T,NO_BUILD_NOTIFICATION_A,TIMESTAMP
rpt-network-plng,sitetracker_data,TMP_ST_FXP_SITES_T,NO_BUILD_NOTIFICATION_F,TIMESTAMP
rpt-network-plng,sitetracker_data,TMP_ST_FXP_SITES_T,NO_BUILD_PUN_FORM_SUBMITTED_A,TIMESTAMP
rpt-network-plng,sitetracker_data,TMP_ST_FXP_SITES_T,NO_BUILD_PUN_FORM_SUBMITTED_F,TIMESTAMP
rpt-network-plng,sitetracker_data,TMP_ST_FXP_SITES_T,NOTIFY_MARKETING_A,TIMESTAMP
rpt-network-plng,sitetracker_data,TMP_ST_FXP_SITES_T,NOTIFY_MARKETING_F,TIMESTAMP
rpt-network-plng,sitetracker_data,TMP_ST_FXP_SITES_T,NUMBER_OF_BUILD_LUS,NUMERIC
rpt-network-plng,sitetracker_data,TMP_ST_FXP_SITES_T,NUMBER_OF_CONSTRUCTED_SERVICE_LOCATIONS,NUMERIC
rpt-network-plng,sitetracker_data,TMP_ST_FXP_SITES_T,NUMBER_OF_INVENTORIED_SERVICE_LOCATIONS,NUMERIC
rpt-network-plng,sitetracker_data,TMP_ST_FXP_SITES_T,NUM_OF_LUS,NUMERIC
rpt-network-plng,sitetracker_data,TMP_ST_FXP_SITES_T,NUMBER_OF_POLES_P,NUMERIC
rpt-network-plng,sitetracker_data,TMP_ST_FXP_SITES_T,NUMBER_OF_POLES_S,NUMERIC
rpt-network-plng,sitetracker_data,TMP_ST_FXP_SITES_T,ODIN_LAYER_2_3_TA_PATH_DEVICE_A,TIMESTAMP
rpt-network-plng,sitetracker_data,TMP_ST_FXP_SITES_T,ODIN_LAYER_2_3_TA_PATH_DEVICE_F,TIMESTAMP
rpt-network-plng,sitetracker_data,TMP_ST_FXP_SITES_T,ODIN_LOAD_LAYER_1_A,TIMESTAMP
rpt-network-plng,sitetracker_data,TMP_ST_FXP_SITES_T,ODIN_LOAD_LAYER_1_F,TIMESTAMP
rpt-network-plng,sitetracker_data,TMP_ST_FXP_SITES_T,ODIN_LOAD_LAYER_2_3_SASKTEL_LOAD_A,TIMESTAMP
rpt-network-plng,sitetracker_data,TMP_ST_FXP_SITES_T,ODIN_LOAD_LAYER_2_3_SASKTEL_LOAD_F,TIMESTAMP
rpt-network-plng,sitetracker_data,TMP_ST_FXP_SITES_T,NUM_OF_LUS_SOW,NUMERIC
rpt-network-plng,sitetracker_data,TMP_ST_FXP_SITES_T,NUM_OF_PERMITS_SUBMITTED_P,NUMERIC
rpt-network-plng,sitetracker_data,TMP_ST_FXP_SITES_T,NUM_OF_PERMITS_SUBMITTED_S,NUMERIC
rpt-network-plng,sitetracker_data,TMP_ST_FXP_SITES_T,NUM_OF_SPLITTERS_BEING_PLACED,NUMERIC
rpt-network-plng,sitetracker_data,TMP_ST_FXP_SITES_T,OFFER_CONFIRMATION_A,TIMESTAMP
rpt-network-plng,sitetracker_data,TMP_ST_FXP_SITES_T,OFFER_CONFIRMATION_F,TIMESTAMP
rpt-network-plng,sitetracker_data,TMP_ST_FXP_SITES_T,OLT,STRING
rpt-network-plng,sitetracker_data,TMP_ST_FXP_SITES_T,OLT_ADDRESS,STRING
rpt-network-plng,sitetracker_data,TMP_ST_FXP_SITES_T,OLT_CARD,STRING
rpt-network-plng,sitetracker_data,TMP_ST_FXP_SITES_T,OLT_CLLI,STRING
rpt-network-plng,sitetracker_data,TMP_ST_FXP_SITES_T,OLT_CONFIGURATION,STRING
rpt-network-plng,sitetracker_data,TMP_ST_FXP_SITES_T,OLT_COUNT,STRING
rpt-network-plng,sitetracker_data,TMP_ST_FXP_SITES_T,OLT_F1_FIBER_SPLITTER_ASSIGNMENT,STRING
rpt-network-plng,sitetracker_data,TMP_ST_FXP_SITES_T,OLT_LOCATION,STRING
rpt-network-plng,sitetracker_data,TMP_ST_FXP_SITES_T,OLT_MANUFACTURER_TYPE,STRING
rpt-network-plng,sitetracker_data,TMP_ST_FXP_SITES_T,OLT_PORTS,STRING
rpt-network-plng,sitetracker_data,TMP_ST_FXP_SITES_T,OLT_SHELF,STRING
rpt-network-plng,sitetracker_data,TMP_ST_FXP_SITES_T,OLT_TO_FSAI,STRING
rpt-network-plng,sitetracker_data,TMP_ST_FXP_SITES_T,OLT_TYPE,STRING
rpt-network-plng,sitetracker_data,TMP_ST_FXP_SITES_T,ON_TIME,STRING
rpt-network-plng,sitetracker_data,TMP_ST_FXP_SITES_T,ONT_TYPE,STRING
rpt-network-plng,sitetracker_data,TMP_ST_FXP_SITES_T,OPPORTUNITY_CREATED_A,TIMESTAMP
rpt-network-plng,sitetracker_data,TMP_ST_FXP_SITES_T,OPPORTUNITY_CREATED_F,TIMESTAMP
rpt-network-plng,sitetracker_data,TMP_ST_FXP_SITES_T,ORDER_MATERIALS_A,TIMESTAMP
rpt-network-plng,sitetracker_data,TMP_ST_FXP_SITES_T,ORDER_MATERIALS_F,TIMESTAMP
rpt-network-plng,sitetracker_data,TMP_ST_FXP_SITES_T,OSP_CONSTRUCTION_COMPLETE_A,TIMESTAMP
rpt-network-plng,sitetracker_data,TMP_ST_FXP_SITES_T,OSP_CONSTRUCTION_COMPLETE_F,TIMESTAMP
rpt-network-plng,sitetracker_data,TMP_ST_FXP_SITES_T,OSP_CONSTRUCTION_START_A,TIMESTAMP
rpt-network-plng,sitetracker_data,TMP_ST_FXP_SITES_T,OSP_CONSTRUCTION_START_F,TIMESTAMP
rpt-network-plng,sitetracker_data,TMP_ST_FXP_SITES_T,PARTIAL_RFS_RECEIVED,TIMESTAMP
rpt-network-plng,sitetracker_data,TMP_ST_FXP_SITES_T,PATH_TO_LAYER_1,STRING
rpt-network-plng,sitetracker_data,TMP_ST_FXP_SITES_T,PERMIT_FEE,NUMERIC
rpt-network-plng,sitetracker_data,TMP_ST_FXP_SITES_T,PERMIT_FEE_S,NUMERIC
rpt-network-plng,sitetracker_data,TMP_ST_FXP_SITES_T,PERMITS_RECEIVED_A,TIMESTAMP
rpt-network-plng,sitetracker_data,TMP_ST_FXP_SITES_T,PERMITS_RECEIVED_F,TIMESTAMP
rpt-network-plng,sitetracker_data,TMP_ST_FXP_SITES_T,PERMITS_REQUIRED,STRING
rpt-network-plng,sitetracker_data,TMP_ST_FXP_SITES_T,PERMITS_SUBMITTED_A,TIMESTAMP
rpt-network-plng,sitetracker_data,TMP_ST_FXP_SITES_T,PERMITS_SUBMITTED_F,TIMESTAMP
rpt-network-plng,sitetracker_data,TMP_ST_FXP_SITES_T,PERMITTING_RIGHT_OF_WAY_DEPENDENCIES_A,TIMESTAMP
rpt-network-plng,sitetracker_data,TMP_ST_FXP_SITES_T,PERMITTING_RIGHT_OF_WAY_DEPENDENCIES_F,TIMESTAMP
rpt-network-plng,sitetracker_data,TMP_ST_FXP_SITES_T,PHASE_LUS_OUT_OF_SYNC_WITH_SALESFORCE,NUMERIC
rpt-network-plng,sitetracker_data,TMP_ST_FXP_SITES_T,PHASE_S_IMPLEMENTATION_A,TIMESTAMP
rpt-network-plng,sitetracker_data,TMP_ST_FXP_SITES_T,PHASE_S_IMPLEMENTATION_F,TIMESTAMP
rpt-network-plng,sitetracker_data,TMP_ST_FXP_SITES_T,PLACING_A,TIMESTAMP
rpt-network-plng,sitetracker_data,TMP_ST_FXP_SITES_T,PLACING_F,TIMESTAMP
rpt-network-plng,sitetracker_data,TMP_ST_FXP_SITES_T,PLANNER_REVIEWS_OFFER_DECISION_A,TIMESTAMP
rpt-network-plng,sitetracker_data,TMP_ST_FXP_SITES_T,PLANNER_REVIEWS_OFFER_DECISION_F,TIMESTAMP
rpt-network-plng,sitetracker_data,TMP_ST_FXP_SITES_T,PLANNING_ACCEPTS_HANDOFF_A,TIMESTAMP
rpt-network-plng,sitetracker_data,TMP_ST_FXP_SITES_T,PLANNING_ACCEPTS_HANDOFF_F,TIMESTAMP
rpt-network-plng,sitetracker_data,TMP_ST_FXP_SITES_T,PLANNING_GATE_DECISION_A,TIMESTAMP
rpt-network-plng,sitetracker_data,TMP_ST_FXP_SITES_T,PLANNING_GATE_DECISION_F,TIMESTAMP
rpt-network-plng,sitetracker_data,TMP_ST_FXP_SITES_T,PLANNING_GATE_SUBMITTAL_A,TIMESTAMP
rpt-network-plng,sitetracker_data,TMP_ST_FXP_SITES_T,PLANNING_GATE_SUBMITTAL_F,TIMESTAMP
rpt-network-plng,sitetracker_data,TMP_ST_FXP_SITES_T,PLANNING_HANDOFF_COMPLETE_A,TIMESTAMP
rpt-network-plng,sitetracker_data,TMP_ST_FXP_SITES_T,PLANNING_HANDOFF_COMPLETE_F,TIMESTAMP
rpt-network-plng,sitetracker_data,TMP_ST_FXP_SITES_T,PLATS_UPLOADED,NUMERIC
rpt-network-plng,sitetracker_data,TMP_ST_FXP_SITES_T,POLES_DENIED_S,NUMERIC
rpt-network-plng,sitetracker_data,TMP_ST_FXP_SITES_T,POLYGON_ECD,TIMESTAMP
rpt-network-plng,sitetracker_data,TMP_ST_FXP_SITES_T,POLYGON_ID,STRING
rpt-network-plng,sitetracker_data,TMP_ST_FXP_SITES_T,POLYGON_IN_PRODUCTION_A,TIMESTAMP
rpt-network-plng,sitetracker_data,TMP_ST_FXP_SITES_T,POLYGON_IN_PRODUCTION_F,TIMESTAMP
rpt-network-plng,sitetracker_data,TMP_ST_FXP_SITES_T,POLYGON_IN_SERVICE,STRING
rpt-network-plng,sitetracker_data,TMP_ST_FXP_SITES_T,POLYGON_IN_SERVICE_DATE,TIMESTAMP
rpt-network-plng,sitetracker_data,TMP_ST_FXP_SITES_T,POLYGON_STATUS,STRING
rpt-network-plng,sitetracker_data,TMP_ST_FXP_SITES_T,POM_DECISION_A,TIMESTAMP
rpt-network-plng,sitetracker_data,TMP_ST_FXP_SITES_T,POM_DECISION_F,TIMESTAMP
rpt-network-plng,sitetracker_data,TMP_ST_FXP_SITES_T,POM_REVIEW_A,TIMESTAMP
rpt-network-plng,sitetracker_data,TMP_ST_FXP_SITES_T,POM_REVIEW_F,TIMESTAMP
rpt-network-plng,sitetracker_data,TMP_ST_FXP_SITES_T,PORTS,STRING
rpt-network-plng,sitetracker_data,TMP_ST_FXP_SITES_T,POWER_COMPANY_NAME,STRING
rpt-network-plng,sitetracker_data,TMP_ST_FXP_SITES_T,POWER_SOURCE,STRING
rpt-network-plng,sitetracker_data,TMP_ST_FXP_SITES_T,POWER_SOURCE_LOCATION,STRING
rpt-network-plng,sitetracker_data,TMP_ST_FXP_SITES_T,PREMISE_EQUIPMENT_INSTALLED_A,TIMESTAMP
rpt-network-plng,sitetracker_data,TMP_ST_FXP_SITES_T,PREMISE_EQUIPMENT_INSTALLED_F,TIMESTAMP
rpt-network-plng,sitetracker_data,TMP_ST_FXP_SITES_T,PREMISE_READY,TIMESTAMP
rpt-network-plng,sitetracker_data,TMP_ST_FXP_SITES_T,PRIMARY_POWER_COMPANY_NAME,STRING
rpt-network-plng,sitetracker_data,TMP_ST_FXP_SITES_T,PROGRAM_NAME,STRING
rpt-network-plng,sitetracker_data,TMP_ST_FXP_SITES_T,PROJECT_AUDIT_COMMENTS,STRING
rpt-network-plng,sitetracker_data,TMP_ST_FXP_SITES_T,PROJECT_AUDIT_REQUESTED,NUMERIC
rpt-network-plng,sitetracker_data,TMP_ST_FXP_SITES_T,PROJECT_BOUNDARY_CREATED_A,TIMESTAMP
rpt-network-plng,sitetracker_data,TMP_ST_FXP_SITES_T,PROJECT_BOUNDARY_CREATED_F,TIMESTAMP
rpt-network-plng,sitetracker_data,TMP_ST_FXP_SITES_T,PROJECT_COMMENTS_HISTORY_LONG_TEXT,STRING
rpt-network-plng,sitetracker_data,TMP_ST_FXP_SITES_T,PROJECT_COMMENTS_LONG_TEXT,STRING
rpt-network-plng,sitetracker_data,TMP_ST_FXP_SITES_T,PROJECT_DESCRIPTION,STRING
rpt-network-plng,sitetracker_data,TMP_ST_FXP_SITES_T,PROJECT_FIBER_AERIAL_FOOTAGE,NUMERIC
rpt-network-plng,sitetracker_data,TMP_ST_FXP_SITES_T,PROJECT_FIBER_BURIED_UG_FOOTAGE,NUMERIC
rpt-network-plng,sitetracker_data,TMP_ST_FXP_SITES_T,PROJECT_FIBER_FOOTAGE,NUMERIC
rpt-network-plng,sitetracker_data,TMP_ST_FXP_SITES_T,PROJECT_FIBER_PLCG_FOOTAGE_COMPLETE,NUMERIC
rpt-network-plng,sitetracker_data,TMP_ST_FXP_SITES_T,PROJECT_FIBER_PLCG_PERCENTAGE,NUMERIC
rpt-network-plng,sitetracker_data,TMP_ST_FXP_SITES_T,PROJECT_FIBER_SPL_FOOTAGE_COMPLETE,NUMERIC
rpt-network-plng,sitetracker_data,TMP_ST_FXP_SITES_T,PROJECT_FIBER_SPL_PERCENTAGE,NUMERIC
rpt-network-plng,sitetracker_data,TMP_ST_FXP_SITES_T,PROJECT_INITIATED_IN_SAP_FIREWORKS_A,TIMESTAMP
rpt-network-plng,sitetracker_data,TMP_ST_FXP_SITES_T,PROJECT_INITIATED_IN_SAP_FIREWORKS_F,TIMESTAMP
rpt-network-plng,sitetracker_data,TMP_ST_FXP_SITES_T,PROJECT_NAME,STRING
rpt-network-plng,sitetracker_data,TMP_ST_FXP_SITES_T,PROJECT_REDLINES_COMPLETED_A,TIMESTAMP
rpt-network-plng,sitetracker_data,TMP_ST_FXP_SITES_T,PROJECT_REDLINES_COMPLETED_F,TIMESTAMP
rpt-network-plng,sitetracker_data,TMP_ST_FXP_SITES_T,PROVISIONING_COMPLETE_A,TIMESTAMP
rpt-network-plng,sitetracker_data,TMP_ST_FXP_SITES_T,PROVISIONING_COMPLETE_F,TIMESTAMP
rpt-network-plng,sitetracker_data,TMP_ST_FXP_SITES_T,PTA_POLE_APPLICATION_SUBMITTED_A,TIMESTAMP
rpt-network-plng,sitetracker_data,TMP_ST_FXP_SITES_T,PTA_POLE_APPLICATION_SUBMITTED_F,TIMESTAMP
rpt-network-plng,sitetracker_data,TMP_ST_FXP_SITES_T,PTA_RECEIVED_FROM_POLE_OWNER_A,TIMESTAMP
rpt-network-plng,sitetracker_data,TMP_ST_FXP_SITES_T,PTA_RECEIVED_FROM_POLE_OWNER_F,TIMESTAMP
rpt-network-plng,sitetracker_data,TMP_ST_FXP_SITES_T,PTA_VENDOR_ASSIGNMENT_P,STRING
rpt-network-plng,sitetracker_data,TMP_ST_FXP_SITES_T,PTA_VENDOR_ASSIGNMENT_S,STRING
rpt-network-plng,sitetracker_data,TMP_ST_FXP_SITES_T,PTA_VENDOR_P,STRING
rpt-network-plng,sitetracker_data,TMP_ST_FXP_SITES_T,PTA_VENDOR_S,STRING
rpt-network-plng,sitetracker_data,TMP_ST_FXP_SITES_T,PUN_FORM_A,TIMESTAMP
rpt-network-plng,sitetracker_data,TMP_ST_FXP_SITES_T,PUN_FORM_F,TIMESTAMP
rpt-network-plng,sitetracker_data,TMP_ST_FXP_SITES_T,QF_AUTOMATION_POSTED_TO_TOP_A,TIMESTAMP
rpt-network-plng,sitetracker_data,TMP_ST_FXP_SITES_T,QF_AUTOMATION_POSTED_TO_TOP_F,TIMESTAMP
rpt-network-plng,sitetracker_data,TMP_ST_FXP_SITES_T,RECORD_UPDATES_FINAL_POST_A,TIMESTAMP
rpt-network-plng,sitetracker_data,TMP_ST_FXP_SITES_T,RECORD_UPDATES_FINAL_POST_F,TIMESTAMP
rpt-network-plng,sitetracker_data,TMP_ST_FXP_SITES_T,REDLINES_TO_DESIGN_A,TIMESTAMP
rpt-network-plng,sitetracker_data,TMP_ST_FXP_SITES_T,REDLINES_TO_DESIGN_F,TIMESTAMP
rpt-network-plng,sitetracker_data,TMP_ST_FXP_SITES_T,REJECT_FLAG,NUMERIC
rpt-network-plng,sitetracker_data,TMP_ST_FXP_SITES_T,RELATED_F1_FOOTAGE_PLCG_COMPLETE,NUMERIC
rpt-network-plng,sitetracker_data,TMP_ST_FXP_SITES_T,RELATED_F1_FOOTAGE_SPL_COMPLETE,NUMERIC
rpt-network-plng,sitetracker_data,TMP_ST_FXP_SITES_T,RELATED_F1_PLCG_PERCENTAGE_COMPLETE,NUMERIC
rpt-network-plng,sitetracker_data,TMP_ST_FXP_SITES_T,RELATED_F1_SPL_PERCENTAGE_COMPLETE,NUMERIC
rpt-network-plng,sitetracker_data,TMP_ST_FXP_SITES_T,RELATED_F2_FOOTAGE_PLCG_COMPLETE,NUMERIC
rpt-network-plng,sitetracker_data,TMP_ST_FXP_SITES_T,RELATED_F2_FOOTAGE_SPL_COMPLETE,NUMERIC
rpt-network-plng,sitetracker_data,TMP_ST_FXP_SITES_T,RELATED_F2_PLCG_PERCENTAGE_COMPLETE,NUMERIC
rpt-network-plng,sitetracker_data,TMP_ST_FXP_SITES_T,RELATED_F2_SPL_PERCENTAGE_COMPLETE,NUMERIC
rpt-network-plng,sitetracker_data,TMP_ST_FXP_SITES_T,RELATED_FIBER_AERIAL_FOOTAGE,NUMERIC
rpt-network-plng,sitetracker_data,TMP_ST_FXP_SITES_T,RELATED_FIBER_BURIED_UG_FOOTAGE,NUMERIC
rpt-network-plng,sitetracker_data,TMP_ST_FXP_SITES_T,RELATED_FIBER_FOOTAGE,NUMERIC
rpt-network-plng,sitetracker_data,TMP_ST_FXP_SITES_T,RELATED_FIBER_PLCG_FOOTAGE_COMPLETE,NUMERIC
rpt-network-plng,sitetracker_data,TMP_ST_FXP_SITES_T,RELATED_FIBER_PLCG_PERCENTAGE,NUMERIC
rpt-network-plng,sitetracker_data,TMP_ST_FXP_SITES_T,RELATED_FIBER_SPL_FOOTAGE_COMPLETE,NUMERIC
rpt-network-plng,sitetracker_data,TMP_ST_FXP_SITES_T,RELATED_FIBER_SPL_PERCENTAGE,NUMERIC
rpt-network-plng,sitetracker_data,TMP_ST_FXP_SITES_T,RELATED_PROJECT_S_IMPLEMENTATION_A,TIMESTAMP
rpt-network-plng,sitetracker_data,TMP_ST_FXP_SITES_T,RELATED_PROJECT_S_IMPLEMENTATION_F,TIMESTAMP
rpt-network-plng,sitetracker_data,TMP_ST_FXP_SITES_T,RELAY_RACK,STRING
rpt-network-plng,sitetracker_data,TMP_ST_FXP_SITES_T,RELEASED_TO_CONSTRUCTION_A,TIMESTAMP
rpt-network-plng,sitetracker_data,TMP_ST_FXP_SITES_T,RELEASED_TO_CONSTRUCTION_F,TIMESTAMP
rpt-network-plng,sitetracker_data,TMP_ST_FXP_SITES_T,REVIEW_CAPITAL_DESIGN_AND_ADD_F1_COS_A,TIMESTAMP
rpt-network-plng,sitetracker_data,TMP_ST_FXP_SITES_T,REVIEW_CAPITAL_DESIGN_AND_ADD_F1_COS_F,TIMESTAMP
rpt-network-plng,sitetracker_data,TMP_ST_FXP_SITES_T,REVIEW_IN_STAGING_A,TIMESTAMP
rpt-network-plng,sitetracker_data,TMP_ST_FXP_SITES_T,REVIEW_IN_STAGING_F,TIMESTAMP
rpt-network-plng,sitetracker_data,TMP_ST_FXP_SITES_T,SF_PHASE_RECORD,STRING
rpt-network-plng,sitetracker_data,TMP_ST_FXP_SITES_T,SALES_OSR_CONTACT,STRING
rpt-network-plng,sitetracker_data,TMP_ST_FXP_SITES_T,SF_IMPLEMENTATION_RECORD,STRING
rpt-network-plng,sitetracker_data,TMP_ST_FXP_SITES_T,SAP_SYSTEM_STATUS,STRING
rpt-network-plng,sitetracker_data,TMP_ST_FXP_SITES_T,SECONDARY_POWER_COMPANY_NAME,STRING
rpt-network-plng,sitetracker_data,TMP_ST_FXP_SITES_T,SEGMENT,STRING
rpt-network-plng,sitetracker_data,TMP_ST_FXP_SITES_T,SERVICE_AREA,STRING
rpt-network-plng,sitetracker_data,TMP_ST_FXP_SITES_T,SHELF,STRING
rpt-network-plng,sitetracker_data,TMP_ST_FXP_SITES_T,PROJECT_STATUS,STRING
rpt-network-plng,sitetracker_data,TMP_ST_FXP_SITES_T,PROJECT_STATUS_OVERRIDE,NUMERIC
rpt-network-plng,sitetracker_data,TMP_ST_FXP_SITES_T,PROJECT_STATUS_OVERRIDE_REASON,STRING
rpt-network-plng,sitetracker_data,TMP_ST_FXP_SITES_T,SITE_NAME,STRING
rpt-network-plng,sitetracker_data,TMP_ST_FXP_SITES_T,COST_CENTER,STRING
rpt-network-plng,sitetracker_data,TMP_ST_FXP_SITES_T,SITEWALK_CATEGORY_1,STRING
rpt-network-plng,sitetracker_data,TMP_ST_FXP_SITES_T,SITEWALK_CATEGORY_2,STRING
rpt-network-plng,sitetracker_data,TMP_ST_FXP_SITES_T,SITEWALK_COMPLETED_A,TIMESTAMP
rpt-network-plng,sitetracker_data,TMP_ST_FXP_SITES_T,SITEWALK_COMPLETED_F,TIMESTAMP
rpt-network-plng,sitetracker_data,TMP_ST_FXP_SITES_T,SITEWALK_HANDED_OFF_A,TIMESTAMP
rpt-network-plng,sitetracker_data,TMP_ST_FXP_SITES_T,SITEWALK_HANDED_OFF_F,TIMESTAMP
rpt-network-plng,sitetracker_data,TMP_ST_FXP_SITES_T,SITEWALK_REQUIRED,STRING
rpt-network-plng,sitetracker_data,TMP_ST_FXP_SITES_T,SITEWALK_START_A,TIMESTAMP
rpt-network-plng,sitetracker_data,TMP_ST_FXP_SITES_T,SITEWALK_START_F,TIMESTAMP
rpt-network-plng,sitetracker_data,TMP_ST_FXP_SITES_T,SITEWALK_VENDOR_1,STRING
rpt-network-plng,sitetracker_data,TMP_ST_FXP_SITES_T,SITEWALK_VENDOR_2,STRING
rpt-network-plng,sitetracker_data,TMP_ST_FXP_SITES_T,SOW_FORM,STRING
rpt-network-plng,sitetracker_data,TMP_ST_FXP_SITES_T,SPLICING_A,TIMESTAMP
rpt-network-plng,sitetracker_data,TMP_ST_FXP_SITES_T,SPLICING_F,TIMESTAMP
rpt-network-plng,sitetracker_data,TMP_ST_FXP_SITES_T,SPLITTER_SIZE,STRING
rpt-network-plng,sitetracker_data,TMP_ST_FXP_SITES_T,STAR_ID_1,STRING
rpt-network-plng,sitetracker_data,TMP_ST_FXP_SITES_T,STAR_ID_2,STRING
rpt-network-plng,sitetracker_data,TMP_ST_FXP_SITES_T,STAR_ID_3,STRING
rpt-network-plng,sitetracker_data,TMP_ST_FXP_SITES_T,STAR_ID_4,STRING
rpt-network-plng,sitetracker_data,TMP_ST_FXP_SITES_T,STAR_ID_5,STRING
rpt-network-plng,sitetracker_data,TMP_ST_FXP_SITES_T,STAR_ID_6,STRING
rpt-network-plng,sitetracker_data,TMP_ST_FXP_SITES_T,STAR_ID_7,STRING
rpt-network-plng,sitetracker_data,TMP_ST_FXP_SITES_T,STAR_ID_8,STRING
rpt-network-plng,sitetracker_data,TMP_ST_FXP_SITES_T,STAR_ID_9,STRING
rpt-network-plng,sitetracker_data,TMP_ST_FXP_SITES_T,STAR_ID_10,STRING
rpt-network-plng,sitetracker_data,TMP_ST_FXP_SITES_T,STAR_ID_11,STRING
rpt-network-plng,sitetracker_data,TMP_ST_FXP_SITES_T,STAR_ID_12,STRING
rpt-network-plng,sitetracker_data,TMP_ST_FXP_SITES_T,STAR_ID_13,STRING
rpt-network-plng,sitetracker_data,TMP_ST_FXP_SITES_T,STAR_ID_14,STRING
rpt-network-plng,sitetracker_data,TMP_ST_FXP_SITES_T,STAR_ID_15,STRING
rpt-network-plng,sitetracker_data,TMP_ST_FXP_SITES_T,STAR_ID_16,STRING
rpt-network-plng,sitetracker_data,TMP_ST_FXP_SITES_T,STAR_ID_17,STRING
rpt-network-plng,sitetracker_data,TMP_ST_FXP_SITES_T,STAR_ID_18,STRING
rpt-network-plng,sitetracker_data,TMP_ST_FXP_SITES_T,STAR_ID_19,STRING
rpt-network-plng,sitetracker_data,TMP_ST_FXP_SITES_T,STAR_ID_20,STRING
rpt-network-plng,sitetracker_data,TMP_ST_FXP_SITES_T,SUBMIT_CAPITAL_DESIGN_FOR_ASSESSMENT_A,TIMESTAMP
rpt-network-plng,sitetracker_data,TMP_ST_FXP_SITES_T,SUBMIT_CAPITAL_DESIGN_FOR_ASSESSMENT_F,TIMESTAMP
rpt-network-plng,sitetracker_data,TMP_ST_FXP_SITES_T,SUBMITS_PROPOSAL_TO_DEVELOPER_A,TIMESTAMP
rpt-network-plng,sitetracker_data,TMP_ST_FXP_SITES_T,SUBMITS_PROPOSAL_TO_DEVELOPER_F,TIMESTAMP
rpt-network-plng,sitetracker_data,TMP_ST_FXP_SITES_T,SUBMITTED_TO_PROD_A,TIMESTAMP
rpt-network-plng,sitetracker_data,TMP_ST_FXP_SITES_T,SUBMITTED_TO_PROD_F,TIMESTAMP
rpt-network-plng,sitetracker_data,TMP_ST_FXP_SITES_T,SUBMITTED_TO_STAGING_A,TIMESTAMP
rpt-network-plng,sitetracker_data,TMP_ST_FXP_SITES_T,SUBMITTED_TO_STAGING_F,TIMESTAMP
rpt-network-plng,sitetracker_data,TMP_ST_FXP_SITES_T,SUCCESS_IN_PROD_A,TIMESTAMP
rpt-network-plng,sitetracker_data,TMP_ST_FXP_SITES_T,SUCCESS_IN_PROD_F,TIMESTAMP
rpt-network-plng,sitetracker_data,TMP_ST_FXP_SITES_T,SERVICE_DELIVERY,STRING
rpt-network-plng,sitetracker_data,TMP_ST_FXP_SITES_T,TDM_REQUIRED,STRING
rpt-network-plng,sitetracker_data,TMP_ST_FXP_SITES_T,TECH_RESOURCES_IN_SALESFORCE,STRING
rpt-network-plng,sitetracker_data,TMP_ST_FXP_SITES_T,TECHNICALLY_COMPLETE_A,TIMESTAMP
rpt-network-plng,sitetracker_data,TMP_ST_FXP_SITES_T,TECHNICALLY_COMPLETE_F,TIMESTAMP
rpt-network-plng,sitetracker_data,TMP_ST_FXP_SITES_T,THIRD_PARTY_MAKE_READY_ESTIMATE_COMPLETE,TIMESTAMP
rpt-network-plng,sitetracker_data,TMP_ST_FXP_SITES_T,TID,STRING
rpt-network-plng,sitetracker_data,TMP_ST_FXP_SITES_T,TIE_PAIR_NAME,STRING
rpt-network-plng,sitetracker_data,TMP_ST_FXP_SITES_T,TIRKS_CIRCUITS_REQUESTED_A,TIMESTAMP
rpt-network-plng,sitetracker_data,TMP_ST_FXP_SITES_T,TIRKS_CIRCUITS_REQUESTED_F,TIMESTAMP
rpt-network-plng,sitetracker_data,TMP_ST_FXP_SITES_T,TIRKS_FIBER_INVENTORY_F1_SUBMITTED_A,TIMESTAMP
rpt-network-plng,sitetracker_data,TMP_ST_FXP_SITES_T,TIRKS_FIBER_INVENTORY_F1_SUBMITTED_F,TIMESTAMP
rpt-network-plng,sitetracker_data,TMP_ST_FXP_SITES_T,TOTAL_FIBER_AERIAL_FOOTAGE,NUMERIC
rpt-network-plng,sitetracker_data,TMP_ST_FXP_SITES_T,TOTAL_FIBER_BURIED_UG_FOOTAGE,NUMERIC
rpt-network-plng,sitetracker_data,TMP_ST_FXP_SITES_T,TOTAL_FIBER_FOOTAGE,NUMERIC
rpt-network-plng,sitetracker_data,TMP_ST_FXP_SITES_T,TOTAL_FIBER_PLCG_FOOTAGE_COMPLETE,NUMERIC
rpt-network-plng,sitetracker_data,TMP_ST_FXP_SITES_T,TOTAL_FIBER_PLCG_PERCENTAGE,NUMERIC
rpt-network-plng,sitetracker_data,TMP_ST_FXP_SITES_T,TOTAL_FIBER_SPL_FOOTAGE_COMPLETE,NUMERIC
rpt-network-plng,sitetracker_data,TMP_ST_FXP_SITES_T,TOTAL_FIBER_SPL_PERCENTAGE,NUMERIC
rpt-network-plng,sitetracker_data,TMP_ST_FXP_SITES_T,TOTAL_MAKE_READY_COST,NUMERIC
rpt-network-plng,sitetracker_data,TMP_ST_FXP_SITES_T,TOTAL_NUMBER_OF_POLES,NUMERIC
rpt-network-plng,sitetracker_data,TMP_ST_FXP_SITES_T,TOTAL_PERMIT_FEES,NUMERIC
rpt-network-plng,sitetracker_data,TMP_ST_FXP_SITES_T,TOTAL_PERMITS_SUBMITTED,NUMERIC
rpt-network-plng,sitetracker_data,TMP_ST_FXP_SITES_T,TOTAL_POLES_DENIED,NUMERIC
rpt-network-plng,sitetracker_data,TMP_ST_FXP_SITES_T,TRENCH_TYPE,STRING
rpt-network-plng,sitetracker_data,TMP_ST_FXP_SITES_T,TURNED_UP_MARKET_LAUNCH_A,TIMESTAMP
rpt-network-plng,sitetracker_data,TMP_ST_FXP_SITES_T,TURNED_UP_MARKET_LAUNCH_F,TIMESTAMP
rpt-network-plng,sitetracker_data,TMP_ST_FXP_SITES_T,UPLOAD_ASBUILTS_A,TIMESTAMP
rpt-network-plng,sitetracker_data,TMP_ST_FXP_SITES_T,UPLOAD_ASBUILTS_F,TIMESTAMP
rpt-network-plng,sitetracker_data,TMP_ST_FXP_SITES_T,VALIDATE_QUAL_TYPE_IN_THE_QF_PORTAL_A,TIMESTAMP
rpt-network-plng,sitetracker_data,TMP_ST_FXP_SITES_T,VALIDATE_QUAL_TYPE_IN_THE_QF_PORTAL_F,TIMESTAMP
rpt-network-plng,sitetracker_data,TMP_ST_FXP_SITES_T,VENDOR_ASSIGNMENT_A,TIMESTAMP
rpt-network-plng,sitetracker_data,TMP_ST_FXP_SITES_T,VENDOR_ASSIGNMENT_F,TIMESTAMP
rpt-network-plng,sitetracker_data,TMP_ST_FXP_SITES_T,VENDOR_COMMITMENT_CONFIRMED_A,TIMESTAMP
rpt-network-plng,sitetracker_data,TMP_ST_FXP_SITES_T,VENDOR_COMMITMENT_CONFIRMED_F,TIMESTAMP
rpt-network-plng,sitetracker_data,TMP_ST_FXP_SITES_T,VENDOR_CONTRACT_ASSIGNMENT,STRING
rpt-network-plng,sitetracker_data,TMP_ST_FXP_SITES_T,VENDOR_MATERIALS_ORDERED_A,TIMESTAMP
rpt-network-plng,sitetracker_data,TMP_ST_FXP_SITES_T,VENDOR_MATERIALS_ORDERED_F,TIMESTAMP
rpt-network-plng,sitetracker_data,TMP_ST_FXP_SITES_T,VENDOR_MATERIALS_RECEIVED_A,TIMESTAMP
rpt-network-plng,sitetracker_data,TMP_ST_FXP_SITES_T,VENDOR_MATERIALS_RECEIVED_F,TIMESTAMP
rpt-network-plng,sitetracker_data,TMP_ST_FXP_SITES_T,VERB_CODE_AND_DESCRIPTION,STRING
rpt-network-plng,sitetracker_data,TMP_ST_FXP_SITES_T,VERIFY_ACTUALS_A,TIMESTAMP
rpt-network-plng,sitetracker_data,TMP_ST_FXP_SITES_T,VERIFY_ACTUALS_F,TIMESTAMP
rpt-network-plng,sitetracker_data,TMP_ST_FXP_SITES_T,WHAT_JOB_PLACED_OLT,STRING
rpt-network-plng,sitetracker_data,TMP_ST_FXP_SITES_T,WHY,STRING
rpt-network-plng,sitetracker_data,TMP_ST_FXP_SITES_T,WHY_NOW,STRING
rpt-network-plng,sitetracker_data,TMP_ST_FXP_SITES_T,WON_1ST_HOME,STRING
rpt-network-plng,sitetracker_data,TMP_ST_FXP_SITES_T,WORK_TYPE,STRING
rpt-network-plng,sitetracker_data,TMP_ST_FXP_SITES_T,WRECKING_RESTORAL_A,TIMESTAMP
rpt-network-plng,sitetracker_data,TMP_ST_FXP_SITES_T,WRECKING_RESTORAL_F,TIMESTAMP
rpt-network-plng,sitetracker_data,TMP_ST_FXP_SITES_T,X3RD_PARTY_AERIAL_MAKE_READY_COMPLETED_A,TIMESTAMP
rpt-network-plng,sitetracker_data,TMP_ST_FXP_SITES_T,X3RD_PARTY_AERIAL_MAKE_READY_COMPLETED_F,TIMESTAMP
rpt-network-plng,sitetracker_data,TMP_ST_FXP_SITES_T,SITE_LAUNCH,STRING
rpt-network-plng,sitetracker_data,TMP_ST_FXP_SITES_T,ACTUAL_LAUNCH,TIMESTAMP
rpt-network-plng,sitetracker_data,TMP_ST_FXP_SITES_T,ST_PROJECT_URL,STRING
rpt-network-plng,sitetracker_data,TMP_ST_FXP_SITES_T,FW_PROJECT_URL,STRING
rpt-network-plng,sitetracker_data,TMP_ST_FXP_SITES_T,PHASE_PROJECTS,STRING
rpt-network-plng,sitetracker_data,TMP_ST_FXP_SITES_T,NUM_OF_PHASE_RECORDS,NUMERIC
rpt-network-plng,sitetracker_data,TMP_ST_FXP_SITES_T,RELATED_PROJECTS,STRING
rpt-network-plng,sitetracker_data,TMP_ST_FXP_SITES_T,ST_SITE_PHASE,STRING
rpt-network-plng,sitetracker_data,TMP_ST_FXP_SITES_T,META_LOAD_DTTM,DATE
rpt-network-plng,sitetracker_data,ST_RELOCATIONS_V,ST_PROJECT_ID,STRING
rpt-network-plng,sitetracker_data,ST_RELOCATIONS_V,PROJECT_NAME,STRING
rpt-network-plng,sitetracker_data,ST_RELOCATIONS_V,PROJECT_DESCRIPTION,STRING
rpt-network-plng,sitetracker_data,ST_RELOCATIONS_V,PROJECT_TYPE,STRING
rpt-network-plng,sitetracker_data,ST_RELOCATIONS_V,PROJECT_STATUS,STRING
rpt-network-plng,sitetracker_data,ST_RELOCATIONS_V,PROJECT_STATUS_OVERRIDE,NUMERIC
rpt-network-plng,sitetracker_data,ST_RELOCATIONS_V,PROJECT_STATUS_OVERRIDE_REASON,STRING
rpt-network-plng,sitetracker_data,ST_RELOCATIONS_V,PROJECT_SCOPE,STRING
rpt-network-plng,sitetracker_data,ST_RELOCATIONS_V,STATE,STRING
rpt-network-plng,sitetracker_data,ST_RELOCATIONS_V,CITY,STRING
rpt-network-plng,sitetracker_data,ST_RELOCATIONS_V,COUNTY,STRING
rpt-network-plng,sitetracker_data,ST_RELOCATIONS_V,EXCHANGE,STRING
rpt-network-plng,sitetracker_data,ST_RELOCATIONS_V,EXCHANGE_NAME,STRING
rpt-network-plng,sitetracker_data,ST_RELOCATIONS_V,COMPANY_CODE,STRING
rpt-network-plng,sitetracker_data,ST_RELOCATIONS_V,MARKET_CLUSTER,STRING
rpt-network-plng,sitetracker_data,ST_RELOCATIONS_V,WIRE_CENTER,STRING
rpt-network-plng,sitetracker_data,ST_RELOCATIONS_V,PRIMARY_WIRE_CENTER_NAME,STRING
rpt-network-plng,sitetracker_data,ST_RELOCATIONS_V,WIRE_CENTER_NAME,STRING
rpt-network-plng,sitetracker_data,ST_RELOCATIONS_V,PRIMARY_WIRE_CENTER_ID,STRING
rpt-network-plng,sitetracker_data,ST_RELOCATIONS_V,LEGACY_COMPANY,STRING
rpt-network-plng,sitetracker_data,ST_RELOCATIONS_V,LEGACY_COMPANY_NAMES,STRING
rpt-network-plng,sitetracker_data,ST_RELOCATIONS_V,FW_PROJECT_ID,STRING
rpt-network-plng,sitetracker_data,ST_RELOCATIONS_V,INVESTMENT_REASON,STRING
rpt-network-plng,sitetracker_data,ST_RELOCATIONS_V,VERB_CODE_AND_DESCRIPTION,STRING
rpt-network-plng,sitetracker_data,ST_RELOCATIONS_V,PROGRAM_NAME,STRING
rpt-network-plng,sitetracker_data,ST_RELOCATIONS_V,RESPONSIBLE_PERSON_NAME,STRING
rpt-network-plng,sitetracker_data,ST_RELOCATIONS_V,ENGINEER_NAME,STRING
rpt-network-plng,sitetracker_data,ST_RELOCATIONS_V,OSP_NATL_ENGR_NAME,STRING
rpt-network-plng,sitetracker_data,ST_RELOCATIONS_V,OSP_ENGINEER_NAME,STRING
rpt-network-plng,sitetracker_data,ST_RELOCATIONS_V,OSP_ENG_LOCAL_NAME,STRING
rpt-network-plng,sitetracker_data,ST_RELOCATIONS_V,OSP_MANAGER_NAME,STRING
rpt-network-plng,sitetracker_data,ST_RELOCATIONS_V,OSP_ENG_DIRECTOR_NAME,STRING
rpt-network-plng,sitetracker_data,ST_RELOCATIONS_V,VENDOR_PM_NAME,STRING
rpt-network-plng,sitetracker_data,ST_RELOCATIONS_V,ORIGINAL_ECD_NCD,DATE
rpt-network-plng,sitetracker_data,ST_RELOCATIONS_V,MODIFIED_ECD,DATE
rpt-network-plng,sitetracker_data,ST_RELOCATIONS_V,LATITUDE,STRING
rpt-network-plng,sitetracker_data,ST_RELOCATIONS_V,LONGITUDE,STRING
rpt-network-plng,sitetracker_data,ST_RELOCATIONS_V,ABANDON_FACILITY_IN_PLACE,STRING
rpt-network-plng,sitetracker_data,ST_RELOCATIONS_V,ABANDON_FACILITY_IN_PLACE_COMMENTS,STRING
rpt-network-plng,sitetracker_data,ST_RELOCATIONS_V,ABANDON_FACILITY_IN_PLACE_COMMENTS_N,STRING
rpt-network-plng,sitetracker_data,ST_RELOCATIONS_V,ABANDON_FACILITY_IN_PLACE_N,STRING
rpt-network-plng,sitetracker_data,ST_RELOCATIONS_V,ABANDON_OR_REMOVE,STRING
rpt-network-plng,sitetracker_data,ST_RELOCATIONS_V,ABANDON_SERVICE_DUE_TO_LONG_PAYBACK,STRING
rpt-network-plng,sitetracker_data,ST_RELOCATIONS_V,ABANDON_SERVICE_DUE_TO_LONG_PAYBACK_N,STRING
rpt-network-plng,sitetracker_data,ST_RELOCATIONS_V,ADDRESS,STRING
rpt-network-plng,sitetracker_data,ST_RELOCATIONS_V,AGENCY_CONTACT,STRING
rpt-network-plng,sitetracker_data,ST_RELOCATIONS_V,AGENCY_EMAIL,STRING
rpt-network-plng,sitetracker_data,ST_RELOCATIONS_V,AGENCY_NAME,STRING
rpt-network-plng,sitetracker_data,ST_RELOCATIONS_V,AGENCY_PHONE,STRING
rpt-network-plng,sitetracker_data,ST_RELOCATIONS_V,AGREEMENT_SIGNED_PRE_PAY_A,DATE
rpt-network-plng,sitetracker_data,ST_RELOCATIONS_V,AGREEMENT_SIGNED_PRE_PAY_F,DATE
rpt-network-plng,sitetracker_data,ST_RELOCATIONS_V,ANY_OTHER_PROGRAM_IMPACT,STRING
rpt-network-plng,sitetracker_data,ST_RELOCATIONS_V,APPROX_CONSTRUCTION_FOOTAGE,STRING
rpt-network-plng,sitetracker_data,ST_RELOCATIONS_V,AS_BUILT_TEAM_NAME,STRING
rpt-network-plng,sitetracker_data,ST_RELOCATIONS_V,AWARD_BID_A,DATE
rpt-network-plng,sitetracker_data,ST_RELOCATIONS_V,AWARD_BID_F,DATE
rpt-network-plng,sitetracker_data,ST_RELOCATIONS_V,CAN_CABLES_SIZED_BE_REDUCED,STRING
rpt-network-plng,sitetracker_data,ST_RELOCATIONS_V,CAP_REQUEST_MATCHES_QTR_CAP_IMPACT,STRING
rpt-network-plng,sitetracker_data,ST_RELOCATIONS_V,CAP_REQUIREMENT_AFTER_REIMBURSEMENT_N,NUMERIC
rpt-network-plng,sitetracker_data,ST_RELOCATIONS_V,CAPITAL_APPROVAL_CODE,STRING
rpt-network-plng,sitetracker_data,ST_RELOCATIONS_V,CAPITAL_REQUIREMENT_AFTER_REIMBURSEMENT,NUMERIC
rpt-network-plng,sitetracker_data,ST_RELOCATIONS_V,CHANGE_REQUEST_NUMBER,STRING
rpt-network-plng,sitetracker_data,ST_RELOCATIONS_V,CHANGE_REQUEST_NUMBER_ISSUED_A,DATE
rpt-network-plng,sitetracker_data,ST_RELOCATIONS_V,CHANGE_REQUEST_NUMBER_ISSUED_F,DATE
rpt-network-plng,sitetracker_data,ST_RELOCATIONS_V,CLOSE_FINANCIAL_TOOL_A,DATE
rpt-network-plng,sitetracker_data,ST_RELOCATIONS_V,CLOSE_FINANCIAL_TOOL_F,DATE
rpt-network-plng,sitetracker_data,ST_RELOCATIONS_V,COMPLETE_AUDIT_AND_INVOICE_A,DATE
rpt-network-plng,sitetracker_data,ST_RELOCATIONS_V,COMPLETE_AUDIT_AND_INVOICE_F,DATE
rpt-network-plng,sitetracker_data,ST_RELOCATIONS_V,COMPLETE_SPLICING_CUTOVER_A,DATE
rpt-network-plng,sitetracker_data,ST_RELOCATIONS_V,COMPLETE_SPLICING_CUTOVER_F,DATE
rpt-network-plng,sitetracker_data,ST_RELOCATIONS_V,CONDUIT_CONFIGURATION,STRING
rpt-network-plng,sitetracker_data,ST_RELOCATIONS_V,CONFLICT_MITIGATION_A,DATE
rpt-network-plng,sitetracker_data,ST_RELOCATIONS_V,CONFLICT_MITIGATION_F,DATE
rpt-network-plng,sitetracker_data,ST_RELOCATIONS_V,CONSTRUCTION_COMPLETE_A,DATE
rpt-network-plng,sitetracker_data,ST_RELOCATIONS_V,CONSTRUCTION_COMPLETE_F,DATE
rpt-network-plng,sitetracker_data,ST_RELOCATIONS_V,CONSTRUCTION_COORDINATOR_NAME,STRING
rpt-network-plng,sitetracker_data,ST_RELOCATIONS_V,CONSTRUCTION_COORD_SPLICING_SUPERVISOR,NUMERIC
rpt-network-plng,sitetracker_data,ST_RELOCATIONS_V,CONSTRUCTION_START_DATE,DATE
rpt-network-plng,sitetracker_data,ST_RELOCATIONS_V,COPPER_SPECIAL_CKTS_AMOUNT,NUMERIC
rpt-network-plng,sitetracker_data,ST_RELOCATIONS_V,CORE_TRANSPORT_FIBERS,NUMERIC
rpt-network-plng,sitetracker_data,ST_RELOCATIONS_V,CORE_TRANSPORT_FIBERS_AMOUNT,NUMERIC
rpt-network-plng,sitetracker_data,ST_RELOCATIONS_V,CURRENT_CAPITAL_REQUEST,NUMERIC
rpt-network-plng,sitetracker_data,ST_RELOCATIONS_V,CURRENT_OPEN_ACTIVITY,STRING
rpt-network-plng,sitetracker_data,ST_RELOCATIONS_V,DATE_AUDIT_COMPLETED,DATE
rpt-network-plng,sitetracker_data,ST_RELOCATIONS_V,DATE_AUDIT_STARTED,DATE
rpt-network-plng,sitetracker_data,ST_RELOCATIONS_V,DOES_THIS_IMPACT_CAF,STRING
rpt-network-plng,sitetracker_data,ST_RELOCATIONS_V,DOES_THIS_IMPACT_GPON,STRING
rpt-network-plng,sitetracker_data,ST_RELOCATIONS_V,DOES_THIS_IMPACT_GRANT_PROJECT,STRING
rpt-network-plng,sitetracker_data,ST_RELOCATIONS_V,FACILITY_ENVIRONMENT,STRING
rpt-network-plng,sitetracker_data,ST_RELOCATIONS_V,FIELD_CONSTRUCTION_START_A,DATE
rpt-network-plng,sitetracker_data,ST_RELOCATIONS_V,FIELD_CONSTRUCTION_START_F,DATE
rpt-network-plng,sitetracker_data,ST_RELOCATIONS_V,FINALIZE_ALL_VENDOR_INVOICING_A,DATE
rpt-network-plng,sitetracker_data,ST_RELOCATIONS_V,FINALIZE_ALL_VENDOR_INVOICING_F,DATE
rpt-network-plng,sitetracker_data,ST_RELOCATIONS_V,FINANCE_FUNDING_RESPONSE_A,DATE
rpt-network-plng,sitetracker_data,ST_RELOCATIONS_V,FINANCE_FUNDING_RESPONSE_F,DATE
rpt-network-plng,sitetracker_data,ST_RELOCATIONS_V,FUNDING_REQUEST_SUBMITTED_A,DATE
rpt-network-plng,sitetracker_data,ST_RELOCATIONS_V,FUNDING_REQUEST_SUBMITTED_F,DATE
rpt-network-plng,sitetracker_data,ST_RELOCATIONS_V,FURTHEST_COMPLETED_ACTIVITY,STRING
rpt-network-plng,sitetracker_data,ST_RELOCATIONS_V,GATHER_SOW_DETAILS_DETERMINE_IMPACTS_A,DATE
rpt-network-plng,sitetracker_data,ST_RELOCATIONS_V,GATHER_SOW_DETAILS_DETERMINE_IMPACTS_F,DATE
rpt-network-plng,sitetracker_data,ST_RELOCATIONS_V,HELD_ORDER_ID,STRING
rpt-network-plng,sitetracker_data,ST_RELOCATIONS_V,HERMES_ID,STRING
rpt-network-plng,sitetracker_data,ST_RELOCATIONS_V,HIGH_LEVEL_OVERVIEW,STRING
rpt-network-plng,sitetracker_data,ST_RELOCATIONS_V,HSI_AMOUNT,NUMERIC
rpt-network-plng,sitetracker_data,ST_RELOCATIONS_V,INITIAL_BUDGET_PLAN_AMOUNT,NUMERIC
rpt-network-plng,sitetracker_data,ST_RELOCATIONS_V,INITIAL_CONFLICT_REVIEW_LOCAL_A,DATE
rpt-network-plng,sitetracker_data,ST_RELOCATIONS_V,INITIAL_CONFLICT_REVIEW_LOCAL_F,DATE
rpt-network-plng,sitetracker_data,ST_RELOCATIONS_V,INITIAL_CONFLICT_REVIEW_NATIONAL_A,DATE
rpt-network-plng,sitetracker_data,ST_RELOCATIONS_V,INITIAL_CONFLICT_REVIEW_NATIONAL_F,DATE
rpt-network-plng,sitetracker_data,ST_RELOCATIONS_V,INITIAL_PLANNING_REVIEW_WITH_OSP_ENG_A,DATE
rpt-network-plng,sitetracker_data,ST_RELOCATIONS_V,INITIAL_PLANNING_REVIEW_WITH_OSP_ENG_F,DATE
rpt-network-plng,sitetracker_data,ST_RELOCATIONS_V,INVESTIGATE_FOR_DARK_FIBER_BILLING_A,DATE
rpt-network-plng,sitetracker_data,ST_RELOCATIONS_V,INVESTIGATE_FOR_DARK_FIBER_BILLING_F,DATE
rpt-network-plng,sitetracker_data,ST_RELOCATIONS_V,IRU_PM_NAME,STRING
rpt-network-plng,sitetracker_data,ST_RELOCATIONS_V,IRU_DARK_FIBER_ON_CABLE,STRING
rpt-network-plng,sitetracker_data,ST_RELOCATIONS_V,IS_THERE_A_REROUTE_OR_REFEED_OPTION,STRING
rpt-network-plng,sitetracker_data,ST_RELOCATIONS_V,IS_THERE_A_REROUTE_OR_REFEED_OPTION_N,STRING
rpt-network-plng,sitetracker_data,ST_RELOCATIONS_V,KICK_OUT_OSP_WO_A,DATE
rpt-network-plng,sitetracker_data,ST_RELOCATIONS_V,KICK_OUT_OSP_WO_F,DATE
rpt-network-plng,sitetracker_data,ST_RELOCATIONS_V,KNOWN_REIMBURSEMENT,STRING
rpt-network-plng,sitetracker_data,ST_RELOCATIONS_V,LETTING_DATE,DATE
rpt-network-plng,sitetracker_data,ST_RELOCATIONS_V,LIKE_FOR_LIKE_SOLUTION,STRING
rpt-network-plng,sitetracker_data,ST_RELOCATIONS_V,LIKE_FOR_LIKE_SOLUTION_COMMENTS,STRING
rpt-network-plng,sitetracker_data,ST_RELOCATIONS_V,LIKE_FOR_LIKE_SOLUTION_COMMENTS_N,STRING
rpt-network-plng,sitetracker_data,ST_RELOCATIONS_V,LIKE_FOR_LIKE_SOLUTION_N,STRING
rpt-network-plng,sitetracker_data,ST_RELOCATIONS_V,MAPPING_RECORD_CORRECTION_COMMENTS,STRING
rpt-network-plng,sitetracker_data,ST_RELOCATIONS_V,MAPPING_RECORDS_NEED_A_CORRECTION,STRING
rpt-network-plng,sitetracker_data,ST_RELOCATIONS_V,MONTH_CAPGOV_SUBMITTED,STRING
rpt-network-plng,sitetracker_data,ST_RELOCATIONS_V,NON_REIMB_PORTION_NON_PROFITABLE_A,DATE
rpt-network-plng,sitetracker_data,ST_RELOCATIONS_V,NON_REIMB_PORTION_NON_PROFITABLE_F,DATE
rpt-network-plng,sitetracker_data,ST_RELOCATIONS_V,NUM_COPPER_SPECIAL_CKTS,NUMERIC
rpt-network-plng,sitetracker_data,ST_RELOCATIONS_V,NUM_OF_HSI,NUMERIC
rpt-network-plng,sitetracker_data,ST_RELOCATIONS_V,NUM_OF_POTS,NUMERIC
rpt-network-plng,sitetracker_data,ST_RELOCATIONS_V,NUM_OF_WORKING_NATIONAL_FIBERS,NUMERIC
rpt-network-plng,sitetracker_data,ST_RELOCATIONS_V,NUM_OF_WORKING_SUBS_ON_FIBER,NUMERIC
rpt-network-plng,sitetracker_data,ST_RELOCATIONS_V,NUM_PAYBACK_MONTHS_GREATER_THAN_60,STRING
rpt-network-plng,sitetracker_data,ST_RELOCATIONS_V,OBLIGATED_AMOUNT,NUMERIC
rpt-network-plng,sitetracker_data,ST_RELOCATIONS_V,OPEN_WORK_ORDERS_BIDS,STRING
rpt-network-plng,sitetracker_data,ST_RELOCATIONS_V,PAYBACK_MONTHS_AFTER_REIMBURSEMENT,NUMERIC
rpt-network-plng,sitetracker_data,ST_RELOCATIONS_V,PAYBACK_MONTHS_AFTER_REIMBURSEMENT_N,NUMERIC
rpt-network-plng,sitetracker_data,ST_RELOCATIONS_V,PERMITTING_RIGHT_OF_WAY_DEPENDENCIES_A,DATE
rpt-network-plng,sitetracker_data,ST_RELOCATIONS_V,PERMITTING_RIGHT_OF_WAY_DEPENDENCIES_F,DATE
rpt-network-plng,sitetracker_data,ST_RELOCATIONS_V,PLANNING_MANAGER_NAME,STRING
rpt-network-plng,sitetracker_data,ST_RELOCATIONS_V,PLANNER_SUBMITS_RELO_PLAN_FOR_APPR_A,DATE
rpt-network-plng,sitetracker_data,ST_RELOCATIONS_V,PLANNER_SUBMITS_RELO_PLAN_FOR_APPR_F,DATE
rpt-network-plng,sitetracker_data,ST_RELOCATIONS_V,POTS_AMOUNT,NUMERIC
rpt-network-plng,sitetracker_data,ST_RELOCATIONS_V,PRELIMINARY_NETWORK_DESIGN_A,DATE
rpt-network-plng,sitetracker_data,ST_RELOCATIONS_V,PRELIMINARY_NETWORK_DESIGN_F,DATE
rpt-network-plng,sitetracker_data,ST_RELOCATIONS_V,PRIOR_RIGHTS_DARK_FIBER_REVIEW_A,DATE
rpt-network-plng,sitetracker_data,ST_RELOCATIONS_V,PRIOR_RIGHTS_DARK_FIBER_REVIEW_F,DATE
rpt-network-plng,sitetracker_data,ST_RELOCATIONS_V,PROCEED_WITH_ABANDONMENT_PROCESS_A,DATE
rpt-network-plng,sitetracker_data,ST_RELOCATIONS_V,PROCEED_WITH_ABANDONMENT_PROCESS_F,DATE
rpt-network-plng,sitetracker_data,ST_RELOCATIONS_V,PROJECT_AUDIT_COMMENTS,STRING
rpt-network-plng,sitetracker_data,ST_RELOCATIONS_V,PROJECT_AUDIT_REQUESTED,NUMERIC
rpt-network-plng,sitetracker_data,ST_RELOCATIONS_V,PROJECT_EMAIL_RECEIVED,DATE
rpt-network-plng,sitetracker_data,ST_RELOCATIONS_V,PROJECT_EMAIL_RECEIVED_A,DATE
rpt-network-plng,sitetracker_data,ST_RELOCATIONS_V,PROJECT_EMAIL_RECEIVED_F,DATE
rpt-network-plng,sitetracker_data,ST_RELOCATIONS_V,PROJECT_INITIATED_A,DATE
rpt-network-plng,sitetracker_data,ST_RELOCATIONS_V,PROJECT_INITIATED_F,DATE
rpt-network-plng,sitetracker_data,ST_RELOCATIONS_V,PROJECT_REIMBURSEMENT_INDICATED_A,DATE
rpt-network-plng,sitetracker_data,ST_RELOCATIONS_V,PROJECT_REIMBURSEMENT_INDICATED_F,DATE
rpt-network-plng,sitetracker_data,ST_RELOCATIONS_V,RECORD_UPDATES_FINAL_POST_A,DATE
rpt-network-plng,sitetracker_data,ST_RELOCATIONS_V,RECORD_UPDATES_FINAL_POST_F,DATE
rpt-network-plng,sitetracker_data,ST_RELOCATIONS_V,REDUCE_CABLE_SIZE_N,STRING
rpt-network-plng,sitetracker_data,ST_RELOCATIONS_V,REDUCE_CABLE_SIZES,STRING
rpt-network-plng,sitetracker_data,ST_RELOCATIONS_V,REDUCE_CABLE_SIZES_COMMENTS,STRING
rpt-network-plng,sitetracker_data,ST_RELOCATIONS_V,REDUCE_COST_ALT_PLACEMENT_COMMENTS_N,STRING
rpt-network-plng,sitetracker_data,ST_RELOCATIONS_V,REDUCE_COST_W_ALTERNATE_PLACEMENT,STRING
rpt-network-plng,sitetracker_data,ST_RELOCATIONS_V,REDUCE_COST_W_ALTERNATE_PLACEMENT_N,STRING
rpt-network-plng,sitetracker_data,ST_RELOCATIONS_V,REDUCED_COST_WITH_ELECTRONIC_SOLUTION,STRING
rpt-network-plng,sitetracker_data,ST_RELOCATIONS_V,REIMBURSABLE_PM_NAME,STRING
rpt-network-plng,sitetracker_data,ST_RELOCATIONS_V,REIMBURSABLE_PM_CONFIRM_PRIOR_RIGHTS_A,DATE
rpt-network-plng,sitetracker_data,ST_RELOCATIONS_V,REIMBURSABLE_PM_CONFIRM_PRIOR_RIGHTS_F,DATE
rpt-network-plng,sitetracker_data,ST_RELOCATIONS_V,REIMBURSEMENT_AMOUNT,NUMERIC
rpt-network-plng,sitetracker_data,ST_RELOCATIONS_V,REIMBURSEMENT_AMOUNT_N,NUMERIC
rpt-network-plng,sitetracker_data,ST_RELOCATIONS_V,REIMBURSEMENT_RECEIPT_A,DATE
rpt-network-plng,sitetracker_data,ST_RELOCATIONS_V,REIMBURSEMENT_RECEIPT_F,DATE
rpt-network-plng,sitetracker_data,ST_RELOCATIONS_V,RELEASED_TO_CONSTRUCTION_A,DATE
rpt-network-plng,sitetracker_data,ST_RELOCATIONS_V,RELEASED_TO_CONSTRUCTION_F,DATE
rpt-network-plng,sitetracker_data,ST_RELOCATIONS_V,RELO_BUSINESS_ANALYST_NAME,STRING
rpt-network-plng,sitetracker_data,ST_RELOCATIONS_V,RELO_SPOC_NAME,STRING
rpt-network-plng,sitetracker_data,ST_RELOCATIONS_V,RELO_PLAN_STARTS_A,DATE
rpt-network-plng,sitetracker_data,ST_RELOCATIONS_V,RELO_PLAN_STARTS_F,DATE
rpt-network-plng,sitetracker_data,ST_RELOCATIONS_V,RELO_UTILITY_MAP_TO_REQUESTOR_A,DATE
rpt-network-plng,sitetracker_data,ST_RELOCATIONS_V,RELO_UTILITY_MAP_TO_REQUESTOR_F,DATE
rpt-network-plng,sitetracker_data,ST_RELOCATIONS_V,REQUESTING_AGENCY_PROJECT_ID,STRING
rpt-network-plng,sitetracker_data,ST_RELOCATIONS_V,RESERVE_REIMBURSABLE_RIGHTS_A,DATE
rpt-network-plng,sitetracker_data,ST_RELOCATIONS_V,RESERVE_REIMBURSABLE_RIGHTS_F,DATE
rpt-network-plng,sitetracker_data,ST_RELOCATIONS_V,RESPOND_TO_REQUESTOR_WITH_IMPACT_A,DATE
rpt-network-plng,sitetracker_data,ST_RELOCATIONS_V,RESPOND_TO_REQUESTOR_WITH_IMPACT_F,DATE
rpt-network-plng,sitetracker_data,ST_RELOCATIONS_V,REVIEW_SOW_FILE_DOCUMENTS_A,DATE
rpt-network-plng,sitetracker_data,ST_RELOCATIONS_V,REVIEW_SOW_FILE_DOCUMENTS_F,DATE
rpt-network-plng,sitetracker_data,ST_RELOCATIONS_V,REVIEW_STATE_SPECIFIC_REQUIREMENTS_A,DATE
rpt-network-plng,sitetracker_data,ST_RELOCATIONS_V,REVIEW_STATE_SPECIFIC_REQUIREMENTS_F,DATE
rpt-network-plng,sitetracker_data,ST_RELOCATIONS_V,ROW_PLACEMENT_OF_OUR_FACILITY,STRING
rpt-network-plng,sitetracker_data,ST_RELOCATIONS_V,SAP_SYSTEM_STATUS,STRING
rpt-network-plng,sitetracker_data,ST_RELOCATIONS_V,SAVINGS,NUMERIC
rpt-network-plng,sitetracker_data,ST_RELOCATIONS_V,SEGMENT,STRING
rpt-network-plng,sitetracker_data,ST_RELOCATIONS_V,SEND_RESPONSE_LETTER_TO_REQUESTOR_A,DATE
rpt-network-plng,sitetracker_data,ST_RELOCATIONS_V,SEND_RESPONSE_LETTER_TO_REQUESTOR_F,DATE
rpt-network-plng,sitetracker_data,ST_RELOCATIONS_V,SENT_TO_FINANCE_FOR_CAP_GOV_REVIEW,NUMERIC
rpt-network-plng,sitetracker_data,ST_RELOCATIONS_V,SERVICE_AREA,STRING
rpt-network-plng,sitetracker_data,ST_RELOCATIONS_V,SITE_NAME,STRING
rpt-network-plng,sitetracker_data,ST_RELOCATIONS_V,SOLICIT_PROJECT_BIDS_A,DATE
rpt-network-plng,sitetracker_data,ST_RELOCATIONS_V,SOLICIT_PROJECT_BIDS_F,DATE
rpt-network-plng,sitetracker_data,ST_RELOCATIONS_V,SOW_FORM,STRING
rpt-network-plng,sitetracker_data,ST_RELOCATIONS_V,SOW_CREATED_BY_NAME,STRING
rpt-network-plng,sitetracker_data,ST_RELOCATIONS_V,SOW_CREATED_DATE,DATE
rpt-network-plng,sitetracker_data,ST_RELOCATIONS_V,SOW_LAST_MODIFIED_BY_NAME,STRING
rpt-network-plng,sitetracker_data,ST_RELOCATIONS_V,SOW_LAST_MODIFIED_DATE,DATE
rpt-network-plng,sitetracker_data,ST_RELOCATIONS_V,SPLICING_SUPERVISOR_NAME,STRING
rpt-network-plng,sitetracker_data,ST_RELOCATIONS_V,SUBMISSION_STATUS,STRING
rpt-network-plng,sitetracker_data,ST_RELOCATIONS_V,SUBMIT_SPLICING_CUTOVER_A,DATE
rpt-network-plng,sitetracker_data,ST_RELOCATIONS_V,SUBMIT_SPLICING_CUTOVER_F,DATE
rpt-network-plng,sitetracker_data,ST_RELOCATIONS_V,SUBMIT_TO_REG_IF_PLAN_IS_TO_ABANDON_A,DATE
rpt-network-plng,sitetracker_data,ST_RELOCATIONS_V,SUBMIT_TO_REG_IF_PLAN_IS_TO_ABANDON_F,DATE
rpt-network-plng,sitetracker_data,ST_RELOCATIONS_V,SUBMITTED_ON_TIME,STRING
rpt-network-plng,sitetracker_data,ST_RELOCATIONS_V,TECHNICALLY_COMPLETE_A,DATE
rpt-network-plng,sitetracker_data,ST_RELOCATIONS_V,TECHNICALLY_COMPLETE_F,DATE
rpt-network-plng,sitetracker_data,ST_RELOCATIONS_V,TOTAL_APPROVED_BUDGET_PLAN_AMOUNT,NUMERIC
rpt-network-plng,sitetracker_data,ST_RELOCATIONS_V,TOTAL_CAPITAL_REQUEST,NUMERIC
rpt-network-plng,sitetracker_data,ST_RELOCATIONS_V,TOTAL_MONTHLY_REVENUE,NUMERIC
rpt-network-plng,sitetracker_data,ST_RELOCATIONS_V,TOTAL_MONTHLY_REVENUE_N,NUMERIC
rpt-network-plng,sitetracker_data,ST_RELOCATIONS_V,UPLOAD_ASBUILTS_A,DATE
rpt-network-plng,sitetracker_data,ST_RELOCATIONS_V,UPLOAD_ASBUILTS_F,DATE
rpt-network-plng,sitetracker_data,ST_RELOCATIONS_V,VENDOR_CONTRACT_ASSIGNMENT,INT64
rpt-network-plng,sitetracker_data,ST_RELOCATIONS_V,VENDOR_NAME,STRING
rpt-network-plng,sitetracker_data,ST_RELOCATIONS_V,VENDOR_TYPE,STRING
rpt-network-plng,sitetracker_data,ST_RELOCATIONS_V,WHAT_IS_IN_CONFLICT,STRING
rpt-network-plng,sitetracker_data,ST_RELOCATIONS_V,WHY,INT64
rpt-network-plng,sitetracker_data,ST_RELOCATIONS_V,WHY_NOW,INT64
rpt-network-plng,sitetracker_data,ST_RELOCATIONS_V,WORKING_SUBS_ON_FIBER_AMOUNT,NUMERIC
rpt-network-plng,sitetracker_data,ST_RELOCATIONS_V,ASSOCIATED_PROJECT,STRING
rpt-network-plng,sitetracker_data,ST_RELOCATIONS_V,NON_REIMBURSABLE_PORTION_PROFITABLE,STRING
rpt-network-plng,sitetracker_data,ST_RELOCATIONS_V,PLANNING_MANAGER_APPROVAL,STRING
rpt-network-plng,sitetracker_data,ST_RELOCATIONS_V,PLANNING_MANAGER_APPROVAL_COMMENTS,STRING
rpt-network-plng,sitetracker_data,ST_RELOCATIONS_V,CREATED_BY_CUID,NUMERIC
rpt-network-plng,sitetracker_data,ST_RELOCATIONS_V,CREATED_BY_NAME,STRING
rpt-network-plng,sitetracker_data,ST_RELOCATIONS_V,CREATED_DATE,DATE
rpt-network-plng,sitetracker_data,ST_RELOCATIONS_V,META_SCR_LOAD_DATE_TIME,TIMESTAMP
rpt-network-plng,sitetracker_data,ST_DAMAGES_T,ST_PROJECT_ID,STRING
rpt-network-plng,sitetracker_data,ST_DAMAGES_T,CLAIMS_JUMPER_NUMBER,STRING
rpt-network-plng,sitetracker_data,ST_DAMAGES_T,NETWORK,STRING
rpt-network-plng,sitetracker_data,ST_DAMAGES_T,EVENT_TICKET_NUMBER,STRING
rpt-network-plng,sitetracker_data,ST_DAMAGES_T,COLLECTION_MANAGER,STRING
rpt-network-plng,sitetracker_data,ST_DAMAGES_T,COLLECTION_VENDOR_PM_ASSIGNED,STRING
rpt-network-plng,sitetracker_data,ST_DAMAGES_T,CONTRACTOR_SERVICES_USED,STRING
rpt-network-plng,sitetracker_data,ST_DAMAGES_T,CR_VENDOR_INVOICED_A,TIMESTAMP
rpt-network-plng,sitetracker_data,ST_DAMAGES_T,CR_VENDOR_INVOICED_F,TIMESTAMP
rpt-network-plng,sitetracker_data,ST_DAMAGES_T,CUP_SHEET_RECEIVED_FROM_CONTRACTOR_A,TIMESTAMP
rpt-network-plng,sitetracker_data,ST_DAMAGES_T,CUP_SHEET_RECEIVED_FROM_CONTRACTOR_F,TIMESTAMP
rpt-network-plng,sitetracker_data,ST_DAMAGES_T,DAMAGE_DATE_A,TIMESTAMP
rpt-network-plng,sitetracker_data,ST_DAMAGES_T,DAMAGE_DATE_F,TIMESTAMP
rpt-network-plng,sitetracker_data,ST_DAMAGES_T,EMERGENCY_RECORD_UPDATES_A,TIMESTAMP
rpt-network-plng,sitetracker_data,ST_DAMAGES_T,EMERGENCY_RECORD_UPDATES_F,TIMESTAMP
rpt-network-plng,sitetracker_data,ST_DAMAGES_T,EMERGENCY_VENDOR_INVOICING_A,TIMESTAMP
rpt-network-plng,sitetracker_data,ST_DAMAGES_T,EMERGENCY_VENDOR_INVOICING_F,TIMESTAMP
rpt-network-plng,sitetracker_data,ST_DAMAGES_T,ENGINEERING_COMPLETED_A,TIMESTAMP
rpt-network-plng,sitetracker_data,ST_DAMAGES_T,ENGINEERING_COMPLETED_F,TIMESTAMP
rpt-network-plng,sitetracker_data,ST_DAMAGES_T,FINANCIAL_PROJECT_CREATION_DEPLOY_A,TIMESTAMP
rpt-network-plng,sitetracker_data,ST_DAMAGES_T,FINANCIAL_PROJECT_CREATION_DEPLOY_F,TIMESTAMP
rpt-network-plng,sitetracker_data,ST_DAMAGES_T,POSTBILL,STRING
rpt-network-plng,sitetracker_data,ST_DAMAGES_T,PREBILL,STRING
rpt-network-plng,sitetracker_data,ST_DAMAGES_T,PREBILL_MANAGER,STRING
rpt-network-plng,sitetracker_data,ST_DAMAGES_T,STB_FINANCIALLY_ACTIONABLE_A,TIMESTAMP
rpt-network-plng,sitetracker_data,ST_DAMAGES_T,STB_FINANCIALLY_ACTIONABLE_F,TIMESTAMP
rpt-network-plng,sitetracker_data,ST_DAMAGES_T,X3RD_PARTY_INVOICED_DATE,TIMESTAMP
rpt-network-plng,sitetracker_data,ST_DAMAGES_T,XRD_PARTY_FEES,NUMERIC
rpt-network-plng,sitetracker_data,ST_DAMAGES_T,ACTIVITY_CAUSING_DAMAGE,STRING
rpt-network-plng,sitetracker_data,ST_DAMAGES_T,ARBITRATION_DATE,TIMESTAMP
rpt-network-plng,sitetracker_data,ST_DAMAGES_T,ARBITRATION_DECISION,STRING
rpt-network-plng,sitetracker_data,ST_DAMAGES_T,ARBITRATION_REQUEST_DATE,TIMESTAMP
rpt-network-plng,sitetracker_data,ST_DAMAGES_T,ASSIGNED_TO,STRING
rpt-network-plng,sitetracker_data,ST_DAMAGES_T,OPS_SRO_NAME,STRING
rpt-network-plng,sitetracker_data,ST_DAMAGES_T,OPS_SROEMAIL,STRING
rpt-network-plng,sitetracker_data,ST_DAMAGES_T,OPS_MRO_NM,STRING
rpt-network-plng,sitetracker_data,ST_DAMAGES_T,OPS_DIR_NM,STRING
rpt-network-plng,sitetracker_data,ST_DAMAGES_T,OPS_VPO_NM,STRING
rpt-network-plng,sitetracker_data,ST_DAMAGES_T,OPS_RGN_NM,STRING
rpt-network-plng,sitetracker_data,ST_DAMAGES_T,ATTORNEY_ASSIGNED,STRING
rpt-network-plng,sitetracker_data,ST_DAMAGES_T,BILL_TO,STRING
rpt-network-plng,sitetracker_data,ST_DAMAGES_T,ALT_BILL_TO_EMAIL,STRING
rpt-network-plng,sitetracker_data,ST_DAMAGES_T,BILL_TO_OTHER,STRING
rpt-network-plng,sitetracker_data,ST_DAMAGES_T,ALT_BILL_TO_PARTY,STRING
rpt-network-plng,sitetracker_data,ST_DAMAGES_T,ALT_BILL_TO_PARTY_ADDRESS,STRING
rpt-network-plng,sitetracker_data,ST_DAMAGES_T,ALT_BILL_TO_PARTY_CITY,STRING
rpt-network-plng,sitetracker_data,ST_DAMAGES_T,ALT_BILL_TO_PARTY_INSURANCE_COMPANY,STRING
rpt-network-plng,sitetracker_data,ST_DAMAGES_T,ALT_BILL_TO_PARTY_PHONE,STRING
rpt-network-plng,sitetracker_data,ST_DAMAGES_T,ALT_BILL_TO_PARTY_STATE,STRING
rpt-network-plng,sitetracker_data,ST_DAMAGES_T,ALT_BILL_TO_PARTY_ZIP,STRING
rpt-network-plng,sitetracker_data,ST_DAMAGES_T,CABLE_FIBER_COUNT_DESCRIPTION_1,STRING
rpt-network-plng,sitetracker_data,ST_DAMAGES_T,CABLE_FIBER_COUNT_DESCRIPTION_2,STRING
rpt-network-plng,sitetracker_data,ST_DAMAGES_T,CABLE_FIBER_COUNT_DESCRIPTION_3,STRING
rpt-network-plng,sitetracker_data,ST_DAMAGES_T,CABLE_FIBER_COUNT_DESCRIPTION_4,STRING
rpt-network-plng,sitetracker_data,ST_DAMAGES_T,CABLE_FIBER_COUNT_DESCRIPTION_5,STRING
rpt-network-plng,sitetracker_data,ST_DAMAGES_T,CLAIM_CLASS_TYPE,STRING
rpt-network-plng,sitetracker_data,ST_DAMAGES_T,CLAIM_STATUS,STRING
rpt-network-plng,sitetracker_data,ST_DAMAGES_T,CLOSE_DATE,TIMESTAMP
rpt-network-plng,sitetracker_data,ST_DAMAGES_T,CLOSED_DATE,TIMESTAMP
rpt-network-plng,sitetracker_data,ST_DAMAGES_T,CMS_CONTRACTOR_COST_FORMULA,NUMERIC
rpt-network-plng,sitetracker_data,ST_DAMAGES_T,CMS_BSW_CUPS_NUMBER_1,STRING
rpt-network-plng,sitetracker_data,ST_DAMAGES_T,CMS_BSW_CUPS_NUMBER_2,STRING
rpt-network-plng,sitetracker_data,ST_DAMAGES_T,CMS_NUM1_CLEAN,STRING
rpt-network-plng,sitetracker_data,ST_DAMAGES_T,CMS_NUM2_CLEAN,STRING
rpt-network-plng,sitetracker_data,ST_DAMAGES_T,CMS_NUM3_CLEAN,STRING
rpt-network-plng,sitetracker_data,ST_DAMAGES_T,CMSBSWCUPS_TOTAL_1,NUMERIC
rpt-network-plng,sitetracker_data,ST_DAMAGES_T,CMSBSWCUPS_TOTAL_2,NUMERIC
rpt-network-plng,sitetracker_data,ST_DAMAGES_T,CUPS_STATUS1,STRING
rpt-network-plng,sitetracker_data,ST_DAMAGES_T,CUPS_STATUS2,STRING
rpt-network-plng,sitetracker_data,ST_DAMAGES_T,CUPS_STATUS3,STRING
rpt-network-plng,sitetracker_data,ST_DAMAGES_T,CMS_CUPS1,NUMERIC
rpt-network-plng,sitetracker_data,ST_DAMAGES_T,CMS_CUPS2,NUMERIC
rpt-network-plng,sitetracker_data,ST_DAMAGES_T,CMS_CUPS3,NUMERIC
rpt-network-plng,sitetracker_data,ST_DAMAGES_T,COLLECTION_COMMISSION,NUMERIC
rpt-network-plng,sitetracker_data,ST_DAMAGES_T,COLLECTION_VENDOR_BILL_SENT,TIMESTAMP
rpt-network-plng,sitetracker_data,ST_DAMAGES_T,COMMISSION_AMOUNT,NUMERIC
rpt-network-plng,sitetracker_data,ST_DAMAGES_T,COMMISSION_OVERRIDE_REASON,STRING
rpt-network-plng,sitetracker_data,ST_DAMAGES_T,COMMISSION_PAID_DATE,TIMESTAMP
rpt-network-plng,sitetracker_data,ST_DAMAGES_T,COMMISSION_PERCENTAGE_CATEGORY,STRING
rpt-network-plng,sitetracker_data,ST_DAMAGES_T,COST_1,NUMERIC
rpt-network-plng,sitetracker_data,ST_DAMAGES_T,COST_2,NUMERIC
rpt-network-plng,sitetracker_data,ST_DAMAGES_T,COST_3,NUMERIC
rpt-network-plng,sitetracker_data,ST_DAMAGES_T,COST_4,NUMERIC
rpt-network-plng,sitetracker_data,ST_DAMAGES_T,COST_5,NUMERIC
rpt-network-plng,sitetracker_data,ST_DAMAGES_T,COST_CENTER,STRING
rpt-network-plng,sitetracker_data,ST_DAMAGES_T,COST_DISPUTE,STRING
rpt-network-plng,sitetracker_data,ST_DAMAGES_T,COST_RECOVERY_MOVED_BACK,NUMERIC
rpt-network-plng,sitetracker_data,ST_DAMAGES_T,COUNT_SIZE_1,NUMERIC
rpt-network-plng,sitetracker_data,ST_DAMAGES_T,COUNT_SIZE_2,NUMERIC
rpt-network-plng,sitetracker_data,ST_DAMAGES_T,COUNT_SIZE_3,NUMERIC
rpt-network-plng,sitetracker_data,ST_DAMAGES_T,COUNT_SIZE_4,NUMERIC
rpt-network-plng,sitetracker_data,ST_DAMAGES_T,COUNT_SIZE_5,NUMERIC
rpt-network-plng,sitetracker_data,ST_DAMAGES_T,DAMAGE_ADDRESS,STRING
rpt-network-plng,sitetracker_data,ST_DAMAGES_T,DAMAGE_CITY,STRING
rpt-network-plng,sitetracker_data,ST_DAMAGES_T,DAMAGE_CLAIMS_NUMBER_AUTO,STRING
rpt-network-plng,sitetracker_data,ST_DAMAGES_T,DAMAGE_COUNTY,STRING
rpt-network-plng,sitetracker_data,ST_DAMAGES_T,DAMAGE_DATE,TIMESTAMP
rpt-network-plng,sitetracker_data,ST_DAMAGES_T,AGING,STRING
rpt-network-plng,sitetracker_data,ST_DAMAGES_T,CURR_STATUS_AGING,STRING
rpt-network-plng,sitetracker_data,ST_DAMAGES_T,CURR_STATUS_AGE,INT64
rpt-network-plng,sitetracker_data,ST_DAMAGES_T,DAMAGE_INVESTIGATION_FEE,NUMERIC
rpt-network-plng,sitetracker_data,ST_DAMAGES_T,DAMAGE_INVESTIGATION_RECEIVED,TIMESTAMP
rpt-network-plng,sitetracker_data,ST_DAMAGES_T,DAMAGE_INVESTIGATION_RESPONSE,STRING
rpt-network-plng,sitetracker_data,ST_DAMAGES_T,DAMAGE_INVESTIGATION_SUB_RESPONSE,STRING
rpt-network-plng,sitetracker_data,ST_DAMAGES_T,DAMAGE_STATE,STRING
rpt-network-plng,sitetracker_data,ST_DAMAGES_T,DAMAGE_STATE_SOL_YEARS,NUMERIC
rpt-network-plng,sitetracker_data,ST_DAMAGES_T,DAMAGER_A_LUMEN_CUSTOMER,STRING
rpt-network-plng,sitetracker_data,ST_DAMAGES_T,DAMAGER_A_MUNI_OR_GOV_ENTITY,STRING
rpt-network-plng,sitetracker_data,ST_DAMAGES_T,DAMAGER_ADDRESS,STRING
rpt-network-plng,sitetracker_data,ST_DAMAGES_T,DAMAGER_CATEGORY,STRING
rpt-network-plng,sitetracker_data,ST_DAMAGES_T,DAMAGER_CATEGORY_OTHER,STRING
rpt-network-plng,sitetracker_data,ST_DAMAGES_T,DAMAGER_CITY,STRING
rpt-network-plng,sitetracker_data,ST_DAMAGES_T,DAMAGER_EMAIL,STRING
rpt-network-plng,sitetracker_data,ST_DAMAGES_T,DAMAGER_INSURANCE_CO,STRING
rpt-network-plng,sitetracker_data,ST_DAMAGES_T,DAMAGER_KNOWN,STRING
rpt-network-plng,sitetracker_data,ST_DAMAGES_T,DAMAGER_NAME,STRING
rpt-network-plng,sitetracker_data,ST_DAMAGES_T,DAMAGER_PHONE,STRING
rpt-network-plng,sitetracker_data,ST_DAMAGES_T,DAMAGER_STATE,STRING
rpt-network-plng,sitetracker_data,ST_DAMAGES_T,DAMAGER_WORKING_FOR_LUMEN,STRING
rpt-network-plng,sitetracker_data,ST_DAMAGES_T,DAMAGER_ZIP,STRING
rpt-network-plng,sitetracker_data,ST_DAMAGES_T,DAMAGING_COMPANY,STRING
rpt-network-plng,sitetracker_data,ST_DAMAGES_T,DATE_PAID,TIMESTAMP
rpt-network-plng,sitetracker_data,ST_DAMAGES_T,DATE_SENT_TO_ATTORNEY,TIMESTAMP
rpt-network-plng,sitetracker_data,ST_DAMAGES_T,DATE_WORK_STARTED_1,TIMESTAMP
rpt-network-plng,sitetracker_data,ST_DAMAGES_T,DATE_WORK_STARTED_2,TIMESTAMP
rpt-network-plng,sitetracker_data,ST_DAMAGES_T,DATE_WORK_STARTED_3,TIMESTAMP
rpt-network-plng,sitetracker_data,ST_DAMAGES_T,DATE_WORK_STARTED_4,TIMESTAMP
rpt-network-plng,sitetracker_data,ST_DAMAGES_T,DATE_WORK_STARTED_5,TIMESTAMP
rpt-network-plng,sitetracker_data,ST_DAMAGES_T,DATE_WORK_STOPPED_1,TIMESTAMP
rpt-network-plng,sitetracker_data,ST_DAMAGES_T,DATE_WORK_STOPPED_2,TIMESTAMP
rpt-network-plng,sitetracker_data,ST_DAMAGES_T,DATE_WORK_STOPPED_3,TIMESTAMP
rpt-network-plng,sitetracker_data,ST_DAMAGES_T,DATE_WORK_STOPPED_4,TIMESTAMP
rpt-network-plng,sitetracker_data,ST_DAMAGES_T,DATE_WORK_STOPPED_5,TIMESTAMP
rpt-network-plng,sitetracker_data,ST_DAMAGES_T,DAYS_IN_STATUS,NUMERIC
rpt-network-plng,sitetracker_data,ST_DAMAGES_T,DCT_NUMBER,STRING
rpt-network-plng,sitetracker_data,ST_DAMAGES_T,DENIAL_WRITE_OFF_REVIEW_DATE,TIMESTAMP
rpt-network-plng,sitetracker_data,ST_DAMAGES_T,DESCRIPTION_OF_EMERGENCY_REPAIR,STRING
rpt-network-plng,sitetracker_data,ST_DAMAGES_T,DIG_TICKET_FOR_LOCATION,STRING
rpt-network-plng,sitetracker_data,ST_DAMAGES_T,DISCOVERY_DATE,TIMESTAMP
rpt-network-plng,sitetracker_data,ST_DAMAGES_T,DISCOVERY_NEEDED,STRING
rpt-network-plng,sitetracker_data,ST_DAMAGES_T,DIVISION,STRING
rpt-network-plng,sitetracker_data,ST_DAMAGES_T,EMPLOYEE_NAME_1,STRING
rpt-network-plng,sitetracker_data,ST_DAMAGES_T,EMPLOYEE_NAME_2,STRING
rpt-network-plng,sitetracker_data,ST_DAMAGES_T,EMPLOYEE_NAME_3,STRING
rpt-network-plng,sitetracker_data,ST_DAMAGES_T,EMPLOYEE_NAME_4,STRING
rpt-network-plng,sitetracker_data,ST_DAMAGES_T,EMPLOYEE_NAME_5,STRING
rpt-network-plng,sitetracker_data,ST_DAMAGES_T,ENTERED_ON_MOBILE_OR_BROWSER,STRING
rpt-network-plng,sitetracker_data,ST_DAMAGES_T,EQUIPMENT_CAUSING_DAMAGE,STRING
rpt-network-plng,sitetracker_data,ST_DAMAGES_T,FACILITY_TYPE_1,STRING
rpt-network-plng,sitetracker_data,ST_DAMAGES_T,FACILITY_TYPE_2,STRING
rpt-network-plng,sitetracker_data,ST_DAMAGES_T,FACILITY_TYPE_3,STRING
rpt-network-plng,sitetracker_data,ST_DAMAGES_T,FACILITY_TYPE_4,STRING
rpt-network-plng,sitetracker_data,ST_DAMAGES_T,FACILITY_TYPE_5,STRING
rpt-network-plng,sitetracker_data,ST_DAMAGES_T,FINANCIAL_DOCUMENTS_ATTACHED,STRING
rpt-network-plng,sitetracker_data,ST_DAMAGES_T,FIREWORKS_ACTUALS,NUMERIC
rpt-network-plng,sitetracker_data,ST_DAMAGES_T,FIREWORKS_ADJUSTMENT,NUMERIC
rpt-network-plng,sitetracker_data,ST_DAMAGES_T,FIREWORKS_BILLED_FORMULA,NUMERIC
rpt-network-plng,sitetracker_data,ST_DAMAGES_T,FLAT_RATE_BILLING,STRING
rpt-network-plng,sitetracker_data,ST_DAMAGES_T,GA_FEE,NUMERIC
rpt-network-plng,sitetracker_data,ST_DAMAGES_T,HOURS_WORKED_1,NUMERIC
rpt-network-plng,sitetracker_data,ST_DAMAGES_T,HOURS_WORKED_2,NUMERIC
rpt-network-plng,sitetracker_data,ST_DAMAGES_T,HOURS_WORKED_3,NUMERIC
rpt-network-plng,sitetracker_data,ST_DAMAGES_T,HOURS_WORKED_4,NUMERIC
rpt-network-plng,sitetracker_data,ST_DAMAGES_T,HOURS_WORKED_5,NUMERIC
rpt-network-plng,sitetracker_data,ST_DAMAGES_T,HOW_DID_DAMAGE_OCCUR,STRING
rpt-network-plng,sitetracker_data,ST_DAMAGES_T,HOW_WAS_DAMAGER_IDENTIFIED,STRING
rpt-network-plng,sitetracker_data,ST_DAMAGES_T,HOW_WAS_THE_REPAIR_COMPLETED,STRING
rpt-network-plng,sitetracker_data,ST_DAMAGES_T,INTERNAL_ATTORNEY_ASSIGNED,STRING
rpt-network-plng,sitetracker_data,ST_DAMAGES_T,INTERNAL_MATERIALS_1,STRING
rpt-network-plng,sitetracker_data,ST_DAMAGES_T,INTERNAL_MATERIALS_2,STRING
rpt-network-plng,sitetracker_data,ST_DAMAGES_T,INTERNAL_MATERIALS_3,STRING
rpt-network-plng,sitetracker_data,ST_DAMAGES_T,INTERNAL_MATERIALS_4,STRING
rpt-network-plng,sitetracker_data,ST_DAMAGES_T,INTERNAL_MATERIALS_5,STRING
rpt-network-plng,sitetracker_data,ST_DAMAGES_T,IS_THIS_A_SERVICE_AFFECTING_DAMAGE,STRING
rpt-network-plng,sitetracker_data,ST_DAMAGES_T,JURISDICTION,STRING
rpt-network-plng,sitetracker_data,ST_DAMAGES_T,LABOR_COST_1,NUMERIC
rpt-network-plng,sitetracker_data,ST_DAMAGES_T,LABOR_COST_2,NUMERIC
rpt-network-plng,sitetracker_data,ST_DAMAGES_T,LABOR_COST_3,NUMERIC
rpt-network-plng,sitetracker_data,ST_DAMAGES_T,LABOR_COST_4,NUMERIC
rpt-network-plng,sitetracker_data,ST_DAMAGES_T,LABOR_COST_5,NUMERIC
rpt-network-plng,sitetracker_data,ST_DAMAGES_T,LABOR_RATE_1,NUMERIC
rpt-network-plng,sitetracker_data,ST_DAMAGES_T,LABOR_RATE_2,NUMERIC
rpt-network-plng,sitetracker_data,ST_DAMAGES_T,LABOR_RATE_3,NUMERIC
rpt-network-plng,sitetracker_data,ST_DAMAGES_T,LABOR_RATE_4,NUMERIC
rpt-network-plng,sitetracker_data,ST_DAMAGES_T,LABOR_RATE_5,NUMERIC
rpt-network-plng,sitetracker_data,ST_DAMAGES_T,LEGACY_COMPANY_1,STRING
rpt-network-plng,sitetracker_data,ST_DAMAGES_T,LEGACY_COMPANY_2,STRING
rpt-network-plng,sitetracker_data,ST_DAMAGES_T,LEGACY_COMPANY_3,STRING
rpt-network-plng,sitetracker_data,ST_DAMAGES_T,LEGACY_COMPANY_4,STRING
rpt-network-plng,sitetracker_data,ST_DAMAGES_T,LEGACY_COMPANY_5,STRING
rpt-network-plng,sitetracker_data,ST_DAMAGES_T,LEGAL_REVIEW_DATE,TIMESTAMP
rpt-network-plng,sitetracker_data,ST_DAMAGES_T,LIABILITY_ACCEPTED,STRING
rpt-network-plng,sitetracker_data,ST_DAMAGES_T,LITIGATION_NOTES,STRING
rpt-network-plng,sitetracker_data,ST_DAMAGES_T,LITIGATION_STATUS,STRING
rpt-network-plng,sitetracker_data,ST_DAMAGES_T,LOCATE_COMPANY,STRING
rpt-network-plng,sitetracker_data,ST_DAMAGES_T,LOCATE_INVESTIGATION_CODE,STRING
rpt-network-plng,sitetracker_data,ST_DAMAGES_T,LOCATE_INVESTIGATION_FEE,NUMERIC
rpt-network-plng,sitetracker_data,ST_DAMAGES_T,LOCATE_TICKET_NUMBER,STRING
rpt-network-plng,sitetracker_data,ST_DAMAGES_T,LOCATOR_NOTICE_SENT,TIMESTAMP
rpt-network-plng,sitetracker_data,ST_DAMAGES_T,LOSS_OF_USE,NUMERIC
rpt-network-plng,sitetracker_data,ST_DAMAGES_T,MATERIAL_TYPE_1,STRING
rpt-network-plng,sitetracker_data,ST_DAMAGES_T,MATERIAL_TYPE_2,STRING
rpt-network-plng,sitetracker_data,ST_DAMAGES_T,MATERIAL_TYPE_3,STRING
rpt-network-plng,sitetracker_data,ST_DAMAGES_T,MATERIAL_TYPE_4,STRING
rpt-network-plng,sitetracker_data,ST_DAMAGES_T,MATERIAL_TYPE_5,STRING
rpt-network-plng,sitetracker_data,ST_DAMAGES_T,MOBILE_CLAIM_NUMBER,STRING
rpt-network-plng,sitetracker_data,ST_DAMAGES_T,MOBILE_CREATE_DATE,TIMESTAMP
rpt-network-plng,sitetracker_data,ST_DAMAGES_T,NEAREST_INTERSECTION,STRING
rpt-network-plng,sitetracker_data,ST_DAMAGES_T,NO_BILL_CLOSURE_CODES,STRING
rpt-network-plng,sitetracker_data,ST_DAMAGES_T,NOTICE_LETTER,STRING
rpt-network-plng,sitetracker_data,ST_DAMAGES_T,NOTICE_LETTER_SENT_DATE,TIMESTAMP
rpt-network-plng,sitetracker_data,ST_DAMAGES_T,OTHERNO_BILL_DESCRIPTION,STRING
rpt-network-plng,sitetracker_data,ST_DAMAGES_T,OUTAGE_CREDITS,NUMERIC
rpt-network-plng,sitetracker_data,ST_DAMAGES_T,OVERRIDE_DAMAGE_INVESTIGATION,NUMERIC
rpt-network-plng,sitetracker_data,ST_DAMAGES_T,OVERRIDE_G_A_FEE,NUMERIC
rpt-network-plng,sitetracker_data,ST_DAMAGES_T,PAID_AMOUNT,NUMERIC
rpt-network-plng,sitetracker_data,ST_DAMAGES_T,PAID_DATE,TIMESTAMP
rpt-network-plng,sitetracker_data,ST_DAMAGES_T,PAYMENT_PLAN,STRING
rpt-network-plng,sitetracker_data,ST_DAMAGES_T,PAYMENT_PLAN_APPROVAL_DATE,TIMESTAMP
rpt-network-plng,sitetracker_data,ST_DAMAGES_T,PAYMENT_PLAN_TERMS,STRING
rpt-network-plng,sitetracker_data,ST_DAMAGES_T,PAYMENT_RELEASE_DOCUMENT_DATE,TIMESTAMP
rpt-network-plng,sitetracker_data,ST_DAMAGES_T,POLICE_REPORT_CALLED_IN,STRING
rpt-network-plng,sitetracker_data,ST_DAMAGES_T,POLICE_REPORT_RECEIVED,TIMESTAMP
rpt-network-plng,sitetracker_data,ST_DAMAGES_T,POLICE_REPORT_REQUESTED,TIMESTAMP
rpt-network-plng,sitetracker_data,ST_DAMAGES_T,PREVENTABLE_CLASS,STRING
rpt-network-plng,sitetracker_data,ST_DAMAGES_T,PREVENTABLE_DATE,TIMESTAMP
rpt-network-plng,sitetracker_data,ST_DAMAGES_T,REBILL_DATE,TIMESTAMP
rpt-network-plng,sitetracker_data,ST_DAMAGES_T,REBILLED_TO,STRING
rpt-network-plng,sitetracker_data,ST_DAMAGES_T,RECOVERED_BY,STRING
rpt-network-plng,sitetracker_data,ST_DAMAGES_T,RECOVERED_NET,NUMERIC
rpt-network-plng,sitetracker_data,ST_DAMAGES_T,REFERRED_TO,STRING
rpt-network-plng,sitetracker_data,ST_DAMAGES_T,REFERRED_TO_DATE,TIMESTAMP
rpt-network-plng,sitetracker_data,ST_DAMAGES_T,REGION,STRING
rpt-network-plng,sitetracker_data,ST_DAMAGES_T,RELATED_FW_OR_CMSCUPS_NUMBER,STRING
rpt-network-plng,sitetracker_data,ST_DAMAGES_T,REPAIR_TICKET_NUMBER,STRING
rpt-network-plng,sitetracker_data,ST_DAMAGES_T,REPORT_NUMBER,STRING
rpt-network-plng,sitetracker_data,ST_DAMAGES_T,REPORT_TYPE_1,STRING
rpt-network-plng,sitetracker_data,ST_DAMAGES_T,REPORT_TYPE_2,STRING
rpt-network-plng,sitetracker_data,ST_DAMAGES_T,REPORT_TYPE_3,STRING
rpt-network-plng,sitetracker_data,ST_DAMAGES_T,REPORT_TYPE_4,STRING
rpt-network-plng,sitetracker_data,ST_DAMAGES_T,REPORT_TYPE_5,STRING
rpt-network-plng,sitetracker_data,ST_DAMAGES_T,ROOT_CAUSE,STRING
rpt-network-plng,sitetracker_data,ST_DAMAGES_T,SETTLED_PAYMENT_IN_PROCESS_DATE,TIMESTAMP
rpt-network-plng,sitetracker_data,ST_DAMAGES_T,SETTLED_AMOUNT,NUMERIC
rpt-network-plng,sitetracker_data,ST_DAMAGES_T,SETTLED_DATE,TIMESTAMP
rpt-network-plng,sitetracker_data,ST_DAMAGES_T,SETTLEMENT_PERCENTAGE,NUMERIC
rpt-network-plng,sitetracker_data,ST_DAMAGES_T,SITETRACKER_LOCATOR,STRING
rpt-network-plng,sitetracker_data,ST_DAMAGES_T,SOL_DATE,TIMESTAMP
rpt-network-plng,sitetracker_data,ST_DAMAGES_T,STATUS_CODE,STRING
rpt-network-plng,sitetracker_data,ST_DAMAGES_T,STATUS_LAST_CHANGED_DATE,TIMESTAMP
rpt-network-plng,sitetracker_data,ST_DAMAGES_T,STB_FINANCIALLY_ACTIONABLE_DATE,TIMESTAMP
rpt-network-plng,sitetracker_data,ST_DAMAGES_T,STB_RETURN_TO_FIELD_DATE,TIMESTAMP
rpt-network-plng,sitetracker_data,ST_DAMAGES_T,STB_RETURN_TO_LOCATOR_DATE,TIMESTAMP
rpt-network-plng,sitetracker_data,ST_DAMAGES_T,SUIT_FILED_DATE,TIMESTAMP
rpt-network-plng,sitetracker_data,ST_DAMAGES_T,TOTAL_LABOR_COST,NUMERIC
rpt-network-plng,sitetracker_data,ST_DAMAGES_T,TOTAL_MATERIAL_COST,NUMERIC
rpt-network-plng,sitetracker_data,ST_DAMAGES_T,VENDOR_INVOICED_DATE,TIMESTAMP
rpt-network-plng,sitetracker_data,ST_DAMAGES_T,WHO_HIRED_DAMAGING_CONTRACTOR,STRING
rpt-network-plng,sitetracker_data,ST_DAMAGES_T,WHO_SHOULD_RECEIVE_BILL,STRING
rpt-network-plng,sitetracker_data,ST_DAMAGES_T,WITNESS_COMPANY,STRING
rpt-network-plng,sitetracker_data,ST_DAMAGES_T,WITNESS_NAME,STRING
rpt-network-plng,sitetracker_data,ST_DAMAGES_T,WITNESS_PHONE_NUMBER,STRING
rpt-network-plng,sitetracker_data,ST_DAMAGES_T,AGENCY_NAME,STRING
rpt-network-plng,sitetracker_data,ST_DAMAGES_T,AS_BUILT_TEAM_NAME,STRING
rpt-network-plng,sitetracker_data,ST_DAMAGES_T,AS_BUILT_TEAM_CUID,STRING
rpt-network-plng,sitetracker_data,ST_DAMAGES_T,CAPITAL_APPROVAL_CODE,STRING
rpt-network-plng,sitetracker_data,ST_DAMAGES_T,CITY,STRING
rpt-network-plng,sitetracker_data,ST_DAMAGES_T,CLOSE_FINANCIAL_TOOL_A,TIMESTAMP
rpt-network-plng,sitetracker_data,ST_DAMAGES_T,CLOSE_FINANCIAL_TOOL_F,TIMESTAMP
rpt-network-plng,sitetracker_data,ST_DAMAGES_T,COMPANY_CODE,STRING
rpt-network-plng,sitetracker_data,ST_DAMAGES_T,COMPLETE_SPLICING_CUTOVER_A,TIMESTAMP
rpt-network-plng,sitetracker_data,ST_DAMAGES_T,COMPLETE_SPLICING_CUTOVER_F,TIMESTAMP
rpt-network-plng,sitetracker_data,ST_DAMAGES_T,CONSTRUCTION_COORDINATOR_CUID,STRING
rpt-network-plng,sitetracker_data,ST_DAMAGES_T,CONSTRUCTION_COORDINATOR_NAME,STRING
rpt-network-plng,sitetracker_data,ST_DAMAGES_T,CREATE_PROJECT_A,TIMESTAMP
rpt-network-plng,sitetracker_data,ST_DAMAGES_T,CREATED_BY_CUID,STRING
rpt-network-plng,sitetracker_data,ST_DAMAGES_T,CREATED_BY_NAME,STRING
rpt-network-plng,sitetracker_data,ST_DAMAGES_T,CURRENT_OPEN_ACTIVITY,STRING
rpt-network-plng,sitetracker_data,ST_DAMAGES_T,DATE_AUDIT_COMPLETED,TIMESTAMP
rpt-network-plng,sitetracker_data,ST_DAMAGES_T,DATE_AUDIT_STARTED,TIMESTAMP
rpt-network-plng,sitetracker_data,ST_DAMAGES_T,EXCHANGE,STRING
rpt-network-plng,sitetracker_data,ST_DAMAGES_T,EXCHANGE_NAME,STRING
rpt-network-plng,sitetracker_data,ST_DAMAGES_T,FW_PROJECT_ID,STRING
rpt-network-plng,sitetracker_data,ST_DAMAGES_T,FW_PROJECT_URL,STRING
rpt-network-plng,sitetracker_data,ST_DAMAGES_T,FW_DATE_CREATED,DATE
rpt-network-plng,sitetracker_data,ST_DAMAGES_T,FW_DATE_RELEASED,DATE
rpt-network-plng,sitetracker_data,ST_DAMAGES_T,FW_DATE_ENG_RELEASED,DATE
rpt-network-plng,sitetracker_data,ST_DAMAGES_T,FW_DATE_TECOD,DATE
rpt-network-plng,sitetracker_data,ST_DAMAGES_T,FW_DATE_CLOSED,DATE
rpt-network-plng,sitetracker_data,ST_DAMAGES_T,FW_STATUS,STRING
rpt-network-plng,sitetracker_data,ST_DAMAGES_T,FW_STATUS_DT,DATE
rpt-network-plng,sitetracker_data,ST_DAMAGES_T,FW_PLAN_AMOUNT,NUMERIC
rpt-network-plng,sitetracker_data,ST_DAMAGES_T,FW_ACTUAL_PTD,NUMERIC
rpt-network-plng,sitetracker_data,ST_DAMAGES_T,FW_ENG_RESPONSIBLE_PERSON,STRING
rpt-network-plng,sitetracker_data,ST_DAMAGES_T,FW_RP_CUID,STRING
rpt-network-plng,sitetracker_data,ST_DAMAGES_T,FW_ENG_CREATE_PERSON,STRING
rpt-network-plng,sitetracker_data,ST_DAMAGES_T,FW_ENG_CONSTR_CORD,STRING
rpt-network-plng,sitetracker_data,ST_DAMAGES_T,ENG_EMP_STATUS,STRING
rpt-network-plng,sitetracker_data,ST_DAMAGES_T,ENG_SRO_NM,STRING
rpt-network-plng,sitetracker_data,ST_DAMAGES_T,ENG_MRO_NM,STRING
rpt-network-plng,sitetracker_data,ST_DAMAGES_T,ENG_DIR_NM,STRING
rpt-network-plng,sitetracker_data,ST_DAMAGES_T,ENG_VPO_NM,STRING
rpt-network-plng,sitetracker_data,ST_DAMAGES_T,ENG_RGN_NM,STRING
rpt-network-plng,sitetracker_data,ST_DAMAGES_T,TOTAL_INVOICED,NUMERIC
rpt-network-plng,sitetracker_data,ST_DAMAGES_T,ACTIONABLE_FLAG,STRING
rpt-network-plng,sitetracker_data,ST_DAMAGES_T,FLAG_FOR_DELETION,NUMERIC
rpt-network-plng,sitetracker_data,ST_DAMAGES_T,INVESTMENT_REASON,STRING
rpt-network-plng,sitetracker_data,ST_DAMAGES_T,MATERIALS_RECEIVED_A,TIMESTAMP
rpt-network-plng,sitetracker_data,ST_DAMAGES_T,MATERIALS_RECEIVED_F,TIMESTAMP
rpt-network-plng,sitetracker_data,ST_DAMAGES_T,ORDER_MATERIALS_A,TIMESTAMP
rpt-network-plng,sitetracker_data,ST_DAMAGES_T,ORDER_MATERIALS_F,TIMESTAMP
rpt-network-plng,sitetracker_data,ST_DAMAGES_T,OSP_ENG_DIRECTOR_NAME,STRING
rpt-network-plng,sitetracker_data,ST_DAMAGES_T,OSP_MANAGER_NAME,STRING
rpt-network-plng,sitetracker_data,ST_DAMAGES_T,PERMITTING_RIGHT_OF_WAY_DEPENDENCIES_A,TIMESTAMP
rpt-network-plng,sitetracker_data,ST_DAMAGES_T,PERMITTING_RIGHT_OF_WAY_DEPENDENCIES_F,TIMESTAMP
rpt-network-plng,sitetracker_data,ST_DAMAGES_T,PLACING_A,TIMESTAMP
rpt-network-plng,sitetracker_data,ST_DAMAGES_T,PLACING_F,TIMESTAMP
rpt-network-plng,sitetracker_data,ST_DAMAGES_T,PRIMARY_WIRE_CENTER_ID,STRING
rpt-network-plng,sitetracker_data,ST_DAMAGES_T,PRIMARY_WIRE_CENTER_NAME,STRING
rpt-network-plng,sitetracker_data,ST_DAMAGES_T,PROGRAM_NAME,STRING
rpt-network-plng,sitetracker_data,ST_DAMAGES_T,PROJECT_AUDIT_COMMENTS,STRING
rpt-network-plng,sitetracker_data,ST_DAMAGES_T,PROJECT_AUDIT_REQUESTED,NUMERIC
rpt-network-plng,sitetracker_data,ST_DAMAGES_T,PROJECT_DESCRIPTION,STRING
rpt-network-plng,sitetracker_data,ST_DAMAGES_T,PROJECT_NAME,STRING
rpt-network-plng,sitetracker_data,ST_DAMAGES_T,PROJECT_STATUS_OVERRIDE,NUMERIC
rpt-network-plng,sitetracker_data,ST_DAMAGES_T,PROJECT_STATUS_OVERRIDE_REASON,STRING
rpt-network-plng,sitetracker_data,ST_DAMAGES_T,RECORD_UPDATES_FINAL_POST_A,TIMESTAMP
rpt-network-plng,sitetracker_data,ST_DAMAGES_T,RECORD_UPDATES_FINAL_POST_F,TIMESTAMP
rpt-network-plng,sitetracker_data,ST_DAMAGES_T,RELEASED_TO_CONSTRUCTION_A,TIMESTAMP
rpt-network-plng,sitetracker_data,ST_DAMAGES_T,RELEASED_TO_CONSTRUCTION_F,TIMESTAMP
rpt-network-plng,sitetracker_data,ST_DAMAGES_T,RESPONSIBLE_PERSON_NAME,STRING
rpt-network-plng,sitetracker_data,ST_DAMAGES_T,SAP_SYSTEM_STATUS,STRING
rpt-network-plng,sitetracker_data,ST_DAMAGES_T,SERVICE_AREA,STRING
rpt-network-plng,sitetracker_data,ST_DAMAGES_T,PROJECT_STATUS,STRING
rpt-network-plng,sitetracker_data,ST_DAMAGES_T,SOW_FORM,STRING
rpt-network-plng,sitetracker_data,ST_DAMAGES_T,ST_PROJECT_URL,STRING
rpt-network-plng,sitetracker_data,ST_DAMAGES_T,PROJECT_TYPE,STRING
rpt-network-plng,sitetracker_data,ST_DAMAGES_T,STATE,STRING
rpt-network-plng,sitetracker_data,ST_DAMAGES_T,SUBMIT_SPLICING_CUTOVER_A,TIMESTAMP
rpt-network-plng,sitetracker_data,ST_DAMAGES_T,SUBMIT_SPLICING_CUTOVER_F,TIMESTAMP
rpt-network-plng,sitetracker_data,ST_DAMAGES_T,TECHNICALLY_COMPLETE_A,TIMESTAMP
rpt-network-plng,sitetracker_data,ST_DAMAGES_T,TECHNICALLY_COMPLETE_F,TIMESTAMP
rpt-network-plng,sitetracker_data,ST_DAMAGES_T,UPLOAD_ASBUILTS_A,TIMESTAMP
rpt-network-plng,sitetracker_data,ST_DAMAGES_T,UPLOAD_ASBUILTS_F,TIMESTAMP
rpt-network-plng,sitetracker_data,ST_DAMAGES_T,VENDOR_CONTRACT_ASSIGNMENT,STRING
rpt-network-plng,sitetracker_data,ST_DAMAGES_T,VERB_CODE_AND_DESCRIPTION,STRING
rpt-network-plng,sitetracker_data,ST_DAMAGES_T,VERIFY_ACTUALS_A,TIMESTAMP
rpt-network-plng,sitetracker_data,ST_DAMAGES_T,VERIFY_ACTUALS_F,TIMESTAMP
rpt-network-plng,sitetracker_data,ST_DAMAGES_T,WRECKING_RESTORAL_A,TIMESTAMP
rpt-network-plng,sitetracker_data,ST_DAMAGES_T,WRECKING_RESTORAL_F,TIMESTAMP
rpt-network-plng,sitetracker_data,ST_DAMAGES_T,FUNDING_REQUEST_RECEIVED_A,TIMESTAMP
rpt-network-plng,sitetracker_data,ST_DAMAGES_T,FUNDING_REQUEST_RECEIVED_F,TIMESTAMP
rpt-network-plng,sitetracker_data,ST_DAMAGES_T,FUNDING_REQUEST_SUBMITTED_A,TIMESTAMP
rpt-network-plng,sitetracker_data,ST_DAMAGES_T,FUNDING_REQUEST_SUBMITTED_F,TIMESTAMP
rpt-network-plng,sitetracker_data,ST_DAMAGES_T,FURTHEST_COMPLETED_ACTIVITY,STRING
rpt-network-plng,sitetracker_data,ST_DAMAGES_T,FINALIZE_ALL_VENDOR_INVOICING_A,TIMESTAMP
rpt-network-plng,sitetracker_data,ST_DAMAGES_T,FINALIZE_ALL_VENDOR_INVOICING_F,TIMESTAMP
rpt-network-plng,sitetracker_data,ST_PERMITS_ALL_T,PERMIT_ID,STRING
rpt-network-plng,sitetracker_data,ST_PERMITS_ALL_T,ISDELETED_PROJ_PERMIT,NUMERIC
rpt-network-plng,sitetracker_data,ST_PERMITS_ALL_T,ADDRESS,STRING
rpt-network-plng,sitetracker_data,ST_PERMITS_ALL_T,AS_BUILT_APPROVED,TIMESTAMP
rpt-network-plng,sitetracker_data,ST_PERMITS_ALL_T,ST_PROJECT_ID,STRING
rpt-network-plng,sitetracker_data,ST_PERMITS_ALL_T,PROJECT_TYPE,STRING
rpt-network-plng,sitetracker_data,ST_PERMITS_ALL_T,SITE_PROJECT_TYPE_4FXP,STRING
rpt-network-plng,sitetracker_data,ST_PERMITS_ALL_T,AGENCY_CONTACT,STRING
rpt-network-plng,sitetracker_data,ST_PERMITS_ALL_T,AGENCY_EMAIL,STRING
rpt-network-plng,sitetracker_data,ST_PERMITS_ALL_T,AGENCY_NAME,STRING
rpt-network-plng,sitetracker_data,ST_PERMITS_ALL_T,AGENCY_PHONE,STRING
rpt-network-plng,sitetracker_data,ST_PERMITS_ALL_T,APPROVED_PERMIT_EXPIRE,TIMESTAMP
rpt-network-plng,sitetracker_data,ST_PERMITS_ALL_T,AS_BUILT_STATUS,STRING
rpt-network-plng,sitetracker_data,ST_PERMITS_ALL_T,AS_BUILT_SUBMITTED,TIMESTAMP
rpt-network-plng,sitetracker_data,ST_PERMITS_ALL_T,AS_BUILT_SURVEY_COMPLETE,TIMESTAMP
rpt-network-plng,sitetracker_data,ST_PERMITS_ALL_T,AS_BUILT_SURVEY_ECD,TIMESTAMP
rpt-network-plng,sitetracker_data,ST_PERMITS_ALL_T,AS_BUILT_SURVEY_PAID,TIMESTAMP
rpt-network-plng,sitetracker_data,ST_PERMITS_ALL_T,AS_BUILT_SURVEY_START,TIMESTAMP
rpt-network-plng,sitetracker_data,ST_PERMITS_ALL_T,AUTHORIZE_TO_PROCEED_RECEIVED_,TIMESTAMP
rpt-network-plng,sitetracker_data,ST_PERMITS_ALL_T,AUTOMATED_ETA_DATE,TIMESTAMP
rpt-network-plng,sitetracker_data,ST_PERMITS_ALL_T,AVERAGE_INTERVAL,NUMERIC
rpt-network-plng,sitetracker_data,ST_PERMITS_ALL_T,CITY,STRING
rpt-network-plng,sitetracker_data,ST_PERMITS_ALL_T,COMMENTS,STRING
rpt-network-plng,sitetracker_data,ST_PERMITS_ALL_T,CONSTRUCTION_COMPLETE,TIMESTAMP
rpt-network-plng,sitetracker_data,ST_PERMITS_ALL_T,CONSTRUCTION_COORDINATOR,STRING
rpt-network-plng,sitetracker_data,ST_PERMITS_ALL_T,CONSTRUCTION_POC,STRING
rpt-network-plng,sitetracker_data,ST_PERMITS_ALL_T,COUNT_OF_OTHER_LUMEN_SYSTEM_OR,NUMERIC
rpt-network-plng,sitetracker_data,ST_PERMITS_ALL_T,COUNTRY,STRING
rpt-network-plng,sitetracker_data,ST_PERMITS_ALL_T,COUNTY,STRING
rpt-network-plng,sitetracker_data,ST_PERMITS_ALL_T,CREATEDBYID,STRING
rpt-network-plng,sitetracker_data,ST_PERMITS_ALL_T,CREATEDBY,STRING
rpt-network-plng,sitetracker_data,ST_PERMITS_ALL_T,CREATEDDATE,TIMESTAMP
rpt-network-plng,sitetracker_data,ST_PERMITS_ALL_T,CURRENCYISOCODE,STRING
rpt-network-plng,sitetracker_data,ST_PERMITS_ALL_T,DESCRIPTION,STRING
rpt-network-plng,sitetracker_data,ST_PERMITS_ALL_T,ENGINEER,STRING
rpt-network-plng,sitetracker_data,ST_PERMITS_ALL_T,ENVIRONMENTAL_CLEARANCE,TIMESTAMP
rpt-network-plng,sitetracker_data,ST_PERMITS_ALL_T,ENVIRONMENTAL_CLEARANCE_APPROV,STRING
rpt-network-plng,sitetracker_data,ST_PERMITS_ALL_T,ENVIRONMENTAL_STUDY_REQUIRED__,STRING
rpt-network-plng,sitetracker_data,ST_PERMITS_ALL_T,FIELD_OPERATIONS,STRING
rpt-network-plng,sitetracker_data,ST_PERMITS_ALL_T,FIREWORKS_PROJECT_NUMBER,STRING
rpt-network-plng,sitetracker_data,ST_PERMITS_ALL_T,FIREWORKS_PROJECT_NUMBER_STAND,STRING
rpt-network-plng,sitetracker_data,ST_PERMITS_ALL_T,GIS_BUSINESS_DAYS,NUMERIC
rpt-network-plng,sitetracker_data,ST_PERMITS_ALL_T,GIS_BUSINESS_DAYS_NUMBER,NUMERIC
rpt-network-plng,sitetracker_data,ST_PERMITS_ALL_T,GIS_LATITUDE,STRING
rpt-network-plng,sitetracker_data,ST_PERMITS_ALL_T,GIS_LONGITUDE,STRING
rpt-network-plng,sitetracker_data,ST_PERMITS_ALL_T,GIS_NAME,STRING
rpt-network-plng,sitetracker_data,ST_PERMITS_ALL_T,GIS_PLACENAME,STRING
rpt-network-plng,sitetracker_data,ST_PERMITS_ALL_T,GIS_RESPONSE_DATE,TIMESTAMP
rpt-network-plng,sitetracker_data,ST_PERMITS_ALL_T,GIS_STATE,STRING
rpt-network-plng,sitetracker_data,ST_PERMITS_ALL_T,GIS_SWC,STRING
rpt-network-plng,sitetracker_data,ST_PERMITS_ALL_T,GIS_THIRD_PARTY_DAYS,NUMERIC
rpt-network-plng,sitetracker_data,ST_PERMITS_ALL_T,LEGACY_COMPANY,STRING
rpt-network-plng,sitetracker_data,ST_PERMITS_ALL_T,LINK_TO_PROJECT,NUMERIC
rpt-network-plng,sitetracker_data,ST_PERMITS_ALL_T,LOC_AERIAL_SLA,NUMERIC
rpt-network-plng,sitetracker_data,ST_PERMITS_ALL_T,LOC_CITY_SLA,NUMERIC
rpt-network-plng,sitetracker_data,ST_PERMITS_ALL_T,LOC_CONSTRUCTION,NUMERIC
rpt-network-plng,sitetracker_data,ST_PERMITS_ALL_T,LOC_COUNTY_SLA,NUMERIC
rpt-network-plng,sitetracker_data,ST_PERMITS_ALL_T,LOC_DOTROW_SLA,NUMERIC
rpt-network-plng,sitetracker_data,ST_PERMITS_ALL_T,LOC_DOTXING_SLA,NUMERIC
rpt-network-plng,sitetracker_data,ST_PERMITS_ALL_T,LOC_FEDERAL_SLA,NUMERIC
rpt-network-plng,sitetracker_data,ST_PERMITS_ALL_T,LOC_SS_ENG,NUMERIC
rpt-network-plng,sitetracker_data,ST_PERMITS_ALL_T,LOC_THIRD_PARTY_SLA,NUMERIC
rpt-network-plng,sitetracker_data,ST_PERMITS_ALL_T,LOC_UNDERGROUND_SLA,NUMERIC
rpt-network-plng,sitetracker_data,ST_PERMITS_ALL_T,LOC_WATER_SLA,NUMERIC
rpt-network-plng,sitetracker_data,ST_PERMITS_ALL_T,LOCATION_DESCRIPTION,STRING
rpt-network-plng,sitetracker_data,ST_PERMITS_ALL_T,MAP,STRING
rpt-network-plng,sitetracker_data,ST_PERMITS_ALL_T,NAT_AERIAL_SLA,NUMERIC
rpt-network-plng,sitetracker_data,ST_PERMITS_ALL_T,NAT_CITY_SLA,NUMERIC
rpt-network-plng,sitetracker_data,ST_PERMITS_ALL_T,NAT_CONSTRUCTION,NUMERIC
rpt-network-plng,sitetracker_data,ST_PERMITS_ALL_T,NAT_COUNTY_SLA,NUMERIC
rpt-network-plng,sitetracker_data,ST_PERMITS_ALL_T,NAT_DOTROW_SLA,NUMERIC
rpt-network-plng,sitetracker_data,ST_PERMITS_ALL_T,NAT_DOTXING_SLA,NUMERIC
rpt-network-plng,sitetracker_data,ST_PERMITS_ALL_T,NAT_FEDERAL_SLA,NUMERIC
rpt-network-plng,sitetracker_data,ST_PERMITS_ALL_T,NAT_SS_ENG,NUMERIC
rpt-network-plng,sitetracker_data,ST_PERMITS_ALL_T,NAT_THIRD_PARTY_SLA,NUMERIC
rpt-network-plng,sitetracker_data,ST_PERMITS_ALL_T,NAT_UNDERGROUND_SLA,NUMERIC
rpt-network-plng,sitetracker_data,ST_PERMITS_ALL_T,NAT_WATER_SLA,NUMERIC
rpt-network-plng,sitetracker_data,ST_PERMITS_ALL_T,NOTES,STRING
rpt-network-plng,sitetracker_data,ST_PERMITS_ALL_T,OWNERID,STRING
rpt-network-plng,sitetracker_data,ST_PERMITS_ALL_T,PAYMENT_OPTION,STRING
rpt-network-plng,sitetracker_data,ST_PERMITS_ALL_T,PE_NAME,STRING
rpt-network-plng,sitetracker_data,ST_PERMITS_ALL_T,PE_REQUIRED,STRING
rpt-network-plng,sitetracker_data,ST_PERMITS_ALL_T,PERMIT_AGENCY_REJECTION,STRING
rpt-network-plng,sitetracker_data,ST_PERMITS_ALL_T,PERMIT_APPROVED,TIMESTAMP
rpt-network-plng,sitetracker_data,ST_PERMITS_ALL_T,PERMIT_ASBUILT_NEEDED,STRING
rpt-network-plng,sitetracker_data,ST_PERMITS_ALL_T,PERMIT_COST,NUMERIC
rpt-network-plng,sitetracker_data,ST_PERMITS_ALL_T,PERMIT_ENVIRONMENT,STRING
rpt-network-plng,sitetracker_data,ST_PERMITS_ALL_T,PERMIT_ETA,TIMESTAMP
rpt-network-plng,sitetracker_data,ST_PERMITS_ALL_T,PERMIT_EXP_CONSTRUCTION,TIMESTAMP
rpt-network-plng,sitetracker_data,ST_PERMITS_ALL_T,PERMIT_LATITUDE,STRING
rpt-network-plng,sitetracker_data,ST_PERMITS_ALL_T,PERMIT_LEGACY_COMPANY,STRING
rpt-network-plng,sitetracker_data,ST_PERMITS_ALL_T,PERMIT_LONGITUDE,STRING
rpt-network-plng,sitetracker_data,ST_PERMITS_ALL_T,PERMIT_NUMBER,STRING
rpt-network-plng,sitetracker_data,ST_PERMITS_ALL_T,PERMIT_ORIGINATOR,STRING
rpt-network-plng,sitetracker_data,ST_PERMITS_ALL_T,PERMIT_RE_WORK,STRING
rpt-network-plng,sitetracker_data,ST_PERMITS_ALL_T,PERMIT_REQUEST_SUBMITTED_TO_VE,TIMESTAMP
rpt-network-plng,sitetracker_data,ST_PERMITS_ALL_T,PERMIT_STATUS,STRING
rpt-network-plng,sitetracker_data,ST_PERMITS_ALL_T,PERMIT_SUBMITTED,TIMESTAMP
rpt-network-plng,sitetracker_data,ST_PERMITS_ALL_T,PERMIT_TYPE_PROJ_PERMIT,STRING
rpt-network-plng,sitetracker_data,ST_PERMITS_ALL_T,PHYSICAL_WORK_LOCATION,STRING
rpt-network-plng,sitetracker_data,ST_PERMITS_ALL_T,PRIMARY_WIRE_CENTER_ID,STRING
rpt-network-plng,sitetracker_data,ST_PERMITS_ALL_T,RAILROAD_SUB_TYPE,STRING
rpt-network-plng,sitetracker_data,ST_PERMITS_ALL_T,RANGE_,STRING
rpt-network-plng,sitetracker_data,ST_PERMITS_ALL_T,REJECTED_DATE,TIMESTAMP
rpt-network-plng,sitetracker_data,ST_PERMITS_ALL_T,REQUESTING_AGENCY_PROJECT_ID__,STRING
rpt-network-plng,sitetracker_data,ST_PERMITS_ALL_T,RESUBMIT,TIMESTAMP
rpt-network-plng,sitetracker_data,ST_PERMITS_ALL_T,RESUBMIT_ETA,TIMESTAMP
rpt-network-plng,sitetracker_data,ST_PERMITS_ALL_T,RESUBMITTAL_COUNT,STRING
rpt-network-plng,sitetracker_data,ST_PERMITS_ALL_T,RESUBMITTAL_REASON,STRING
rpt-network-plng,sitetracker_data,ST_PERMITS_ALL_T,SCOPE_OF_WORK,STRING
rpt-network-plng,sitetracker_data,ST_PERMITS_ALL_T,SECTION,STRING
rpt-network-plng,sitetracker_data,ST_PERMITS_ALL_T,SITETRACKER_PROJECT,STRING
rpt-network-plng,sitetracker_data,ST_PERMITS_ALL_T,STANDALONE_LEGACY_COMPANY,STRING
rpt-network-plng,sitetracker_data,ST_PERMITS_ALL_T,STANDALONE_PERMIT,STRING
rpt-network-plng,sitetracker_data,ST_PERMITS_ALL_T,STATE,STRING
rpt-network-plng,sitetracker_data,ST_PERMITS_ALL_T,SWC,STRING
rpt-network-plng,sitetracker_data,ST_PERMITS_ALL_T,SYSTEMMODSTAMP_PROJ_PERMIT,TIMESTAMP
rpt-network-plng,sitetracker_data,ST_PERMITS_ALL_T,TCP,STRING
rpt-network-plng,sitetracker_data,ST_PERMITS_ALL_T,TCP_APPROVED,TIMESTAMP
rpt-network-plng,sitetracker_data,ST_PERMITS_ALL_T,THIRD_PARTY_DAYS,NUMERIC
rpt-network-plng,sitetracker_data,ST_PERMITS_ALL_T,TOWNSHIP,STRING
rpt-network-plng,sitetracker_data,ST_PERMITS_ALL_T,UPDATED_ETA,TIMESTAMP
rpt-network-plng,sitetracker_data,ST_PERMITS_ALL_T,VENDOR_COMPANY_EMAIL,STRING
rpt-network-plng,sitetracker_data,ST_PERMITS_ALL_T,VENDOR_COMPANY_NAME,STRING
rpt-network-plng,sitetracker_data,ST_PERMITS_ALL_T,VENDOR_SUBMITTAL_Y_N,STRING
rpt-network-plng,sitetracker_data,ST_PERMITS_ALL_T,ZIP_CODE,STRING
rpt-network-plng,sitetracker_data,ST_PERMITS_ALL_T,OTHER_COMMENTS,STRING
rpt-network-plng,sitetracker_data,ST_PERMITS_ALL_T,OTHER_LUMEN_SYSTEM,STRING
rpt-network-plng,sitetracker_data,ST_PERMITS_ALL_T,OTHER_LUMEN_SYSTEM_ID,STRING
rpt-network-plng,sitetracker_data,ST_PERMITS_ALL_T,SITETRACKER_PROJECT_PERMIT,STRING
rpt-network-plng,sitetracker_data,ST_PERMITS_ALL_T,NAME,STRING
rpt-network-plng,sitetracker_data,ST_PERMITS_ALL_T,PERMIT_TYPE,STRING
rpt-network-plng,sitetracker_data,ST_PERMITS_ALL_T,PROJECT_PERMIT_UNIQUE,STRING
rpt-network-plng,sitetracker_data,ST_PERMITS_ALL_T,ST_PERMIT_KEY,STRING
rpt-network-plng,sitetracker_data,ST_PERMITS_ALL_T,ST_PROJECT_KEY,STRING
rpt-network-plng,sitetracker_data,ST_PERMITS_ALL_T,LASTMODIFIEDBYID_KEY,STRING
rpt-network-plng,sitetracker_data,ST_PERMITS_ALL_T,LASTMODIFIEDBYID_PROJ_PERMIT,STRING
rpt-network-plng,sitetracker_data,ST_PERMITS_ALL_T,LASTACTIVITYDATE,TIMESTAMP
rpt-network-plng,sitetracker_data,ST_PERMITS_ALL_T,ID_PROJ_PERMIT_ID,STRING
rpt-network-plng,sitetracker_data,ST_PERMITS_ALL_T,LASTMODIFIEDDATE_PROJ_PERMIT,TIMESTAMP
rpt-network-plng,sitetracker_data,ST_PERMITS_ALL_T,META_LOAD_DTTM,DATE
rpt-network-plng,sitetracker_data,ST_FXP_PHASES_T,ST_PROJECT_ID,STRING
rpt-network-plng,sitetracker_data,ST_FXP_PHASES_T,PROJECT_TYPE,STRING
rpt-network-plng,sitetracker_data,ST_FXP_PHASES_T,REGION,STRING
rpt-network-plng,sitetracker_data,ST_FXP_PHASES_T,STATE,STRING
rpt-network-plng,sitetracker_data,ST_FXP_PHASES_T,COUNTY,STRING
rpt-network-plng,sitetracker_data,ST_FXP_PHASES_T,CITY,STRING
rpt-network-plng,sitetracker_data,ST_FXP_PHASES_T,EXCHANGE_NAME,STRING
rpt-network-plng,sitetracker_data,ST_FXP_PHASES_T,EXCHANGE,STRING
rpt-network-plng,sitetracker_data,ST_FXP_PHASES_T,COMPANY_CODE,STRING
rpt-network-plng,sitetracker_data,ST_FXP_PHASES_T,LEGACY_COMPANY,STRING
rpt-network-plng,sitetracker_data,ST_FXP_PHASES_T,MARKET_CLUSTER,STRING
rpt-network-plng,sitetracker_data,ST_FXP_PHASES_T,PRIMARY_WIRE_CENTER_ID,STRING
rpt-network-plng,sitetracker_data,ST_FXP_PHASES_T,PRIMARY_WIRE_CENTER_NAME,STRING
rpt-network-plng,sitetracker_data,ST_FXP_PHASES_T,FW_PROJECT_ID,STRING
rpt-network-plng,sitetracker_data,ST_FXP_PHASES_T,CONSTRUCTION_COORDINATOR_NAME,STRING
rpt-network-plng,sitetracker_data,ST_FXP_PHASES_T,CONSTRUCTION_COORDINATOR_CUID,STRING
rpt-network-plng,sitetracker_data,ST_FXP_PHASES_T,GPON_PM_NAME,STRING
rpt-network-plng,sitetracker_data,ST_FXP_PHASES_T,GPON_PM_CUID,STRING
rpt-network-plng,sitetracker_data,ST_FXP_PHASES_T,IMPLEMENTATION_PM_NAME,STRING
rpt-network-plng,sitetracker_data,ST_FXP_PHASES_T,IMPLEMENTATION_PM_CUID,STRING
rpt-network-plng,sitetracker_data,ST_FXP_PHASES_T,MARKETING_PM_NAME,STRING
rpt-network-plng,sitetracker_data,ST_FXP_PHASES_T,MARKETING_PM_CUID,STRING
rpt-network-plng,sitetracker_data,ST_FXP_PHASES_T,OSP_ENGINEER_NAME,STRING
rpt-network-plng,sitetracker_data,ST_FXP_PHASES_T,OSP_ENGINEER_CUID,STRING
rpt-network-plng,sitetracker_data,ST_FXP_PHASES_T,OSP_ENG_DIRECTOR_NAME,STRING
rpt-network-plng,sitetracker_data,ST_FXP_PHASES_T,OSP_ENG_DIRECTOR_CUID,STRING
rpt-network-plng,sitetracker_data,ST_FXP_PHASES_T,OSP_MANAGER_NAME,STRING
rpt-network-plng,sitetracker_data,ST_FXP_PHASES_T,OSP_MANAGER_CUID,STRING
rpt-network-plng,sitetracker_data,ST_FXP_PHASES_T,PLANNER_NAME,STRING
rpt-network-plng,sitetracker_data,ST_FXP_PHASES_T,PLANNER_CUID,STRING
rpt-network-plng,sitetracker_data,ST_FXP_PHASES_T,PLANNING_MANAGER_NAME,STRING
rpt-network-plng,sitetracker_data,ST_FXP_PHASES_T,PLANNING_MANAGER_CUID,STRING
rpt-network-plng,sitetracker_data,ST_FXP_PHASES_T,RESPONSIBLE_PERSON_NAME,STRING
rpt-network-plng,sitetracker_data,ST_FXP_PHASES_T,RESPONSIBLE_PERSON_CUID,STRING
rpt-network-plng,sitetracker_data,ST_FXP_PHASES_T,SALES_ENGINEER_NAME,STRING
rpt-network-plng,sitetracker_data,ST_FXP_PHASES_T,SALES_ENGINEER_CUID,STRING
rpt-network-plng,sitetracker_data,ST_FXP_PHASES_T,SPLICING_SUPERVISOR_NAME,STRING
rpt-network-plng,sitetracker_data,ST_FXP_PHASES_T,SPLICING_SUPERVISOR_CUID,STRING
rpt-network-plng,sitetracker_data,ST_FXP_PHASES_T,ONA,STRING
rpt-network-plng,sitetracker_data,ST_FXP_PHASES_T,ONA_CUID,STRING
rpt-network-plng,sitetracker_data,ST_FXP_PHASES_T,LAST_MODIFIED_BY_NAME,STRING
rpt-network-plng,sitetracker_data,ST_FXP_PHASES_T,LAST_MODIFIED_BY_CUID,STRING
rpt-network-plng,sitetracker_data,ST_FXP_PHASES_T,SL_NAME,STRING
rpt-network-plng,sitetracker_data,ST_FXP_PHASES_T,SL_CUID,STRING
rpt-network-plng,sitetracker_data,ST_FXP_PHASES_T,ORIGINAL_ECD_NCD,TIMESTAMP
rpt-network-plng,sitetracker_data,ST_FXP_PHASES_T,MODIFIED_ECD,TIMESTAMP
rpt-network-plng,sitetracker_data,ST_FXP_PHASES_T,ECD_LOGIC,TIMESTAMP
rpt-network-plng,sitetracker_data,ST_FXP_PHASES_T,ML_ECD_LOGIC,TIMESTAMP
rpt-network-plng,sitetracker_data,ST_FXP_PHASES_T,ADDRESS,STRING
rpt-network-plng,sitetracker_data,ST_FXP_PHASES_T,ADDRESS_QUALIFICATION,STRING
rpt-network-plng,sitetracker_data,ST_FXP_PHASES_T,BUILD_OR_NO_BUILD,STRING
rpt-network-plng,sitetracker_data,ST_FXP_PHASES_T,BURIED_AERIAL_CONDUIT,STRING
rpt-network-plng,sitetracker_data,ST_FXP_PHASES_T,CAPITAL_APPROVAL_CODE,STRING
rpt-network-plng,sitetracker_data,ST_FXP_PHASES_T,CONSTRUCTION_CATEGORY_1,STRING
rpt-network-plng,sitetracker_data,ST_FXP_PHASES_T,CONSTRUCTION_CATEGORY_2,STRING
rpt-network-plng,sitetracker_data,ST_FXP_PHASES_T,CONSTRUCTION_COORD_SPLICING_SUPERVISOR,NUMERIC
rpt-network-plng,sitetracker_data,ST_FXP_PHASES_T,CONSTRUCTION_VENDOR_1,STRING
rpt-network-plng,sitetracker_data,ST_FXP_PHASES_T,CONSTRUCTION_VENDOR_2,STRING
rpt-network-plng,sitetracker_data,ST_FXP_PHASES_T,CREATED_DATE,TIMESTAMP
rpt-network-plng,sitetracker_data,ST_FXP_PHASES_T,CREATE_POLYGON_A,TIMESTAMP
rpt-network-plng,sitetracker_data,ST_FXP_PHASES_T,CREATE_POLYGON_F,TIMESTAMP
rpt-network-plng,sitetracker_data,ST_FXP_PHASES_T,CURRENT_OPEN_ACTIVITY,STRING
rpt-network-plng,sitetracker_data,ST_FXP_PHASES_T,DATE_AUDIT_COMPLETED,TIMESTAMP
rpt-network-plng,sitetracker_data,ST_FXP_PHASES_T,DATE_AUDIT_STARTED,TIMESTAMP
rpt-network-plng,sitetracker_data,ST_FXP_PHASES_T,DATE_OF_POST,TIMESTAMP
rpt-network-plng,sitetracker_data,ST_FXP_PHASES_T,ENGINEER_REVIEWS_POLYGON_COMPLETE_A,TIMESTAMP
rpt-network-plng,sitetracker_data,ST_FXP_PHASES_T,ENGINEER_REVIEWS_POLYGON_COMPLETE_F,TIMESTAMP
rpt-network-plng,sitetracker_data,ST_FXP_PHASES_T,ENGINEERING_STATE,STRING
rpt-network-plng,sitetracker_data,ST_FXP_PHASES_T,FIRST_OCCUPANCY_TGT_DT,TIMESTAMP
rpt-network-plng,sitetracker_data,ST_FXP_PHASES_T,FLAG_FOR_DELETION,NUMERIC
rpt-network-plng,sitetracker_data,ST_FXP_PHASES_T,FLAG_FOR_MIGRATION,NUMERIC
rpt-network-plng,sitetracker_data,ST_FXP_PHASES_T,FURTHEST_COMPLETED_ACTIVITY,STRING
rpt-network-plng,sitetracker_data,ST_FXP_PHASES_T,GOOGLE_ADDRESS_VALIDATION_FALLOUT_A,TIMESTAMP
rpt-network-plng,sitetracker_data,ST_FXP_PHASES_T,GOOGLE_ADDRESS_VALIDATION_FALLOUT_F,TIMESTAMP
rpt-network-plng,sitetracker_data,ST_FXP_PHASES_T,GOOGLE_UPDATE_REQUEST_A,TIMESTAMP
rpt-network-plng,sitetracker_data,ST_FXP_PHASES_T,GOOGLE_UPDATE_REQUEST_F,TIMESTAMP
rpt-network-plng,sitetracker_data,ST_FXP_PHASES_T,HELD_ORDER_ID,STRING
rpt-network-plng,sitetracker_data,ST_FXP_PHASES_T,IMP_PM_OUT_OF_SYNC_WITH_SALESFORCE,NUMERIC
rpt-network-plng,sitetracker_data,ST_FXP_PHASES_T,IMPLEMENTATION_A,TIMESTAMP
rpt-network-plng,sitetracker_data,ST_FXP_PHASES_T,IMPLEMENTATION_F,TIMESTAMP
rpt-network-plng,sitetracker_data,ST_FXP_PHASES_T,INVENTORY_COMPLETE_A,TIMESTAMP
rpt-network-plng,sitetracker_data,ST_FXP_PHASES_T,INVENTORY_COMPLETE_F,TIMESTAMP
rpt-network-plng,sitetracker_data,ST_FXP_PHASES_T,INVENTORY_STACK,STRING
rpt-network-plng,sitetracker_data,ST_FXP_PHASES_T,INVESTMENT_REASON,STRING
rpt-network-plng,sitetracker_data,ST_FXP_PHASES_T,JOINT_TRENCH_READY_DATE,TIMESTAMP
rpt-network-plng,sitetracker_data,ST_FXP_PHASES_T,LAST_MODIFIED_DATE,TIMESTAMP
rpt-network-plng,sitetracker_data,ST_FXP_PHASES_T,LATITUDE,STRING
rpt-network-plng,sitetracker_data,ST_FXP_PHASES_T,LOAD_KMZ_FILE_INTERVAL_TABLES_A,TIMESTAMP
rpt-network-plng,sitetracker_data,ST_FXP_PHASES_T,LOAD_KMZ_FILE_INTERVAL_TABLES_F,TIMESTAMP
rpt-network-plng,sitetracker_data,ST_FXP_PHASES_T,LONGITUDE,STRING
rpt-network-plng,sitetracker_data,ST_FXP_PHASES_T,MATERIALS_RECEIVED_A,TIMESTAMP
rpt-network-plng,sitetracker_data,ST_FXP_PHASES_T,MATERIALS_RECEIVED_F,TIMESTAMP
rpt-network-plng,sitetracker_data,ST_FXP_PHASES_T,NDS_PROJECT_NAME,STRING
rpt-network-plng,sitetracker_data,ST_FXP_PHASES_T,NDS_PROJECT_NUMBER,STRING
rpt-network-plng,sitetracker_data,ST_FXP_PHASES_T,NDS_USER_ID,STRING
rpt-network-plng,sitetracker_data,ST_FXP_PHASES_T,NOTIFY_MARKETING_A,TIMESTAMP
rpt-network-plng,sitetracker_data,ST_FXP_PHASES_T,NOTIFY_MARKETING_F,TIMESTAMP
rpt-network-plng,sitetracker_data,ST_FXP_PHASES_T,NUMBER_OF_BUILD_LUS,NUMERIC
rpt-network-plng,sitetracker_data,ST_FXP_PHASES_T,NUMBER_OF_CONSTRUCTED_SERVICE_LOCATIONS,NUMERIC
rpt-network-plng,sitetracker_data,ST_FXP_PHASES_T,NUMBER_OF_INVENTORIED_SERVICE_LOCATIONS,NUMERIC
rpt-network-plng,sitetracker_data,ST_FXP_PHASES_T,NUM_OF_LUS,NUMERIC
rpt-network-plng,sitetracker_data,ST_FXP_PHASES_T,OSP_CONSTRUCTION_COMPLETE_A,TIMESTAMP
rpt-network-plng,sitetracker_data,ST_FXP_PHASES_T,OSP_CONSTRUCTION_COMPLETE_F,TIMESTAMP
rpt-network-plng,sitetracker_data,ST_FXP_PHASES_T,OSP_CONSTRUCTION_START_A,TIMESTAMP
rpt-network-plng,sitetracker_data,ST_FXP_PHASES_T,OSP_CONSTRUCTION_START_F,TIMESTAMP
rpt-network-plng,sitetracker_data,ST_FXP_PHASES_T,PARTIAL_RFS_RECEIVED,TIMESTAMP
rpt-network-plng,sitetracker_data,ST_FXP_PHASES_T,PHASE_LUS_OUT_OF_SYNC_WITH_SALESFORCE,NUMERIC
rpt-network-plng,sitetracker_data,ST_FXP_PHASES_T,PLACING_A,TIMESTAMP
rpt-network-plng,sitetracker_data,ST_FXP_PHASES_T,PLACING_F,TIMESTAMP
rpt-network-plng,sitetracker_data,ST_FXP_PHASES_T,POLYGON_ECD,TIMESTAMP
rpt-network-plng,sitetracker_data,ST_FXP_PHASES_T,POLYGON_ID,STRING
rpt-network-plng,sitetracker_data,ST_FXP_PHASES_T,POLYGON_IN_PRODUCTION_A,TIMESTAMP
rpt-network-plng,sitetracker_data,ST_FXP_PHASES_T,POLYGON_IN_PRODUCTION_F,TIMESTAMP
rpt-network-plng,sitetracker_data,ST_FXP_PHASES_T,POLYGON_IN_SERVICE,STRING
rpt-network-plng,sitetracker_data,ST_FXP_PHASES_T,POLYGON_IN_SERVICE_DATE,TIMESTAMP
rpt-network-plng,sitetracker_data,ST_FXP_PHASES_T,POLYGON_STATUS,STRING
rpt-network-plng,sitetracker_data,ST_FXP_PHASES_T,PREMISE_EQUIPMENT_INSTALLED_A,TIMESTAMP
rpt-network-plng,sitetracker_data,ST_FXP_PHASES_T,PREMISE_EQUIPMENT_INSTALLED_F,TIMESTAMP
rpt-network-plng,sitetracker_data,ST_FXP_PHASES_T,PREMISE_READY,TIMESTAMP
rpt-network-plng,sitetracker_data,ST_FXP_PHASES_T,PROGRAM_NAME,STRING
rpt-network-plng,sitetracker_data,ST_FXP_PHASES_T,PROJECT_AUDIT_COMMENTS,STRING
rpt-network-plng,sitetracker_data,ST_FXP_PHASES_T,PROJECT_AUDIT_REQUESTED,NUMERIC
rpt-network-plng,sitetracker_data,ST_FXP_PHASES_T,PROJECT_COMMENTS_HISTORY_LONG_TEXT,STRING
rpt-network-plng,sitetracker_data,ST_FXP_PHASES_T,PROJECT_COMMENTS_LONG_TEXT,STRING
rpt-network-plng,sitetracker_data,ST_FXP_PHASES_T,PROJECT_DESCRIPTION,STRING
rpt-network-plng,sitetracker_data,ST_FXP_PHASES_T,PROJECT_NAME,STRING
rpt-network-plng,sitetracker_data,ST_FXP_PHASES_T,PROVISIONING_COMPLETE_A,TIMESTAMP
rpt-network-plng,sitetracker_data,ST_FXP_PHASES_T,PROVISIONING_COMPLETE_F,TIMESTAMP
rpt-network-plng,sitetracker_data,ST_FXP_PHASES_T,REJECT_FLAG,NUMERIC
rpt-network-plng,sitetracker_data,ST_FXP_PHASES_T,RELATED_PROJECT_S_IMPLEMENTATION_A,TIMESTAMP
rpt-network-plng,sitetracker_data,ST_FXP_PHASES_T,RELATED_PROJECT_S_IMPLEMENTATION_F,TIMESTAMP
rpt-network-plng,sitetracker_data,ST_FXP_PHASES_T,RELEASED_TO_CONSTRUCTION_A,TIMESTAMP
rpt-network-plng,sitetracker_data,ST_FXP_PHASES_T,RELEASED_TO_CONSTRUCTION_F,TIMESTAMP
rpt-network-plng,sitetracker_data,ST_FXP_PHASES_T,SF_PHASE_RECORD,STRING
rpt-network-plng,sitetracker_data,ST_FXP_PHASES_T,SAP_SYSTEM_STATUS,STRING
rpt-network-plng,sitetracker_data,ST_FXP_PHASES_T,SEGMENT,STRING
rpt-network-plng,sitetracker_data,ST_FXP_PHASES_T,SERVICE_AREA,STRING
rpt-network-plng,sitetracker_data,ST_FXP_PHASES_T,PROJECT_STATUS,STRING
rpt-network-plng,sitetracker_data,ST_FXP_PHASES_T,PROJECT_STATUS_OVERRIDE,NUMERIC
rpt-network-plng,sitetracker_data,ST_FXP_PHASES_T,PROJECT_STATUS_OVERRIDE_REASON,STRING
rpt-network-plng,sitetracker_data,ST_FXP_PHASES_T,SITE_NAME,STRING
rpt-network-plng,sitetracker_data,ST_FXP_PHASES_T,SOW_FORM,STRING
rpt-network-plng,sitetracker_data,ST_FXP_PHASES_T,SPLICING_A,TIMESTAMP
rpt-network-plng,sitetracker_data,ST_FXP_PHASES_T,SPLICING_F,TIMESTAMP
rpt-network-plng,sitetracker_data,ST_FXP_PHASES_T,STAR_ID_1,STRING
rpt-network-plng,sitetracker_data,ST_FXP_PHASES_T,STAR_ID_2,STRING
rpt-network-plng,sitetracker_data,ST_FXP_PHASES_T,STAR_ID_3,STRING
rpt-network-plng,sitetracker_data,ST_FXP_PHASES_T,STAR_ID_4,STRING
rpt-network-plng,sitetracker_data,ST_FXP_PHASES_T,STAR_ID_5,STRING
rpt-network-plng,sitetracker_data,ST_FXP_PHASES_T,STAR_ID_6,STRING
rpt-network-plng,sitetracker_data,ST_FXP_PHASES_T,STAR_ID_7,STRING
rpt-network-plng,sitetracker_data,ST_FXP_PHASES_T,STAR_ID_8,STRING
rpt-network-plng,sitetracker_data,ST_FXP_PHASES_T,STAR_ID_9,STRING
rpt-network-plng,sitetracker_data,ST_FXP_PHASES_T,STAR_ID_10,STRING
rpt-network-plng,sitetracker_data,ST_FXP_PHASES_T,STAR_ID_11,STRING
rpt-network-plng,sitetracker_data,ST_FXP_PHASES_T,STAR_ID_12,STRING
rpt-network-plng,sitetracker_data,ST_FXP_PHASES_T,STAR_ID_13,STRING
rpt-network-plng,sitetracker_data,ST_FXP_PHASES_T,STAR_ID_14,STRING
rpt-network-plng,sitetracker_data,ST_FXP_PHASES_T,STAR_ID_15,STRING
rpt-network-plng,sitetracker_data,ST_FXP_PHASES_T,STAR_ID_16,STRING
rpt-network-plng,sitetracker_data,ST_FXP_PHASES_T,STAR_ID_17,STRING
rpt-network-plng,sitetracker_data,ST_FXP_PHASES_T,STAR_ID_18,STRING
rpt-network-plng,sitetracker_data,ST_FXP_PHASES_T,STAR_ID_19,STRING
rpt-network-plng,sitetracker_data,ST_FXP_PHASES_T,STAR_ID_20,STRING
rpt-network-plng,sitetracker_data,ST_FXP_PHASES_T,TECH_RESOURCES_IN_SALESFORCE,STRING
rpt-network-plng,sitetracker_data,ST_FXP_PHASES_T,THIRD_PARTY_MAKE_READY_ESTIMATE_COMPLETE,TIMESTAMP
rpt-network-plng,sitetracker_data,ST_FXP_PHASES_T,TURNED_UP_MARKET_LAUNCH_A,TIMESTAMP
rpt-network-plng,sitetracker_data,ST_FXP_PHASES_T,TURNED_UP_MARKET_LAUNCH_F,TIMESTAMP
rpt-network-plng,sitetracker_data,ST_FXP_PHASES_T,UPLOAD_ASBUILTS_A,TIMESTAMP
rpt-network-plng,sitetracker_data,ST_FXP_PHASES_T,UPLOAD_ASBUILTS_F,TIMESTAMP
rpt-network-plng,sitetracker_data,ST_FXP_PHASES_T,VALIDATE_QUAL_TYPE_IN_THE_QF_PORTAL_A,TIMESTAMP
rpt-network-plng,sitetracker_data,ST_FXP_PHASES_T,VALIDATE_QUAL_TYPE_IN_THE_QF_PORTAL_F,TIMESTAMP
rpt-network-plng,sitetracker_data,ST_FXP_PHASES_T,VENDOR_ASSIGNMENT_A,TIMESTAMP
rpt-network-plng,sitetracker_data,ST_FXP_PHASES_T,VENDOR_ASSIGNMENT_F,TIMESTAMP
rpt-network-plng,sitetracker_data,ST_FXP_PHASES_T,VENDOR_COMMITMENT_CONFIRMED_A,TIMESTAMP
rpt-network-plng,sitetracker_data,ST_FXP_PHASES_T,VENDOR_COMMITMENT_CONFIRMED_F,TIMESTAMP
rpt-network-plng,sitetracker_data,ST_FXP_PHASES_T,VENDOR_CONTRACT_ASSIGNMENT,STRING
rpt-network-plng,sitetracker_data,ST_FXP_PHASES_T,VENDOR_MATERIALS_ORDERED_A,TIMESTAMP
rpt-network-plng,sitetracker_data,ST_FXP_PHASES_T,VENDOR_MATERIALS_ORDERED_F,TIMESTAMP
rpt-network-plng,sitetracker_data,ST_FXP_PHASES_T,VENDOR_MATERIALS_RECEIVED_A,TIMESTAMP
rpt-network-plng,sitetracker_data,ST_FXP_PHASES_T,VENDOR_MATERIALS_RECEIVED_F,TIMESTAMP
rpt-network-plng,sitetracker_data,ST_FXP_PHASES_T,VERB_CODE_AND_DESCRIPTION,STRING
rpt-network-plng,sitetracker_data,ST_FXP_PHASES_T,WHY,STRING
rpt-network-plng,sitetracker_data,ST_FXP_PHASES_T,WHY_NOW,STRING
rpt-network-plng,sitetracker_data,ST_FXP_PHASES_T,WORK_TYPE,STRING
rpt-network-plng,sitetracker_data,ST_FXP_PHASES_T,ACTUAL_LAUNCH,TIMESTAMP
rpt-network-plng,sitetracker_data,ST_FXP_PHASES_T,SITE_LAUNCH,STRING
rpt-network-plng,sitetracker_data,ST_FXP_PHASES_T,ST_PROJECT_URL,STRING
rpt-network-plng,sitetracker_data,ST_FXP_PHASES_T,FW_PROJECT_URL,STRING
rpt-network-plng,sitetracker_data,ST_FXP_PHASES_T,SITE_ST_PROJECT_ID,STRING
rpt-network-plng,sitetracker_data,ST_FXP_PHASES_T,SITE_PROJECT_TYPE,STRING
rpt-network-plng,sitetracker_data,ST_FXP_PHASES_T,RELATED_PROJECTS,STRING
rpt-network-plng,sitetracker_data,ST_FXP_PHASES_T,ST_SITE_PHASE,STRING
rpt-network-plng,sitetracker_data,ST_FXP_PHASES_T,META_LOAD_DTTM,DATE
rpt-network-plng,sitetracker_data,ST_ACTIVITY_ALL_T_DAILY_SNAP_SWAP_T,ID_ACTIVITY_TABLE,STRING
rpt-network-plng,sitetracker_data,ST_ACTIVITY_ALL_T_DAILY_SNAP_SWAP_T,ISDELETED,NUMERIC
rpt-network-plng,sitetracker_data,ST_ACTIVITY_ALL_T_DAILY_SNAP_SWAP_T,NAME_ACTIVITY,STRING
rpt-network-plng,sitetracker_data,ST_ACTIVITY_ALL_T_DAILY_SNAP_SWAP_T,CREATEDDATE,TIMESTAMP
rpt-network-plng,sitetracker_data,ST_ACTIVITY_ALL_T_DAILY_SNAP_SWAP_T,CREATEDBYID,STRING
rpt-network-plng,sitetracker_data,ST_ACTIVITY_ALL_T_DAILY_SNAP_SWAP_T,CREATED_BY,STRING
rpt-network-plng,sitetracker_data,ST_ACTIVITY_ALL_T_DAILY_SNAP_SWAP_T,LASTMODIFIEDDATE,TIMESTAMP
rpt-network-plng,sitetracker_data,ST_ACTIVITY_ALL_T_DAILY_SNAP_SWAP_T,LASTMODIFIEDBYID,STRING
rpt-network-plng,sitetracker_data,ST_ACTIVITY_ALL_T_DAILY_SNAP_SWAP_T,LASTMODIFIEDBY,STRING
rpt-network-plng,sitetracker_data,ST_ACTIVITY_ALL_T_DAILY_SNAP_SWAP_T,SYSTEMMODSTAMP,TIMESTAMP
rpt-network-plng,sitetracker_data,ST_ACTIVITY_ALL_T_DAILY_SNAP_SWAP_T,LASTACTIVITYDATE,TIMESTAMP
rpt-network-plng,sitetracker_data,ST_ACTIVITY_ALL_T_DAILY_SNAP_SWAP_T,LASTVIEWEDDATE,TIMESTAMP
rpt-network-plng,sitetracker_data,ST_ACTIVITY_ALL_T_DAILY_SNAP_SWAP_T,LASTREFERENCEDDATE,TIMESTAMP
rpt-network-plng,sitetracker_data,ST_ACTIVITY_ALL_T_DAILY_SNAP_SWAP_T,CONNECTIONRECEIVEDID,STRING
rpt-network-plng,sitetracker_data,ST_ACTIVITY_ALL_T_DAILY_SNAP_SWAP_T,CONNECTIONSENTID,STRING
rpt-network-plng,sitetracker_data,ST_ACTIVITY_ALL_T_DAILY_SNAP_SWAP_T,SITETRACKER__PROJECT,STRING
rpt-network-plng,sitetracker_data,ST_ACTIVITY_ALL_T_DAILY_SNAP_SWAP_T,ST_PROJECT_ID,STRING
rpt-network-plng,sitetracker_data,ST_ACTIVITY_ALL_T_DAILY_SNAP_SWAP_T,PROJECT_TYPE,STRING
rpt-network-plng,sitetracker_data,ST_ACTIVITY_ALL_T_DAILY_SNAP_SWAP_T,GPON_FXP_SITE_PROJECT_TYPE,STRING
rpt-network-plng,sitetracker_data,ST_ACTIVITY_ALL_T_DAILY_SNAP_SWAP_T,SITETRACKER__ACTION_VERB,STRING
rpt-network-plng,sitetracker_data,ST_ACTIVITY_ALL_T_DAILY_SNAP_SWAP_T,SITETRACKER__ACTIVE,NUMERIC
rpt-network-plng,sitetracker_data,ST_ACTIVITY_ALL_T_DAILY_SNAP_SWAP_T,SITETRACKER__ACTIVITYOWNER,STRING
rpt-network-plng,sitetracker_data,ST_ACTIVITY_ALL_T_DAILY_SNAP_SWAP_T,ACTIVITY_OWNER,STRING
rpt-network-plng,sitetracker_data,ST_ACTIVITY_ALL_T_DAILY_SNAP_SWAP_T,SITETRACKER__ACTIVITY_ACTIVE_D,TIMESTAMP
rpt-network-plng,sitetracker_data,ST_ACTIVITY_ALL_T_DAILY_SNAP_SWAP_T,SITETRACKER__ACTIVITY_ACTIVITY,NUMERIC
rpt-network-plng,sitetracker_data,ST_ACTIVITY_ALL_T_DAILY_SNAP_SWAP_T,SITETRACKER__ACTIVITY_CATEGORY,STRING
rpt-network-plng,sitetracker_data,ST_ACTIVITY_ALL_T_DAILY_SNAP_SWAP_T,SITETRACKER__ACTIVITY_OWNER_OV,NUMERIC
rpt-network-plng,sitetracker_data,ST_ACTIVITY_ALL_T_DAILY_SNAP_SWAP_T,SITETRACKER__ACTIVITY_OWNER_RE,STRING
rpt-network-plng,sitetracker_data,ST_ACTIVITY_ALL_T_DAILY_SNAP_SWAP_T,SITETRACKER__ACTIVITY_OWNER,STRING
rpt-network-plng,sitetracker_data,ST_ACTIVITY_ALL_T_DAILY_SNAP_SWAP_T,SITETRACKER__ACTIVITY_SEARCH__,STRING
rpt-network-plng,sitetracker_data,ST_ACTIVITY_ALL_T_DAILY_SNAP_SWAP_T,SITETRACKER__ACTIVITY_SECTION_,STRING
rpt-network-plng,sitetracker_data,ST_ACTIVITY_ALL_T_DAILY_SNAP_SWAP_T,SITETRACKER__ACTIVITY_STATUS__,STRING
rpt-network-plng,sitetracker_data,ST_ACTIVITY_ALL_T_DAILY_SNAP_SWAP_T,SITETRACKER__ACTIVITY_TEMPLATE,STRING
rpt-network-plng,sitetracker_data,ST_ACTIVITY_ALL_T_DAILY_SNAP_SWAP_T,SITETRACKER__ACTIVITY_TYPE,STRING
rpt-network-plng,sitetracker_data,ST_ACTIVITY_ALL_T_DAILY_SNAP_SWAP_T,SITETRACKER__ACTUALDATE,TIMESTAMP
rpt-network-plng,sitetracker_data,ST_ACTIVITY_ALL_T_DAILY_SNAP_SWAP_T,SITETRACKER__ACTUAL_MILESTONE_,STRING
rpt-network-plng,sitetracker_data,ST_ACTIVITY_ALL_T_DAILY_SNAP_SWAP_T,SITETRACKER__APPROVED,NUMERIC
rpt-network-plng,sitetracker_data,ST_ACTIVITY_ALL_T_DAILY_SNAP_SWAP_T,SITETRACKER__APPROVER,STRING
rpt-network-plng,sitetracker_data,ST_ACTIVITY_ALL_T_DAILY_SNAP_SWAP_T,SITETRACKER__ATTACHMENT_COUNT_,NUMERIC
rpt-network-plng,sitetracker_data,ST_ACTIVITY_ALL_T_DAILY_SNAP_SWAP_T,SITETRACKER__BASELINE_DATE,TIMESTAMP
rpt-network-plng,sitetracker_data,ST_ACTIVITY_ALL_T_DAILY_SNAP_SWAP_T,SITETRACKER__BASELINE_TO_ACTUA,NUMERIC
rpt-network-plng,sitetracker_data,ST_ACTIVITY_ALL_T_DAILY_SNAP_SWAP_T,SITETRACKERHECKLIST,STRING
rpt-network-plng,sitetracker_data,ST_ACTIVITY_ALL_T_DAILY_SNAP_SWAP_T,SITETRACKEROMMENTS_HISTORY_,STRING
rpt-network-plng,sitetracker_data,ST_ACTIVITY_ALL_T_DAILY_SNAP_SWAP_T,SITETRACKEROMMENTS,STRING
rpt-network-plng,sitetracker_data,ST_ACTIVITY_ALL_T_DAILY_SNAP_SWAP_T,SITETRACKEROMPLETE,NUMERIC
rpt-network-plng,sitetracker_data,ST_ACTIVITY_ALL_T_DAILY_SNAP_SWAP_T,SITETRACKEROMPLETED_PREDECE,STRING
rpt-network-plng,sitetracker_data,ST_ACTIVITY_ALL_T_DAILY_SNAP_SWAP_T,SITETRACKERRITICAL,STRING
rpt-network-plng,sitetracker_data,ST_ACTIVITY_ALL_T_DAILY_SNAP_SWAP_T,SITETRACKER__DURATION_OVERRIDE,NUMERIC
rpt-network-plng,sitetracker_data,ST_ACTIVITY_ALL_T_DAILY_SNAP_SWAP_T,SITETRACKER__DURATION,NUMERIC
rpt-network-plng,sitetracker_data,ST_ACTIVITY_ALL_T_DAILY_SNAP_SWAP_T,SITETRACKER__FINANCIAL,STRING
rpt-network-plng,sitetracker_data,ST_ACTIVITY_ALL_T_DAILY_SNAP_SWAP_T,SITETRACKER__FORECAST_ACTUAL_F,STRING
rpt-network-plng,sitetracker_data,ST_ACTIVITY_ALL_T_DAILY_SNAP_SWAP_T,SITETRACKER__FORECAST_ACTUAL__,TIMESTAMP
rpt-network-plng,sitetracker_data,ST_ACTIVITY_ALL_T_DAILY_SNAP_SWAP_T,SITETRACKER__FORECAST_DATE_BLA,NUMERIC
rpt-network-plng,sitetracker_data,ST_ACTIVITY_ALL_T_DAILY_SNAP_SWAP_T,SITETRACKER__FORECAST_DATE_CHA,NUMERIC
rpt-network-plng,sitetracker_data,ST_ACTIVITY_ALL_T_DAILY_SNAP_SWAP_T,SITETRACKER__FORECAST_DATE_FIL,NUMERIC
rpt-network-plng,sitetracker_data,ST_ACTIVITY_ALL_T_DAILY_SNAP_SWAP_T,SITETRACKER__FORECAST_DATE_PUL,NUMERIC
rpt-network-plng,sitetracker_data,ST_ACTIVITY_ALL_T_DAILY_SNAP_SWAP_T,SITETRACKER__FORECAST_DATE_PUS,NUMERIC
rpt-network-plng,sitetracker_data,ST_ACTIVITY_ALL_T_DAILY_SNAP_SWAP_T,SITETRACKER__FORECAST_DATE,TIMESTAMP
rpt-network-plng,sitetracker_data,ST_ACTIVITY_ALL_T_DAILY_SNAP_SWAP_T,SITETRACKER__FORECAST_MILESTON,STRING
rpt-network-plng,sitetracker_data,ST_ACTIVITY_ALL_T_DAILY_SNAP_SWAP_T,SITETRACKER__FORECAST_TO_ACTUA,NUMERIC
rpt-network-plng,sitetracker_data,ST_ACTIVITY_ALL_T_DAILY_SNAP_SWAP_T,SITETRACKER__FORM_COMPLETE,NUMERIC
rpt-network-plng,sitetracker_data,ST_ACTIVITY_ALL_T_DAILY_SNAP_SWAP_T,SITETRACKER__FORMATTED_ACTUAL_,STRING
rpt-network-plng,sitetracker_data,ST_ACTIVITY_ALL_T_DAILY_SNAP_SWAP_T,SITETRACKER__FORMATTED_FORECAS,STRING
rpt-network-plng,sitetracker_data,ST_ACTIVITY_ALL_T_DAILY_SNAP_SWAP_T,SITETRACKER__JOB,STRING
rpt-network-plng,sitetracker_data,ST_ACTIVITY_ALL_T_DAILY_SNAP_SWAP_T,SITETRACKER__LATE_ENTRY_DAYS__,NUMERIC
rpt-network-plng,sitetracker_data,ST_ACTIVITY_ALL_T_DAILY_SNAP_SWAP_T,SITETRACKER__LOCK,NUMERIC
rpt-network-plng,sitetracker_data,ST_ACTIVITY_ALL_T_DAILY_SNAP_SWAP_T,SITETRACKER__MILESTONE_ACTUAL_,STRING
rpt-network-plng,sitetracker_data,ST_ACTIVITY_ALL_T_DAILY_SNAP_SWAP_T,SITETRACKER__MILESTONE_FORECAS,STRING
rpt-network-plng,sitetracker_data,ST_ACTIVITY_ALL_T_DAILY_SNAP_SWAP_T,SITETRACKER__MILESTONE_OBJECT_,STRING
rpt-network-plng,sitetracker_data,ST_ACTIVITY_ALL_T_DAILY_SNAP_SWAP_T,SITETRACKER__MILESTONE,STRING
rpt-network-plng,sitetracker_data,ST_ACTIVITY_ALL_T_DAILY_SNAP_SWAP_T,SITETRACKER__MY_ACTIVITY,NUMERIC
rpt-network-plng,sitetracker_data,ST_ACTIVITY_ALL_T_DAILY_SNAP_SWAP_T,SITETRACKER__NA_DATE,TIMESTAMP
rpt-network-plng,sitetracker_data,ST_ACTIVITY_ALL_T_DAILY_SNAP_SWAP_T,SITETRACKER__NA_REASON,STRING
rpt-network-plng,sitetracker_data,ST_ACTIVITY_ALL_T_DAILY_SNAP_SWAP_T,SITETRACKER__NA,NUMERIC
rpt-network-plng,sitetracker_data,ST_ACTIVITY_ALL_T_DAILY_SNAP_SWAP_T,SITETRACKER__NO_ACTIVITY_TEMPL,NUMERIC
rpt-network-plng,sitetracker_data,ST_ACTIVITY_ALL_T_DAILY_SNAP_SWAP_T,SITETRACKER__NUMBER_OF_COMPLET,NUMERIC
rpt-network-plng,sitetracker_data,ST_ACTIVITY_ALL_T_DAILY_SNAP_SWAP_T,SITETRACKER__NUMBER_OF_PREDECE,NUMERIC
rpt-network-plng,sitetracker_data,ST_ACTIVITY_ALL_T_DAILY_SNAP_SWAP_T,SITETRACKER__OPTIONAL,NUMERIC
rpt-network-plng,sitetracker_data,ST_ACTIVITY_ALL_T_DAILY_SNAP_SWAP_T,SITETRACKER__ORDER,NUMERIC
rpt-network-plng,sitetracker_data,ST_ACTIVITY_ALL_T_DAILY_SNAP_SWAP_T,SITETRACKER__OVERDUE,NUMERIC
rpt-network-plng,sitetracker_data,ST_ACTIVITY_ALL_T_DAILY_SNAP_SWAP_T,SITETRACKER__PREDECESSORS_COMP,TIMESTAMP
rpt-network-plng,sitetracker_data,ST_ACTIVITY_ALL_T_DAILY_SNAP_SWAP_T,SITETRACKER__PREDECESSORS,STRING
rpt-network-plng,sitetracker_data,ST_ACTIVITY_ALL_T_DAILY_SNAP_SWAP_T,SITETRACKER__PROJECT_TEMPLATE_,STRING
rpt-network-plng,sitetracker_data,ST_ACTIVITY_ALL_T_DAILY_SNAP_SWAP_T,SITETRACKER__REJECTER,STRING
rpt-network-plng,sitetracker_data,ST_ACTIVITY_ALL_T_DAILY_SNAP_SWAP_T,SITETRACKER__REWORK_COMMENTS__,STRING
rpt-network-plng,sitetracker_data,ST_ACTIVITY_ALL_T_DAILY_SNAP_SWAP_T,SITETRACKER__REWORK_REASON_COD,STRING
rpt-network-plng,sitetracker_data,ST_ACTIVITY_ALL_T_DAILY_SNAP_SWAP_T,SITETRACKER__REWORK,NUMERIC
rpt-network-plng,sitetracker_data,ST_ACTIVITY_ALL_T_DAILY_SNAP_SWAP_T,SITETRACKER__SEND_EMAIL_ON_ACT,NUMERIC
rpt-network-plng,sitetracker_data,ST_ACTIVITY_ALL_T_DAILY_SNAP_SWAP_T,SITETRACKER__WBS_CODE,STRING
rpt-network-plng,sitetracker_data,ST_ACTIVITY_ALL_T_DAILY_SNAP_SWAP_T,ACTIVITY,STRING
rpt-network-plng,sitetracker_data,ST_ACTIVITY_ALL_T_DAILY_SNAP_SWAP_T,COMPANY_CODE,STRING
rpt-network-plng,sitetracker_data,ST_ACTIVITY_ALL_T_DAILY_SNAP_SWAP_T,CRITICAL_ACTIVITY,NUMERIC
rpt-network-plng,sitetracker_data,ST_ACTIVITY_ALL_T_DAILY_SNAP_SWAP_T,MY_DIRECT_REPORT_S_ACTIVITY,NUMERIC
rpt-network-plng,sitetracker_data,ST_ACTIVITY_ALL_T_DAILY_SNAP_SWAP_T,PROJECT_DESCRIPTION,STRING
rpt-network-plng,sitetracker_data,ST_ACTIVITY_ALL_T_DAILY_SNAP_SWAP_T,PROJECT_ID,STRING
rpt-network-plng,sitetracker_data,ST_ACTIVITY_ALL_T_DAILY_SNAP_SWAP_T,PROJECT_RECORD_ID,STRING
rpt-network-plng,sitetracker_data,ST_ACTIVITY_ALL_T_DAILY_SNAP_SWAP_T,ACTIVE_HOLD,NUMERIC
rpt-network-plng,sitetracker_data,ST_ACTIVITY_ALL_T_DAILY_SNAP_SWAP_T,OWNER_OVERRIDE_FORMULA,NUMERIC
rpt-network-plng,sitetracker_data,ST_ACTIVITY_ALL_T_DAILY_SNAP_SWAP_T,MY_TEAM_S_ACTIVITY,NUMERIC
rpt-network-plng,sitetracker_data,ST_ACTIVITY_ALL_T_DAILY_SNAP_SWAP_T,meta_load_dttm,DATE
rpt-network-plng,sitetracker_data,ST_ACTIVITY_ALL_T_DAILY_SNAP_SWAP_T,META_SRC_LOAD_DTTM,STRING
rpt-network-plng,sitetracker_data,LDR_ST_PERMITS_ALL_V,PERMIT_ID,STRING
rpt-network-plng,sitetracker_data,LDR_ST_PERMITS_ALL_V,ISDELETED_PROJ_PERMIT,NUMERIC
rpt-network-plng,sitetracker_data,LDR_ST_PERMITS_ALL_V,ADDRESS,STRING
rpt-network-plng,sitetracker_data,LDR_ST_PERMITS_ALL_V,AS_BUILT_APPROVED,TIMESTAMP
rpt-network-plng,sitetracker_data,LDR_ST_PERMITS_ALL_V,ST_PROJECT_ID,STRING
rpt-network-plng,sitetracker_data,LDR_ST_PERMITS_ALL_V,PROJECT_TYPE,STRING
rpt-network-plng,sitetracker_data,LDR_ST_PERMITS_ALL_V,SITE_PROJECT_TYPE_4FXP,STRING
rpt-network-plng,sitetracker_data,LDR_ST_PERMITS_ALL_V,AGENCY_CONTACT,STRING
rpt-network-plng,sitetracker_data,LDR_ST_PERMITS_ALL_V,AGENCY_EMAIL,STRING
rpt-network-plng,sitetracker_data,LDR_ST_PERMITS_ALL_V,AGENCY_NAME,STRING
rpt-network-plng,sitetracker_data,LDR_ST_PERMITS_ALL_V,AGENCY_PHONE,STRING
rpt-network-plng,sitetracker_data,LDR_ST_PERMITS_ALL_V,APPROVED_PERMIT_EXPIRE,TIMESTAMP
rpt-network-plng,sitetracker_data,LDR_ST_PERMITS_ALL_V,AS_BUILT_STATUS,STRING
rpt-network-plng,sitetracker_data,LDR_ST_PERMITS_ALL_V,AS_BUILT_SUBMITTED,TIMESTAMP
rpt-network-plng,sitetracker_data,LDR_ST_PERMITS_ALL_V,AS_BUILT_SURVEY_COMPLETE,TIMESTAMP
rpt-network-plng,sitetracker_data,LDR_ST_PERMITS_ALL_V,AS_BUILT_SURVEY_ECD,TIMESTAMP
rpt-network-plng,sitetracker_data,LDR_ST_PERMITS_ALL_V,AS_BUILT_SURVEY_PAID,TIMESTAMP
rpt-network-plng,sitetracker_data,LDR_ST_PERMITS_ALL_V,AS_BUILT_SURVEY_START,TIMESTAMP
rpt-network-plng,sitetracker_data,LDR_ST_PERMITS_ALL_V,AUTHORIZE_TO_PROCEED_RECEIVED_,TIMESTAMP
rpt-network-plng,sitetracker_data,LDR_ST_PERMITS_ALL_V,AUTOMATED_ETA_DATE,TIMESTAMP
rpt-network-plng,sitetracker_data,LDR_ST_PERMITS_ALL_V,AVERAGE_INTERVAL,NUMERIC
rpt-network-plng,sitetracker_data,LDR_ST_PERMITS_ALL_V,CITY,STRING
rpt-network-plng,sitetracker_data,LDR_ST_PERMITS_ALL_V,COMMENTS,STRING
rpt-network-plng,sitetracker_data,LDR_ST_PERMITS_ALL_V,CONSTRUCTION_COMPLETE,TIMESTAMP
rpt-network-plng,sitetracker_data,LDR_ST_PERMITS_ALL_V,CONSTRUCTION_COORDINATOR,STRING
rpt-network-plng,sitetracker_data,LDR_ST_PERMITS_ALL_V,CONSTRUCTION_POC,STRING
rpt-network-plng,sitetracker_data,LDR_ST_PERMITS_ALL_V,COUNT_OF_OTHER_LUMEN_SYSTEM_OR,NUMERIC
rpt-network-plng,sitetracker_data,LDR_ST_PERMITS_ALL_V,COUNTRY,STRING
rpt-network-plng,sitetracker_data,LDR_ST_PERMITS_ALL_V,COUNTY,STRING
rpt-network-plng,sitetracker_data,LDR_ST_PERMITS_ALL_V,CREATEDBYID,STRING
rpt-network-plng,sitetracker_data,LDR_ST_PERMITS_ALL_V,CREATEDBY,STRING
rpt-network-plng,sitetracker_data,LDR_ST_PERMITS_ALL_V,CREATEDDATE,TIMESTAMP
rpt-network-plng,sitetracker_data,LDR_ST_PERMITS_ALL_V,CURRENCYISOCODE,STRING
rpt-network-plng,sitetracker_data,LDR_ST_PERMITS_ALL_V,DESCRIPTION,STRING
rpt-network-plng,sitetracker_data,LDR_ST_PERMITS_ALL_V,ENGINEER,STRING
rpt-network-plng,sitetracker_data,LDR_ST_PERMITS_ALL_V,ENVIRONMENTAL_CLEARANCE,TIMESTAMP
rpt-network-plng,sitetracker_data,LDR_ST_PERMITS_ALL_V,ENVIRONMENTAL_CLEARANCE_APPROV,STRING
rpt-network-plng,sitetracker_data,LDR_ST_PERMITS_ALL_V,ENVIRONMENTAL_STUDY_REQUIRED__,STRING
rpt-network-plng,sitetracker_data,LDR_ST_PERMITS_ALL_V,FIELD_OPERATIONS,STRING
rpt-network-plng,sitetracker_data,LDR_ST_PERMITS_ALL_V,FIREWORKS_PROJECT_NUMBER,STRING
rpt-network-plng,sitetracker_data,LDR_ST_PERMITS_ALL_V,FIREWORKS_PROJECT_NUMBER_STAND,STRING
rpt-network-plng,sitetracker_data,LDR_ST_PERMITS_ALL_V,GIS_BUSINESS_DAYS,NUMERIC
rpt-network-plng,sitetracker_data,LDR_ST_PERMITS_ALL_V,GIS_BUSINESS_DAYS_NUMBER,NUMERIC
rpt-network-plng,sitetracker_data,LDR_ST_PERMITS_ALL_V,GIS_LATITUDE,STRING
rpt-network-plng,sitetracker_data,LDR_ST_PERMITS_ALL_V,GIS_LONGITUDE,STRING
rpt-network-plng,sitetracker_data,LDR_ST_PERMITS_ALL_V,GIS_NAME,STRING
rpt-network-plng,sitetracker_data,LDR_ST_PERMITS_ALL_V,GIS_PLACENAME,STRING
rpt-network-plng,sitetracker_data,LDR_ST_PERMITS_ALL_V,GIS_RESPONSE_DATE,TIMESTAMP
rpt-network-plng,sitetracker_data,LDR_ST_PERMITS_ALL_V,GIS_STATE,STRING
rpt-network-plng,sitetracker_data,LDR_ST_PERMITS_ALL_V,GIS_SWC,STRING
rpt-network-plng,sitetracker_data,LDR_ST_PERMITS_ALL_V,GIS_THIRD_PARTY_DAYS,NUMERIC
rpt-network-plng,sitetracker_data,LDR_ST_PERMITS_ALL_V,LEGACY_COMPANY,STRING
rpt-network-plng,sitetracker_data,LDR_ST_PERMITS_ALL_V,LINK_TO_PROJECT,NUMERIC
rpt-network-plng,sitetracker_data,LDR_ST_PERMITS_ALL_V,LOC_AERIAL_SLA,NUMERIC
rpt-network-plng,sitetracker_data,LDR_ST_PERMITS_ALL_V,LOC_CITY_SLA,NUMERIC
rpt-network-plng,sitetracker_data,LDR_ST_PERMITS_ALL_V,LOC_CONSTRUCTION,NUMERIC
rpt-network-plng,sitetracker_data,LDR_ST_PERMITS_ALL_V,LOC_COUNTY_SLA,NUMERIC
rpt-network-plng,sitetracker_data,LDR_ST_PERMITS_ALL_V,LOC_DOTROW_SLA,NUMERIC
rpt-network-plng,sitetracker_data,LDR_ST_PERMITS_ALL_V,LOC_DOTXING_SLA,NUMERIC
rpt-network-plng,sitetracker_data,LDR_ST_PERMITS_ALL_V,LOC_FEDERAL_SLA,NUMERIC
rpt-network-plng,sitetracker_data,LDR_ST_PERMITS_ALL_V,LOC_SS_ENG,NUMERIC
rpt-network-plng,sitetracker_data,LDR_ST_PERMITS_ALL_V,LOC_THIRD_PARTY_SLA,NUMERIC
rpt-network-plng,sitetracker_data,LDR_ST_PERMITS_ALL_V,LOC_UNDERGROUND_SLA,NUMERIC
rpt-network-plng,sitetracker_data,LDR_ST_PERMITS_ALL_V,LOC_WATER_SLA,NUMERIC
rpt-network-plng,sitetracker_data,LDR_ST_PERMITS_ALL_V,LOCATION_DESCRIPTION,STRING
rpt-network-plng,sitetracker_data,LDR_ST_PERMITS_ALL_V,MAP,STRING
rpt-network-plng,sitetracker_data,LDR_ST_PERMITS_ALL_V,NAT_AERIAL_SLA,NUMERIC
rpt-network-plng,sitetracker_data,LDR_ST_PERMITS_ALL_V,NAT_CITY_SLA,NUMERIC
rpt-network-plng,sitetracker_data,LDR_ST_PERMITS_ALL_V,NAT_CONSTRUCTION,NUMERIC
rpt-network-plng,sitetracker_data,LDR_ST_PERMITS_ALL_V,NAT_COUNTY_SLA,NUMERIC
rpt-network-plng,sitetracker_data,LDR_ST_PERMITS_ALL_V,NAT_DOTROW_SLA,NUMERIC
rpt-network-plng,sitetracker_data,LDR_ST_PERMITS_ALL_V,NAT_DOTXING_SLA,NUMERIC
rpt-network-plng,sitetracker_data,LDR_ST_PERMITS_ALL_V,NAT_FEDERAL_SLA,NUMERIC
rpt-network-plng,sitetracker_data,LDR_ST_PERMITS_ALL_V,NAT_SS_ENG,NUMERIC
rpt-network-plng,sitetracker_data,LDR_ST_PERMITS_ALL_V,NAT_THIRD_PARTY_SLA,NUMERIC
rpt-network-plng,sitetracker_data,LDR_ST_PERMITS_ALL_V,NAT_UNDERGROUND_SLA,NUMERIC
rpt-network-plng,sitetracker_data,LDR_ST_PERMITS_ALL_V,NAT_WATER_SLA,NUMERIC
rpt-network-plng,sitetracker_data,LDR_ST_PERMITS_ALL_V,NOTES,STRING
rpt-network-plng,sitetracker_data,LDR_ST_PERMITS_ALL_V,OWNERID,STRING
rpt-network-plng,sitetracker_data,LDR_ST_PERMITS_ALL_V,PAYMENT_OPTION,STRING
rpt-network-plng,sitetracker_data,LDR_ST_PERMITS_ALL_V,PE_NAME,STRING
rpt-network-plng,sitetracker_data,LDR_ST_PERMITS_ALL_V,PE_REQUIRED,STRING
rpt-network-plng,sitetracker_data,LDR_ST_PERMITS_ALL_V,PERMIT_AGENCY_REJECTION,STRING
rpt-network-plng,sitetracker_data,LDR_ST_PERMITS_ALL_V,PERMIT_APPROVED,TIMESTAMP
rpt-network-plng,sitetracker_data,LDR_ST_PERMITS_ALL_V,PERMIT_ASBUILT_NEEDED,STRING
rpt-network-plng,sitetracker_data,LDR_ST_PERMITS_ALL_V,PERMIT_COST,NUMERIC
rpt-network-plng,sitetracker_data,LDR_ST_PERMITS_ALL_V,PERMIT_ENVIRONMENT,STRING
rpt-network-plng,sitetracker_data,LDR_ST_PERMITS_ALL_V,PERMIT_ETA,TIMESTAMP
rpt-network-plng,sitetracker_data,LDR_ST_PERMITS_ALL_V,PERMIT_EXP_CONSTRUCTION,TIMESTAMP
rpt-network-plng,sitetracker_data,LDR_ST_PERMITS_ALL_V,PERMIT_LATITUDE,STRING
rpt-network-plng,sitetracker_data,LDR_ST_PERMITS_ALL_V,PERMIT_LEGACY_COMPANY,STRING
rpt-network-plng,sitetracker_data,LDR_ST_PERMITS_ALL_V,PERMIT_LONGITUDE,STRING
rpt-network-plng,sitetracker_data,LDR_ST_PERMITS_ALL_V,PERMIT_NUMBER,STRING
rpt-network-plng,sitetracker_data,LDR_ST_PERMITS_ALL_V,PERMIT_ORIGINATOR,STRING
rpt-network-plng,sitetracker_data,LDR_ST_PERMITS_ALL_V,PERMIT_RE_WORK,STRING
rpt-network-plng,sitetracker_data,LDR_ST_PERMITS_ALL_V,PERMIT_REQUEST_SUBMITTED_TO_VE,TIMESTAMP
rpt-network-plng,sitetracker_data,LDR_ST_PERMITS_ALL_V,PERMIT_STATUS,STRING
rpt-network-plng,sitetracker_data,LDR_ST_PERMITS_ALL_V,PERMIT_SUBMITTED,TIMESTAMP
rpt-network-plng,sitetracker_data,LDR_ST_PERMITS_ALL_V,PERMIT_TYPE_PROJ_PERMIT,STRING
rpt-network-plng,sitetracker_data,LDR_ST_PERMITS_ALL_V,PHYSICAL_WORK_LOCATION,STRING
rpt-network-plng,sitetracker_data,LDR_ST_PERMITS_ALL_V,PRIMARY_WIRE_CENTER_ID,STRING
rpt-network-plng,sitetracker_data,LDR_ST_PERMITS_ALL_V,RAILROAD_SUB_TYPE,STRING
rpt-network-plng,sitetracker_data,LDR_ST_PERMITS_ALL_V,RANGE_,STRING
rpt-network-plng,sitetracker_data,LDR_ST_PERMITS_ALL_V,REJECTED_DATE,TIMESTAMP
rpt-network-plng,sitetracker_data,LDR_ST_PERMITS_ALL_V,REQUESTING_AGENCY_PROJECT_ID__,STRING
rpt-network-plng,sitetracker_data,LDR_ST_PERMITS_ALL_V,RESUBMIT,TIMESTAMP
rpt-network-plng,sitetracker_data,LDR_ST_PERMITS_ALL_V,RESUBMIT_ETA,TIMESTAMP
rpt-network-plng,sitetracker_data,LDR_ST_PERMITS_ALL_V,RESUBMITTAL_COUNT,STRING
rpt-network-plng,sitetracker_data,LDR_ST_PERMITS_ALL_V,RESUBMITTAL_REASON,STRING
rpt-network-plng,sitetracker_data,LDR_ST_PERMITS_ALL_V,SCOPE_OF_WORK,STRING
rpt-network-plng,sitetracker_data,LDR_ST_PERMITS_ALL_V,SECTION,STRING
rpt-network-plng,sitetracker_data,LDR_ST_PERMITS_ALL_V,SITETRACKER_PROJECT,STRING
rpt-network-plng,sitetracker_data,LDR_ST_PERMITS_ALL_V,STANDALONE_LEGACY_COMPANY,STRING
rpt-network-plng,sitetracker_data,LDR_ST_PERMITS_ALL_V,STANDALONE_PERMIT,STRING
rpt-network-plng,sitetracker_data,LDR_ST_PERMITS_ALL_V,STATE,STRING
rpt-network-plng,sitetracker_data,LDR_ST_PERMITS_ALL_V,SWC,STRING
rpt-network-plng,sitetracker_data,LDR_ST_PERMITS_ALL_V,SYSTEMMODSTAMP_PROJ_PERMIT,TIMESTAMP
rpt-network-plng,sitetracker_data,LDR_ST_PERMITS_ALL_V,TCP,STRING
rpt-network-plng,sitetracker_data,LDR_ST_PERMITS_ALL_V,TCP_APPROVED,TIMESTAMP
rpt-network-plng,sitetracker_data,LDR_ST_PERMITS_ALL_V,THIRD_PARTY_DAYS,NUMERIC
rpt-network-plng,sitetracker_data,LDR_ST_PERMITS_ALL_V,TOWNSHIP,STRING
rpt-network-plng,sitetracker_data,LDR_ST_PERMITS_ALL_V,UPDATED_ETA,TIMESTAMP
rpt-network-plng,sitetracker_data,LDR_ST_PERMITS_ALL_V,VENDOR_COMPANY_EMAIL,STRING
rpt-network-plng,sitetracker_data,LDR_ST_PERMITS_ALL_V,VENDOR_COMPANY_NAME,STRING
rpt-network-plng,sitetracker_data,LDR_ST_PERMITS_ALL_V,VENDOR_SUBMITTAL_Y_N,STRING
rpt-network-plng,sitetracker_data,LDR_ST_PERMITS_ALL_V,ZIP_CODE,STRING
rpt-network-plng,sitetracker_data,LDR_ST_PERMITS_ALL_V,OTHER_COMMENTS,STRING
rpt-network-plng,sitetracker_data,LDR_ST_PERMITS_ALL_V,OTHER_LUMEN_SYSTEM,STRING
rpt-network-plng,sitetracker_data,LDR_ST_PERMITS_ALL_V,OTHER_LUMEN_SYSTEM_ID,STRING
rpt-network-plng,sitetracker_data,LDR_ST_PERMITS_ALL_V,SITETRACKER_PROJECT_PERMIT,STRING
rpt-network-plng,sitetracker_data,LDR_ST_PERMITS_ALL_V,NAME,STRING
rpt-network-plng,sitetracker_data,LDR_ST_PERMITS_ALL_V,PERMIT_TYPE,STRING
rpt-network-plng,sitetracker_data,LDR_ST_PERMITS_ALL_V,PROJECT_PERMIT_UNIQUE,STRING
rpt-network-plng,sitetracker_data,LDR_ST_PERMITS_ALL_V,ST_PERMIT_KEY,STRING
rpt-network-plng,sitetracker_data,LDR_ST_PERMITS_ALL_V,ST_PROJECT_KEY,STRING
rpt-network-plng,sitetracker_data,LDR_ST_PERMITS_ALL_V,LASTMODIFIEDBYID_KEY,STRING
rpt-network-plng,sitetracker_data,LDR_ST_PERMITS_ALL_V,LASTMODIFIEDBYID_PROJ_PERMIT,STRING
rpt-network-plng,sitetracker_data,LDR_ST_PERMITS_ALL_V,LASTACTIVITYDATE,TIMESTAMP
rpt-network-plng,sitetracker_data,LDR_ST_PERMITS_ALL_V,ID_PROJ_PERMIT_ID,STRING
rpt-network-plng,sitetracker_data,LDR_ST_PERMITS_ALL_V,LASTMODIFIEDDATE_PROJ_PERMIT,TIMESTAMP
rpt-network-plng,sitetracker_data,LDR_ST_PERMITS_ALL_V,META_LOAD_DTTM,DATE
rpt-network-plng,sitetracker_data,USER,ID,STRING
rpt-network-plng,sitetracker_data,USER,USERNAME,STRING
rpt-network-plng,sitetracker_data,USER,LASTNAME,STRING
rpt-network-plng,sitetracker_data,USER,FIRSTNAME,STRING
rpt-network-plng,sitetracker_data,USER,NAME,STRING
rpt-network-plng,sitetracker_data,USER,COMPANYNAME,STRING
rpt-network-plng,sitetracker_data,USER,DIVISION,STRING
rpt-network-plng,sitetracker_data,USER,DEPARTMENT,STRING
rpt-network-plng,sitetracker_data,USER,TITLE,STRING
rpt-network-plng,sitetracker_data,USER,STREET,STRING
rpt-network-plng,sitetracker_data,USER,CITY,STRING
rpt-network-plng,sitetracker_data,USER,STATE,STRING
rpt-network-plng,sitetracker_data,USER,POSTALCODE,STRING
rpt-network-plng,sitetracker_data,USER,COUNTRY,STRING
rpt-network-plng,sitetracker_data,USER,STATECODE,STRING
rpt-network-plng,sitetracker_data,USER,COUNTRYCODE,STRING
rpt-network-plng,sitetracker_data,USER,LATITUDE,NUMERIC
rpt-network-plng,sitetracker_data,USER,LONGITUDE,NUMERIC
rpt-network-plng,sitetracker_data,USER,GEOCODEACCURACY,STRING
rpt-network-plng,sitetracker_data,USER,EMAIL,STRING
rpt-network-plng,sitetracker_data,USER,EMAILPREFERENCESAUTOBCC,NUMERIC
rpt-network-plng,sitetracker_data,USER,EMAILPREFERENCESAUTOBCCSTAYINT,NUMERIC
rpt-network-plng,sitetracker_data,USER,EMAILPREFERENCESSTAYINTOUCHREM,NUMERIC
rpt-network-plng,sitetracker_data,USER,SENDEREMAIL,STRING
rpt-network-plng,sitetracker_data,USER,SENDERNAME,STRING
rpt-network-plng,sitetracker_data,USER,SIGNATURE,STRING
rpt-network-plng,sitetracker_data,USER,STAYINTOUCHSUBJECT,STRING
rpt-network-plng,sitetracker_data,USER,STAYINTOUCHSIGNATURE,STRING
rpt-network-plng,sitetracker_data,USER,STAYINTOUCHNOTE,STRING
rpt-network-plng,sitetracker_data,USER,PHONE,STRING
rpt-network-plng,sitetracker_data,USER,FAX,STRING
rpt-network-plng,sitetracker_data,USER,MOBILEPHONE,STRING
rpt-network-plng,sitetracker_data,USER,ALIAS,STRING
rpt-network-plng,sitetracker_data,USER,COMMUNITYNICKNAME,STRING
rpt-network-plng,sitetracker_data,USER,BADGETEXT,STRING
rpt-network-plng,sitetracker_data,USER,ISACTIVE,NUMERIC
rpt-network-plng,sitetracker_data,USER,TIMEZONESIDKEY,STRING
rpt-network-plng,sitetracker_data,USER,USERROLEID,STRING
rpt-network-plng,sitetracker_data,USER,LOCALESIDKEY,STRING
rpt-network-plng,sitetracker_data,USER,RECEIVESINFOEMAILS,NUMERIC
rpt-network-plng,sitetracker_data,USER,RECEIVESADMININFOEMAILS,NUMERIC
rpt-network-plng,sitetracker_data,USER,EMAILENCODINGKEY,STRING
rpt-network-plng,sitetracker_data,USER,DEFAULTCURRENCYISOCODE,STRING
rpt-network-plng,sitetracker_data,USER,CURRENCYISOCODE,STRING
rpt-network-plng,sitetracker_data,USER,PROFILEID,STRING
rpt-network-plng,sitetracker_data,USER,USERTYPE,STRING
rpt-network-plng,sitetracker_data,USER,LANGUAGELOCALEKEY,STRING
rpt-network-plng,sitetracker_data,USER,EMPLOYEENUMBER,STRING
rpt-network-plng,sitetracker_data,USER,DELEGATEDAPPROVERID,STRING
rpt-network-plng,sitetracker_data,USER,MANAGERID,STRING
rpt-network-plng,sitetracker_data,USER,LASTLOGINDATE,TIMESTAMP
rpt-network-plng,sitetracker_data,USER,CREATEDDATE,TIMESTAMP
rpt-network-plng,sitetracker_data,USER,CREATEDBYID,STRING
rpt-network-plng,sitetracker_data,USER,LASTMODIFIEDDATE,TIMESTAMP
rpt-network-plng,sitetracker_data,USER,LASTMODIFIEDBYID,STRING
rpt-network-plng,sitetracker_data,USER,SYSTEMMODSTAMP,TIMESTAMP
rpt-network-plng,sitetracker_data,USER,OFFLINETRIALEXPIRATIONDATE,TIMESTAMP
rpt-network-plng,sitetracker_data,USER,OFFLINEPDATRIALEXPIRATIONDATE,TIMESTAMP
rpt-network-plng,sitetracker_data,USER,USERPERMISSIONSMARKETINGUSER,NUMERIC
rpt-network-plng,sitetracker_data,USER,USERPERMISSIONSOFFLINEUSER,NUMERIC
rpt-network-plng,sitetracker_data,USER,USERPERMISSIONSAVANTGOUSER,NUMERIC
rpt-network-plng,sitetracker_data,USER,USERPERMISSIONSCALLCENTERAUTOL,NUMERIC
rpt-network-plng,sitetracker_data,USER,USERPERMISSIONSMOBILEUSER,NUMERIC
rpt-network-plng,sitetracker_data,USER,USERPERMISSIONSSFCONTENTUSER,NUMERIC
rpt-network-plng,sitetracker_data,USER,USERPERMISSIONSINTERACTIONUSER,NUMERIC
rpt-network-plng,sitetracker_data,USER,USERPERMISSIONSCHATTERANSWERSU,NUMERIC
rpt-network-plng,sitetracker_data,USER,FORECASTENABLED,NUMERIC
rpt-network-plng,sitetracker_data,USER,USERPREFERENCESACTIVITYREMINDE,NUMERIC
rpt-network-plng,sitetracker_data,USER,USERPREFERENCESEVENTREMINDERSC,NUMERIC
rpt-network-plng,sitetracker_data,USER,USERPREFERENCESTASKREMINDERSCH,NUMERIC
rpt-network-plng,sitetracker_data,USER,USERPREFERENCESREMINDERSOUNDOF,NUMERIC
rpt-network-plng,sitetracker_data,USER,USERPREFERENCESDISABLEALLFEEDS,NUMERIC
rpt-network-plng,sitetracker_data,USER,USERPREFERENCESDISABLEFOLLOWER,NUMERIC
rpt-network-plng,sitetracker_data,USER,USERPREFERENCESDISABLEPROFILEP,NUMERIC
rpt-network-plng,sitetracker_data,USER,USERPREFERENCESDISABLECHANGECO,NUMERIC
rpt-network-plng,sitetracker_data,USER,USERPREFERENCESDISABLELATERCOM,NUMERIC
rpt-network-plng,sitetracker_data,USER,USERPREFERENCESDISPROFPOSTCOMM,NUMERIC
rpt-network-plng,sitetracker_data,USER,USERPREFERENCESCONTENTNOEMAIL,NUMERIC
rpt-network-plng,sitetracker_data,USER,USERPREFERENCESCONTENTEMAILASA,NUMERIC
rpt-network-plng,sitetracker_data,USER,USERPREFERENCESAPEXPAGESDEVELO,NUMERIC
rpt-network-plng,sitetracker_data,USER,USERPREFERENCESHIDECSNGETCHATT,NUMERIC
rpt-network-plng,sitetracker_data,USER,USERPREFERENCESDISABLEMENTIONS,NUMERIC
rpt-network-plng,sitetracker_data,USER,USERPREFERENCESDISMENTIONSCOMM,NUMERIC
rpt-network-plng,sitetracker_data,USER,USERPREFERENCESHIDECSNDESKTOPT,NUMERIC
rpt-network-plng,sitetracker_data,USER,USERPREFERENCESHIDECHATTERONBO,NUMERIC
rpt-network-plng,sitetracker_data,USER,USERPREFERENCESHIDESECONDCHATT,NUMERIC
rpt-network-plng,sitetracker_data,USER,USERPREFERENCESDISCOMMENTAFTER,NUMERIC
rpt-network-plng,sitetracker_data,USER,USERPREFERENCESDISABLELIKEEMAI,NUMERIC
rpt-network-plng,sitetracker_data,USER,USERPREFERENCESSORTFEEDBYCOMME,NUMERIC
rpt-network-plng,sitetracker_data,USER,USERPREFERENCESDISABLEMESSAGEE,NUMERIC
rpt-network-plng,sitetracker_data,USER,USERPREFERENCESDISABLEBOOKMARK,NUMERIC
rpt-network-plng,sitetracker_data,USER,USERPREFERENCESDISABLESHAREPOS,NUMERIC
rpt-network-plng,sitetracker_data,USER,USERPREFERENCESENABLEAUTOSUBFO,NUMERIC
rpt-network-plng,sitetracker_data,USER,USERPREFERENCESDISABLEFILESHAR,NUMERIC
rpt-network-plng,sitetracker_data,USER,USERPREFERENCESSHOWTITLETOEXTE,NUMERIC
rpt-network-plng,sitetracker_data,USER,USERPREFERENCESSHOWMANAGERTOEX,NUMERIC
rpt-network-plng,sitetracker_data,USER,USERPREFERENCESSHOWEMAILTOEXTE,NUMERIC
rpt-network-plng,sitetracker_data,USER,USERPREFERENCESSHOWWORKPHONETO,NUMERIC
rpt-network-plng,sitetracker_data,USER,USERPREFERENCESSHOWMOBILEPHONE,NUMERIC
rpt-network-plng,sitetracker_data,USER,USERPREFERENCESSHOWFAXTOEXTERN,NUMERIC
rpt-network-plng,sitetracker_data,USER,USERPREFERENCESSHOWSTREETADDRE,NUMERIC
rpt-network-plng,sitetracker_data,USER,USERPREFERENCESSHOWCITYTOEXTER,NUMERIC
rpt-network-plng,sitetracker_data,USER,USERPREFERENCESSHOWSTATETOEXTE,NUMERIC
rpt-network-plng,sitetracker_data,USER,USERPREFERENCESSHOWPOSTALCODET,NUMERIC
rpt-network-plng,sitetracker_data,USER,USERPREFERENCESSHOWCOUNTRYTOEX,NUMERIC
rpt-network-plng,sitetracker_data,USER,USERPREFERENCESSHOWPROFILEPICT,NUMERIC
rpt-network-plng,sitetracker_data,USER,USERPREFERENCESSHOWTITLETOGUES,NUMERIC
rpt-network-plng,sitetracker_data,USER,USERPREFERENCESSHOWCITYTOGUEST,NUMERIC
rpt-network-plng,sitetracker_data,USER,USERPREFERENCESSHOWSTATETOGUES,NUMERIC
rpt-network-plng,sitetracker_data,USER,USERPREFERENCESSHOWPOSTALCODE1,NUMERIC
rpt-network-plng,sitetracker_data,USER,USERPREFERENCESSHOWCOUNTRYTOGU,NUMERIC
rpt-network-plng,sitetracker_data,USER,USERPREFERENCESDISABLEENDORSEM,NUMERIC
rpt-network-plng,sitetracker_data,USER,USERPREFERENCESPATHASSISTANTCO,NUMERIC
rpt-network-plng,sitetracker_data,USER,USERPREFERENCESCACHEDIAGNOSTIC,NUMERIC
rpt-network-plng,sitetracker_data,USER,USERPREFERENCESSHOWEMAILTOGUES,NUMERIC
rpt-network-plng,sitetracker_data,USER,USERPREFERENCESSHOWMANAGERTOGU,NUMERIC
rpt-network-plng,sitetracker_data,USER,USERPREFERENCESSHOWWORKPHONET1,NUMERIC
rpt-network-plng,sitetracker_data,USER,USERPREFERENCESSHOWMOBILEPHON1,NUMERIC
rpt-network-plng,sitetracker_data,USER,USERPREFERENCESSHOWFAXTOGUESTU,NUMERIC
rpt-network-plng,sitetracker_data,USER,USERPREFERENCESSHOWSTREETADDR1,NUMERIC
rpt-network-plng,sitetracker_data,USER,USERPREFERENCESLIGHTNINGEXPERI,NUMERIC
rpt-network-plng,sitetracker_data,USER,USERPREFERENCESHIDEENDUSERONBO,NUMERIC
rpt-network-plng,sitetracker_data,USER,USERPREFERENCESHIDELIGHTNINGMI,NUMERIC
rpt-network-plng,sitetracker_data,USER,USERPREFERENCESHIDESFXWELCOMEM,NUMERIC
rpt-network-plng,sitetracker_data,USER,USERPREFERENCESHIDEBIGGERPHOTO,NUMERIC
rpt-network-plng,sitetracker_data,USER,USERPREFERENCESGLOBALNAVBARWTS,NUMERIC
rpt-network-plng,sitetracker_data,USER,USERPREFERENCESGLOBALNAVGRIDME,NUMERIC
rpt-network-plng,sitetracker_data,USER,USERPREFERENCESCREATELEXAPPSWT,NUMERIC
rpt-network-plng,sitetracker_data,USER,USERPREFERENCESFAVORITESWTSHOW,NUMERIC
rpt-network-plng,sitetracker_data,USER,CONTACTID,STRING
rpt-network-plng,sitetracker_data,USER,ACCOUNTID,STRING
rpt-network-plng,sitetracker_data,USER,CALLCENTERID,STRING
rpt-network-plng,sitetracker_data,USER,EXTENSION,STRING
rpt-network-plng,sitetracker_data,USER,PORTALROLE,STRING
rpt-network-plng,sitetracker_data,USER,ISPORTALENABLED,NUMERIC
rpt-network-plng,sitetracker_data,USER,FEDERATIONIDENTIFIER,STRING
rpt-network-plng,sitetracker_data,USER,ABOUTME,STRING
rpt-network-plng,sitetracker_data,USER,FULLPHOTOURL,STRING
rpt-network-plng,sitetracker_data,USER,SMALLPHOTOURL,STRING
rpt-network-plng,sitetracker_data,USER,MEDIUMPHOTOURL,STRING
rpt-network-plng,sitetracker_data,USER,DIGESTFREQUENCY,STRING
rpt-network-plng,sitetracker_data,USER,DEFAULTGROUPNOTIFICATIONFREQUE,STRING
rpt-network-plng,sitetracker_data,USER,LASTVIEWEDDATE,TIMESTAMP
rpt-network-plng,sitetracker_data,USER,LASTREFERENCEDDATE,TIMESTAMP
rpt-network-plng,sitetracker_data,USER,BANNERPHOTOURL,STRING
rpt-network-plng,sitetracker_data,USER,SMALLBANNERPHOTOURL,STRING
rpt-network-plng,sitetracker_data,USER,MEDIUMBANNERPHOTOURL,STRING
rpt-network-plng,sitetracker_data,USER,ISPROFILEPHOTOACTIVE,NUMERIC
rpt-network-plng,sitetracker_data,USER,ECHOSIGN_DEV1__ECHOSIGN_ALLOW_,NUMERIC
rpt-network-plng,sitetracker_data,USER,ECHOSIGN_DEV1__ECHOSIGN_EMAIL_,NUMERIC
rpt-network-plng,sitetracker_data,USER,ISPRMSUPERUSER,NUMERIC
rpt-network-plng,sitetracker_data,USER,DSFS__DSPROSFPASSWORD__C,STRING
rpt-network-plng,sitetracker_data,USER,DSFS__DSPROSFUSERNAME__C,STRING
rpt-network-plng,sitetracker_data,USER,AGENT_ID__C,NUMERIC
rpt-network-plng,sitetracker_data,USER,BMG_SALES_CHANNEL__C,STRING
rpt-network-plng,sitetracker_data,USER,CUID__C,STRING
rpt-network-plng,sitetracker_data,USER,CUST_SEG_ID__C,STRING
rpt-network-plng,sitetracker_data,USER,DIRECTOR__C,STRING
rpt-network-plng,sitetracker_data,USER,HM_USER_CHANGE_LOG_ID__C,STRING
rpt-network-plng,sitetracker_data,USER,META_LOAD_TMSTAMP__C,DATE
rpt-network-plng,sitetracker_data,USER,SALES_CHANNEL_ID__C,STRING
rpt-network-plng,sitetracker_data,USER,SALES_CHANNEL_NAME__C,STRING
rpt-network-plng,sitetracker_data,USER,SALES_REP_ID__C,STRING
rpt-network-plng,sitetracker_data,USER,SALES_OFFICE__C,STRING
rpt-network-plng,sitetracker_data,USER,SUB_CHANNEL_ID__C,STRING
rpt-network-plng,sitetracker_data,USER,VP__C,STRING
rpt-network-plng,sitetracker_data,USER,META_ETL_PROC_CNTRL_ID__C,STRING
rpt-network-plng,sitetracker_data,USER,FOREIGN_AGENT_ID__C,STRING
rpt-network-plng,sitetracker_data,USER,MH_BLUE_MANAGER__C,NUMERIC
rpt-network-plng,sitetracker_data,USER,MH_BLUE_READ_WRITE__C,NUMERIC
rpt-network-plng,sitetracker_data,USER,MH_BLUE_READ_ONLY__C,NUMERIC
rpt-network-plng,sitetracker_data,USER,MH_GOLD_MANAGER__C,NUMERIC
rpt-network-plng,sitetracker_data,USER,MH_GOLD_READ_WRITE__C,NUMERIC
rpt-network-plng,sitetracker_data,USER,MH_GOLD_READ_ONLY__C,NUMERIC
rpt-network-plng,sitetracker_data,USER,MH_GREEN_MANAGER__C,NUMERIC
rpt-network-plng,sitetracker_data,USER,MH_GREEN_READ_WRITE__C,NUMERIC
rpt-network-plng,sitetracker_data,USER,MH_GREEN_READ_ONLY__C,NUMERIC
rpt-network-plng,sitetracker_data,USER,SAM_ADMIN__C,NUMERIC
rpt-network-plng,sitetracker_data,USER,USER_S_MANAGER__C,STRING
rpt-network-plng,sitetracker_data,USER,EMPLOYEE_START_DATE__C,DATE
rpt-network-plng,sitetracker_data,USER,EMPLOYEE_END_DATE__C,DATE
rpt-network-plng,sitetracker_data,USER,TRAINING_START_DATE__C,DATE
rpt-network-plng,sitetracker_data,USER,POSITION_START_DATE__C,DATE
rpt-network-plng,sitetracker_data,USER,POSITION_END_DATE__C,DATE
rpt-network-plng,sitetracker_data,USER,AREA__C,STRING
rpt-network-plng,sitetracker_data,USER,CREATE_MIRROR_CONTACT__C,NUMERIC
rpt-network-plng,sitetracker_data,USER,EQ_ID__C,STRING
rpt-network-plng,sitetracker_data,USER,LEGACY_SFDC_COMPANY__C,STRING
rpt-network-plng,sitetracker_data,USER,MARKETING_TOOLBOX_GROUP__C,STRING
rpt-network-plng,sitetracker_data,USER,SALES_OFFICE_RMG__C,STRING
rpt-network-plng,sitetracker_data,USER,UNCONFIRMED_EMAIL__C,STRING
rpt-network-plng,sitetracker_data,USER,SEGMENT__C,STRING
rpt-network-plng,sitetracker_data,USER,STRATEGIC_BLUE_SHEET_TRAINING_,DATE
rpt-network-plng,sitetracker_data,USER,ADVANCED_TEAM_SELLING_START_DA,DATE
rpt-network-plng,sitetracker_data,USER,COMMENTS__C,STRING
rpt-network-plng,sitetracker_data,USER,ORDERING_QUEUE__C,STRING
rpt-network-plng,sitetracker_data,USER,PLACEHOLDER_ID__C,STRING
rpt-network-plng,sitetracker_data,USER,DSFS__DSPROSFMEMBERSHIPSTATUS_,STRING
rpt-network-plng,sitetracker_data,USER,BILLING_TICKET_BULK_APPROVAL_N,NUMERIC
rpt-network-plng,sitetracker_data,USER,HR_EMP_NUM__C,STRING
rpt-network-plng,sitetracker_data,USER,BILLING_TICKET_QUEUE__C,STRING
rpt-network-plng,sitetracker_data,USER,DEALER_CODE__C,STRING
rpt-network-plng,sitetracker_data,USER,DEFAULT_ENGINEERING_GROUP__C,STRING
rpt-network-plng,sitetracker_data,USER,NIBS_ID__C,STRING
rpt-network-plng,sitetracker_data,USER,TOLL_FREE_NUMBER__C,STRING
rpt-network-plng,sitetracker_data,USER,USER_IS_ENGINEER__C,NUMERIC
rpt-network-plng,sitetracker_data,USER,USER_IS_ENGINEERING_MANAGER__C,NUMERIC
rpt-network-plng,sitetracker_data,USER,SR_MANAGER__C,STRING
rpt-network-plng,sitetracker_data,USER,IGNORE_OPPRTUNITY_VALIDATION_R,NUMERIC
rpt-network-plng,sitetracker_data,USER,PRAMATA_VIEW_ALL__C,NUMERIC
rpt-network-plng,sitetracker_data,USER,MKTO_SI__ISCACHINGANONWEBACTIV,NUMERIC
rpt-network-plng,sitetracker_data,USER,MKTO_SI__ISCACHINGBESTBETS__C,NUMERIC
rpt-network-plng,sitetracker_data,USER,MKTO_SI__ISCACHINGEMAILACTIVIT,NUMERIC
rpt-network-plng,sitetracker_data,USER,MKTO_SI__ISCACHINGGROUPEDWEBAC,NUMERIC
rpt-network-plng,sitetracker_data,USER,MKTO_SI__ISCACHINGINTERESTINGM,NUMERIC
rpt-network-plng,sitetracker_data,USER,MKTO_SI__ISCACHINGSCORINGLIST_,NUMERIC
rpt-network-plng,sitetracker_data,USER,MKTO_SI__ISCACHINGSTREAMLIST__,NUMERIC
rpt-network-plng,sitetracker_data,USER,MKTO_SI__ISCACHINGWATCHLIST__C,NUMERIC
rpt-network-plng,sitetracker_data,USER,MKTO_SI__ISCACHINGWEBACTIVITYL,NUMERIC
rpt-network-plng,sitetracker_data,USER,MKTO_SI__SALES_INSIGHT_COUNTER,NUMERIC
rpt-network-plng,sitetracker_data,USER,DIRECTOR_AVP_NCI_PLACEHOLDER_I,STRING
rpt-network-plng,sitetracker_data,USER,CHANNEL_REGION__C,STRING
rpt-network-plng,sitetracker_data,USER,BIGMACHINES__ACCESS_TYPE__C,STRING
rpt-network-plng,sitetracker_data,USER,BIGMACHINES__ASSOCIATION_TO_OR,STRING
rpt-network-plng,sitetracker_data,USER,BIGMACHINES__BULK_SYNCHRONIZAT,NUMERIC
rpt-network-plng,sitetracker_data,USER,BIGMACHINES__CURRENCY_PREFEREN,STRING
rpt-network-plng,sitetracker_data,USER,BIGMACHINES__DATE_TIME_FORMAT_,STRING
rpt-network-plng,sitetracker_data,USER,BIGMACHINES__DELEGATED_APPROVE,STRING
rpt-network-plng,sitetracker_data,USER,BIGMACHINES__LANGUAGE_PREFEREN,STRING
rpt-network-plng,sitetracker_data,USER,BIGMACHINES__LOGIN__C,STRING
rpt-network-plng,sitetracker_data,USER,BIGMACHINES__NUMBER_FORMAT__C,STRING
rpt-network-plng,sitetracker_data,USER,BIGMACHINES__PARTNER_ORGANIZAT,STRING
rpt-network-plng,sitetracker_data,USER,BIGMACHINES__PROVISIONED__C,NUMERIC
rpt-network-plng,sitetracker_data,USER,BIGMACHINES__TIME_ZONE__C,STRING
rpt-network-plng,sitetracker_data,USER,BIGMACHINES__UNIT_SYSTEM__C,STRING
rpt-network-plng,sitetracker_data,USER,BIGMACHINES__USER_GROUPS__C,STRING
rpt-network-plng,sitetracker_data,USER,COLL_ID__C,STRING
rpt-network-plng,sitetracker_data,USER,COLLECTIONS_CENTER__C,STRING
rpt-network-plng,sitetracker_data,USER,MANAGER_EMAIL__C,STRING
rpt-network-plng,sitetracker_data,USER,TMP_NITRO_USER__C,NUMERIC
rpt-network-plng,sitetracker_data,USER,REGION__C,STRING
rpt-network-plng,sitetracker_data,USER,AVAYA_AGENT_ID__C,STRING
rpt-network-plng,sitetracker_data,USER,COLLECTIONS_GROUP__C,STRING
rpt-network-plng,sitetracker_data,USER,SALES_CREDIT__C,STRING
rpt-network-plng,sitetracker_data,USER,SPL_FILTER_CODE__C,STRING
rpt-network-plng,sitetracker_data,USER,INTERNAL_ID_TYPE__C,STRING
rpt-network-plng,sitetracker_data,USER,BMISYNCHREQUIRED__C,NUMERIC
rpt-network-plng,sitetracker_data,USER,ENVISIONQUOTECREATERESTRICTED_,NUMERIC
rpt-network-plng,sitetracker_data,USER,SAVVIS_ROLE__C,STRING
rpt-network-plng,sitetracker_data,USER,ISUSERCREATEDINBMI__C,NUMERIC
rpt-network-plng,sitetracker_data,USER,BIGMACHINEUSERNAME__C,STRING
rpt-network-plng,sitetracker_data,USER,ORG__C,STRING
rpt-network-plng,sitetracker_data,USER,WEB_CONFERENCE__C,STRING
rpt-network-plng,sitetracker_data,USER,TERRITORY__C,STRING
rpt-network-plng,sitetracker_data,USER,CTS_SALES_REGION__C,STRING
rpt-network-plng,sitetracker_data,USER,SALES_BUSINESS_UNIT__C,STRING
rpt-network-plng,sitetracker_data,USER,CTS_REGION_GEO_NAME__C,STRING
rpt-network-plng,sitetracker_data,USER,USER_IS_BA_OWNER__C,NUMERIC
rpt-network-plng,sitetracker_data,USER,LITE_QUOTE_DEACTIVATION_DATE__,DATE
rpt-network-plng,sitetracker_data,USER,IQ_NETWORKING_CORE_CONNECT_TRA,DATE
rpt-network-plng,sitetracker_data,USER,LF_NAME__C,STRING
rpt-network-plng,sitetracker_data,USER,PREVIOUS_DIRECTOR__C,STRING
rpt-network-plng,sitetracker_data,USER,PREVIOUS_DIRECTOR_TEXT__C,STRING
rpt-network-plng,sitetracker_data,USER,WARNING__C,STRING
rpt-network-plng,sitetracker_data,USER,SALES_ROLE__C,STRING
rpt-network-plng,sitetracker_data,USER,WARNING_MESSAGE__C,STRING
rpt-network-plng,sitetracker_data,USER,TPC__C,STRING
rpt-network-plng,sitetracker_data,USER,EXPERTISE__C,STRING
rpt-network-plng,sitetracker_data,USER,PERSONNEL_NUMBER__C,STRING
rpt-network-plng,sitetracker_data,USER,PROFILE_NAME__C,STRING
rpt-network-plng,sitetracker_data,USER,PROFILE_USERLICENSE__C,STRING
rpt-network-plng,sitetracker_data,USER,TPC_IS_ME__C,NUMERIC
rpt-network-plng,sitetracker_data,USER,INTL_COLO_PRTNR__C,NUMERIC
rpt-network-plng,sitetracker_data,USER,LICENSE_ASSIGNMENT__C,STRING
rpt-network-plng,sitetracker_data,USER,DA_APPROVER__C,NUMERIC
rpt-network-plng,sitetracker_data,USER,NTM_WORKGROUP__C,STRING
rpt-network-plng,sitetracker_data,USER,APTTUS_APPROVAL__APPROVAL_LEVE,STRING
rpt-network-plng,sitetracker_data,USER,APTTUS_APPROVAL__NEXT_LEVEL_AP,STRING
rpt-network-plng,sitetracker_data,USER,SLS_TITLE__C,STRING
rpt-network-plng,sitetracker_data,USER,ACCESS_EXCEPTION__C,STRING
rpt-network-plng,sitetracker_data,USER,ADDITIONAL_BACKUP__C,STRING
rpt-network-plng,sitetracker_data,USER,API_URL__C,STRING
rpt-network-plng,sitetracker_data,USER,NS2020_ENABLED__C,NUMERIC
rpt-network-plng,sitetracker_data,USER,BACKUP__C,STRING
rpt-network-plng,sitetracker_data,USER,TEXT_DIRECTOR__C,STRING
rpt-network-plng,sitetracker_data,USER,USER_HIERARCHY__C,STRING
rpt-network-plng,sitetracker_data,USER,PARTNER_OPERATIONS__C,NUMERIC
rpt-network-plng,sitetracker_data,USER,TEXT_MANAGER__C,STRING
rpt-network-plng,sitetracker_data,USER,PRIMARY_SE__C,STRING
rpt-network-plng,sitetracker_data,USER,MEDAL_TYPE__C,STRING
rpt-network-plng,sitetracker_data,USER,ADDITIONAL_SALES_IDS__C,STRING
rpt-network-plng,sitetracker_data,USER,NETWORKING_OD_APPROVAL_USER__C,NUMERIC
rpt-network-plng,sitetracker_data,USER,ONTRACKADMIN__C,NUMERIC
rpt-network-plng,sitetracker_data,USER,LEAD_OPT_OUT__C,NUMERIC
rpt-network-plng,sitetracker_data,USER,PRIVILEGED_ACCESS_AUDIT_COMMEN,STRING
rpt-network-plng,sitetracker_data,USER,PRIVILEGED_ACCESS_AUDIT_DATE__,DATE
rpt-network-plng,sitetracker_data,USER,ALTIFY_ACCESS__C,NUMERIC
rpt-network-plng,sitetracker_data,USER,ASSIGNMENT_GROUP_ACTIVE__C,NUMERIC
rpt-network-plng,sitetracker_data,USER,DIVISION__C,STRING
rpt-network-plng,sitetracker_data,USER,EMPLOYEE_NUMBER__C,STRING
rpt-network-plng,sitetracker_data,USER,FTTT_MANAGER__C,STRING
rpt-network-plng,sitetracker_data,USER,GM_TEXT__C,STRING
rpt-network-plng,sitetracker_data,USER,GLOBAL_REGION__C,STRING
rpt-network-plng,sitetracker_data,USER,LEAD_TEXT__C,STRING
rpt-network-plng,sitetracker_data,USER,LOCAL_REGION__C,STRING
rpt-network-plng,sitetracker_data,USER,MIDDLE_NAME__C,STRING
rpt-network-plng,sitetracker_data,USER,MIGRATION_ACTION__C,STRING
rpt-network-plng,sitetracker_data,USER,MIGRATION_SOURCE_ID__C,STRING
rpt-network-plng,sitetracker_data,USER,PLAN_PROFILE__C,STRING
rpt-network-plng,sitetracker_data,USER,READY_TO_PROCESS__C,NUMERIC
rpt-network-plng,sitetracker_data,USER,SALES_CHANNEL__C,STRING
rpt-network-plng,sitetracker_data,USER,SALES_ENGINEERS_TEXT__C,STRING
rpt-network-plng,sitetracker_data,USER,SALES_EXEC_TEXT__C,STRING
rpt-network-plng,sitetracker_data,USER,SALES_MANAGER_TEXT__C,STRING
rpt-network-plng,sitetracker_data,USER,SCENARIO_ACCESS__C,STRING
rpt-network-plng,sitetracker_data,USER,SYSTEM_USER__C,NUMERIC
rpt-network-plng,sitetracker_data,USER,TEAM_NAME__C,STRING
rpt-network-plng,sitetracker_data,USER,UNIVERSAL_ID__C,STRING
rpt-network-plng,sitetracker_data,USER,USER_DEFINED_FIELD_1__C,STRING
rpt-network-plng,sitetracker_data,USER,USER_DEFINED_FIELD_2__C,STRING
rpt-network-plng,sitetracker_data,USER,USER_ID_18__C,STRING
rpt-network-plng,sitetracker_data,USER,CIE_DIRECT_APPROVER__C,STRING
rpt-network-plng,sitetracker_data,USER,CIE_PARTNER_APPROVER__C,STRING
rpt-network-plng,sitetracker_data,USER,EMPTY_STRING__C,STRING
rpt-network-plng,sitetracker_data,USER,POM_DIRECTOR__C,STRING
rpt-network-plng,sitetracker_data,USER,ACCOUNT_ASSIGNMENT_DELEGATED_A,STRING
rpt-network-plng,sitetracker_data,USER,SALES_EXECUTIVE__C,NUMERIC
rpt-network-plng,sitetracker_data,USER,SR_DIRECTOR_GM__C,STRING
rpt-network-plng,sitetracker_data,USER,SAT_TEAM_MEMBER__C,NUMERIC
rpt-network-plng,sitetracker_data,USER,ORACLE_ID_UNIQUE__C,STRING
rpt-network-plng,sitetracker_data,USER,UNIVERSAL_ID_UNIQUE__C,STRING
rpt-network-plng,sitetracker_data,USER,NOTIFICATION_SENT_DATE__C,DATE
rpt-network-plng,sitetracker_data,USER,REP_PLACEHOLDER_ID__C,STRING
rpt-network-plng,sitetracker_data,USER,MGR_SALES_ID__C,STRING
rpt-network-plng,sitetracker_data,USER,APTTUS_ACCESS__C,NUMERIC
rpt-network-plng,sitetracker_data,USER,LOCK_ACCT_OWNER__C,NUMERIC
rpt-network-plng,sitetracker_data,USER,LIGHTNING_ENABLED__C,NUMERIC
rpt-network-plng,sitetracker_data,USER,LIGHTNING_GROUP__C,STRING
rpt-network-plng,sitetracker_data,USER,LIGHTNING_TRANSITION_DATE__C,DATE
rpt-network-plng,sitetracker_data,USER,ALTIFY_CP_ACCESS__C,NUMERIC
rpt-network-plng,sitetracker_data,USER,ACCOUNT_ID__C,STRING
rpt-network-plng,sitetracker_data,USER,ALTIFY_AM_ACCESS__C,NUMERIC
rpt-network-plng,sitetracker_data,USER,ALTIFY_OM_ACCESS__C,NUMERIC
rpt-network-plng,sitetracker_data,USER,HOME_PAGE_DASHBOARD__C,STRING
rpt-network-plng,sitetracker_data,USER,BIGMACHINES__ALLOW_QUOTE_CREAT,NUMERIC
rpt-network-plng,sitetracker_data,USER,POSID_PLAN__C,STRING
rpt-network-plng,sitetracker_data,USER,PRMSO__PRAMATA_ROLE_NAME__C,STRING
rpt-network-plng,sitetracker_data,USER,PRMSO__PRAMATA_ROLE__C,STRING
rpt-network-plng,sitetracker_data,USER,USERPERMISSIONSKNOWLEDGEUSER,NUMERIC
rpt-network-plng,sitetracker_data,USER,USERPERMISSIONSSUPPORTUSER,NUMERIC
rpt-network-plng,sitetracker_data,USER,USERPERMISSIONSWORKDOTCOMUSERF,NUMERIC
rpt-network-plng,sitetracker_data,USER,USERPERMISSIONSLIVEAGENTUSER,NUMERIC
rpt-network-plng,sitetracker_data,USER,VLOCITY__C,NUMERIC
rpt-network-plng,sitetracker_data,USER,POSITION_ID_UNIQUE__C,STRING
rpt-network-plng,sitetracker_data,USER,OLD_SALLES_ID_TEMP__C,STRING
rpt-network-plng,sitetracker_data,USER,GAINSIGHT_FULL_LICENSE__C,NUMERIC
rpt-network-plng,sitetracker_data,USER,ABM_MARKET_ID__C,STRING
rpt-network-plng,sitetracker_data,USER,LBM_MARKET_ID__C,STRING
rpt-network-plng,sitetracker_data,USER,GAINSIGHT_VIEW_ONLY_LICENSE__C,NUMERIC
rpt-network-plng,sitetracker_data,USER,ALTIFY_SPM_ACCESS__C,NUMERIC
rpt-network-plng,sitetracker_data,USER,POOL_ID__C,STRING
rpt-network-plng,sitetracker_data,USER,APTTUS_LAST_USED_DATE__C,DATE
rpt-network-plng,sitetracker_data,USER,AZURE_TERM_DATE__C,DATE
rpt-network-plng,sitetracker_data,USER,STESR2__EDS_TEAM__C,STRING
rpt-network-plng,sitetracker_data,USER,SITETRACKER_USER__C,NUMERIC
rpt-network-plng,sitetracker_data,USER,AZURE_TERMED__C,NUMERIC
rpt-network-plng,sitetracker_data,USER,IS_USER_MANAGER__C,NUMERIC
rpt-network-plng,sitetracker_data,USER,GS_VIEWALL_FEDERAL__C,NUMERIC
rpt-network-plng,sitetracker_data,USER,GS_VIEWALL_IKLVRE__C,NUMERIC
rpt-network-plng,sitetracker_data,USER,GS_VIEWALL_INDIRECT__C,NUMERIC
rpt-network-plng,sitetracker_data,USER,GS_VIEWALL_INTERNATIONAL__C,NUMERIC
rpt-network-plng,sitetracker_data,USER,GS_VIEWALL_ONSHORE__C,NUMERIC
rpt-network-plng,sitetracker_data,USER,GS_VIEWALL_PUBLICSECTOR__C,NUMERIC
rpt-network-plng,sitetracker_data,USER,GS_VIEWALL_ULTIMATE__C,NUMERIC
rpt-network-plng,sitetracker_data,USER,SECURE_COMPANY__C,STRING
rpt-network-plng,sitetracker_data,USER,GAINSIGHT_VIEW_PLUS_LICENSE__C,NUMERIC
rpt-network-plng,sitetracker_data,USER,LIGHTSPEED_TO_VELOCITY_TRANSIT,NUMERIC
rpt-network-plng,sitetracker_data,USER,BQ_INSERT_TIMESTAMP,TIMESTAMP
rpt-network-plng,sitetracker_data,USER,BQ_UPDATE_TIMESTAMP,TIMESTAMP
rpt-network-plng,sitetracker_data,USER,BQ_INSERT_RUN_ID,STRING
rpt-network-plng,sitetracker_data,USER,BQ_UPDATE_RUN_ID,STRING
rpt-network-plng,sitetracker_data,ST_PERMITS_ALL_V,PERMIT_ID,STRING
rpt-network-plng,sitetracker_data,ST_PERMITS_ALL_V,ISDELETED_PROJ_PERMIT,NUMERIC
rpt-network-plng,sitetracker_data,ST_PERMITS_ALL_V,ADDRESS,STRING
rpt-network-plng,sitetracker_data,ST_PERMITS_ALL_V,AS_BUILT_APPROVED,TIMESTAMP
rpt-network-plng,sitetracker_data,ST_PERMITS_ALL_V,ST_PROJECT_ID,STRING
rpt-network-plng,sitetracker_data,ST_PERMITS_ALL_V,PROJECT_TYPE,STRING
rpt-network-plng,sitetracker_data,ST_PERMITS_ALL_V,SITE_PROJECT_TYPE_4FXP,STRING
rpt-network-plng,sitetracker_data,ST_PERMITS_ALL_V,AGENCY_CONTACT,STRING
rpt-network-plng,sitetracker_data,ST_PERMITS_ALL_V,AGENCY_EMAIL,STRING
rpt-network-plng,sitetracker_data,ST_PERMITS_ALL_V,AGENCY_NAME,STRING
rpt-network-plng,sitetracker_data,ST_PERMITS_ALL_V,AGENCY_PHONE,STRING
rpt-network-plng,sitetracker_data,ST_PERMITS_ALL_V,APPROVED_PERMIT_EXPIRE,TIMESTAMP
rpt-network-plng,sitetracker_data,ST_PERMITS_ALL_V,AS_BUILT_STATUS,STRING
rpt-network-plng,sitetracker_data,ST_PERMITS_ALL_V,AS_BUILT_SUBMITTED,TIMESTAMP
rpt-network-plng,sitetracker_data,ST_PERMITS_ALL_V,AS_BUILT_SURVEY_COMPLETE,TIMESTAMP
rpt-network-plng,sitetracker_data,ST_PERMITS_ALL_V,AS_BUILT_SURVEY_ECD,TIMESTAMP
rpt-network-plng,sitetracker_data,ST_PERMITS_ALL_V,AS_BUILT_SURVEY_PAID,TIMESTAMP
rpt-network-plng,sitetracker_data,ST_PERMITS_ALL_V,AS_BUILT_SURVEY_START,TIMESTAMP
rpt-network-plng,sitetracker_data,ST_PERMITS_ALL_V,AUTHORIZE_TO_PROCEED_RECEIVED_,TIMESTAMP
rpt-network-plng,sitetracker_data,ST_PERMITS_ALL_V,AUTOMATED_ETA_DATE,TIMESTAMP
rpt-network-plng,sitetracker_data,ST_PERMITS_ALL_V,AVERAGE_INTERVAL,NUMERIC
rpt-network-plng,sitetracker_data,ST_PERMITS_ALL_V,CITY,STRING
rpt-network-plng,sitetracker_data,ST_PERMITS_ALL_V,COMMENTS,STRING
rpt-network-plng,sitetracker_data,ST_PERMITS_ALL_V,CONSTRUCTION_COMPLETE,TIMESTAMP
rpt-network-plng,sitetracker_data,ST_PERMITS_ALL_V,CONSTRUCTION_COORDINATOR,STRING
rpt-network-plng,sitetracker_data,ST_PERMITS_ALL_V,CONSTRUCTION_POC,STRING
rpt-network-plng,sitetracker_data,ST_PERMITS_ALL_V,COUNT_OF_OTHER_LUMEN_SYSTEM_OR,NUMERIC
rpt-network-plng,sitetracker_data,ST_PERMITS_ALL_V,COUNTRY,STRING
rpt-network-plng,sitetracker_data,ST_PERMITS_ALL_V,COUNTY,STRING
rpt-network-plng,sitetracker_data,ST_PERMITS_ALL_V,CREATEDBYID,STRING
rpt-network-plng,sitetracker_data,ST_PERMITS_ALL_V,CREATEDBY,STRING
rpt-network-plng,sitetracker_data,ST_PERMITS_ALL_V,CREATEDDATE,TIMESTAMP
rpt-network-plng,sitetracker_data,ST_PERMITS_ALL_V,CURRENCYISOCODE,STRING
rpt-network-plng,sitetracker_data,ST_PERMITS_ALL_V,DESCRIPTION,STRING
rpt-network-plng,sitetracker_data,ST_PERMITS_ALL_V,ENGINEER,STRING
rpt-network-plng,sitetracker_data,ST_PERMITS_ALL_V,ENVIRONMENTAL_CLEARANCE,TIMESTAMP
rpt-network-plng,sitetracker_data,ST_PERMITS_ALL_V,ENVIRONMENTAL_CLEARANCE_APPROV,STRING
rpt-network-plng,sitetracker_data,ST_PERMITS_ALL_V,ENVIRONMENTAL_STUDY_REQUIRED__,STRING
rpt-network-plng,sitetracker_data,ST_PERMITS_ALL_V,FIELD_OPERATIONS,STRING
rpt-network-plng,sitetracker_data,ST_PERMITS_ALL_V,FIREWORKS_PROJECT_NUMBER,STRING
rpt-network-plng,sitetracker_data,ST_PERMITS_ALL_V,FIREWORKS_PROJECT_NUMBER_STAND,STRING
rpt-network-plng,sitetracker_data,ST_PERMITS_ALL_V,GIS_BUSINESS_DAYS,NUMERIC
rpt-network-plng,sitetracker_data,ST_PERMITS_ALL_V,GIS_BUSINESS_DAYS_NUMBER,NUMERIC
rpt-network-plng,sitetracker_data,ST_PERMITS_ALL_V,GIS_LATITUDE,STRING
rpt-network-plng,sitetracker_data,ST_PERMITS_ALL_V,GIS_LONGITUDE,STRING
rpt-network-plng,sitetracker_data,ST_PERMITS_ALL_V,GIS_NAME,STRING
rpt-network-plng,sitetracker_data,ST_PERMITS_ALL_V,GIS_PLACENAME,STRING
rpt-network-plng,sitetracker_data,ST_PERMITS_ALL_V,GIS_RESPONSE_DATE,TIMESTAMP
rpt-network-plng,sitetracker_data,ST_PERMITS_ALL_V,GIS_STATE,STRING
rpt-network-plng,sitetracker_data,ST_PERMITS_ALL_V,GIS_SWC,STRING
rpt-network-plng,sitetracker_data,ST_PERMITS_ALL_V,GIS_THIRD_PARTY_DAYS,NUMERIC
rpt-network-plng,sitetracker_data,ST_PERMITS_ALL_V,LEGACY_COMPANY,STRING
rpt-network-plng,sitetracker_data,ST_PERMITS_ALL_V,LINK_TO_PROJECT,NUMERIC
rpt-network-plng,sitetracker_data,ST_PERMITS_ALL_V,LOC_AERIAL_SLA,NUMERIC
rpt-network-plng,sitetracker_data,ST_PERMITS_ALL_V,LOC_CITY_SLA,NUMERIC
rpt-network-plng,sitetracker_data,ST_PERMITS_ALL_V,LOC_CONSTRUCTION,NUMERIC
rpt-network-plng,sitetracker_data,ST_PERMITS_ALL_V,LOC_COUNTY_SLA,NUMERIC
rpt-network-plng,sitetracker_data,ST_PERMITS_ALL_V,LOC_DOTROW_SLA,NUMERIC
rpt-network-plng,sitetracker_data,ST_PERMITS_ALL_V,LOC_DOTXING_SLA,NUMERIC
rpt-network-plng,sitetracker_data,ST_PERMITS_ALL_V,LOC_FEDERAL_SLA,NUMERIC
rpt-network-plng,sitetracker_data,ST_PERMITS_ALL_V,LOC_SS_ENG,NUMERIC
rpt-network-plng,sitetracker_data,ST_PERMITS_ALL_V,LOC_THIRD_PARTY_SLA,NUMERIC
rpt-network-plng,sitetracker_data,ST_PERMITS_ALL_V,LOC_UNDERGROUND_SLA,NUMERIC
rpt-network-plng,sitetracker_data,ST_PERMITS_ALL_V,LOC_WATER_SLA,NUMERIC
rpt-network-plng,sitetracker_data,ST_PERMITS_ALL_V,LOCATION_DESCRIPTION,STRING
rpt-network-plng,sitetracker_data,ST_PERMITS_ALL_V,MAP,STRING
rpt-network-plng,sitetracker_data,ST_PERMITS_ALL_V,NAT_AERIAL_SLA,NUMERIC
rpt-network-plng,sitetracker_data,ST_PERMITS_ALL_V,NAT_CITY_SLA,NUMERIC
rpt-network-plng,sitetracker_data,ST_PERMITS_ALL_V,NAT_CONSTRUCTION,NUMERIC
rpt-network-plng,sitetracker_data,ST_PERMITS_ALL_V,NAT_COUNTY_SLA,NUMERIC
rpt-network-plng,sitetracker_data,ST_PERMITS_ALL_V,NAT_DOTROW_SLA,NUMERIC
rpt-network-plng,sitetracker_data,ST_PERMITS_ALL_V,NAT_DOTXING_SLA,NUMERIC
rpt-network-plng,sitetracker_data,ST_PERMITS_ALL_V,NAT_FEDERAL_SLA,NUMERIC
rpt-network-plng,sitetracker_data,ST_PERMITS_ALL_V,NAT_SS_ENG,NUMERIC
rpt-network-plng,sitetracker_data,ST_PERMITS_ALL_V,NAT_THIRD_PARTY_SLA,NUMERIC
rpt-network-plng,sitetracker_data,ST_PERMITS_ALL_V,NAT_UNDERGROUND_SLA,NUMERIC
rpt-network-plng,sitetracker_data,ST_PERMITS_ALL_V,NAT_WATER_SLA,NUMERIC
rpt-network-plng,sitetracker_data,ST_PERMITS_ALL_V,NOTES,STRING
rpt-network-plng,sitetracker_data,ST_PERMITS_ALL_V,OWNERID,STRING
rpt-network-plng,sitetracker_data,ST_PERMITS_ALL_V,PAYMENT_OPTION,STRING
rpt-network-plng,sitetracker_data,ST_PERMITS_ALL_V,PE_NAME,STRING
rpt-network-plng,sitetracker_data,ST_PERMITS_ALL_V,PE_REQUIRED,STRING
rpt-network-plng,sitetracker_data,ST_PERMITS_ALL_V,PERMIT_AGENCY_REJECTION,STRING
rpt-network-plng,sitetracker_data,ST_PERMITS_ALL_V,PERMIT_APPROVED,TIMESTAMP
rpt-network-plng,sitetracker_data,ST_PERMITS_ALL_V,PERMIT_ASBUILT_NEEDED,STRING
rpt-network-plng,sitetracker_data,ST_PERMITS_ALL_V,PERMIT_COST,NUMERIC
rpt-network-plng,sitetracker_data,ST_PERMITS_ALL_V,PERMIT_ENVIRONMENT,STRING
rpt-network-plng,sitetracker_data,ST_PERMITS_ALL_V,PERMIT_ETA,TIMESTAMP
rpt-network-plng,sitetracker_data,ST_PERMITS_ALL_V,PERMIT_EXP_CONSTRUCTION,TIMESTAMP
rpt-network-plng,sitetracker_data,ST_PERMITS_ALL_V,PERMIT_LATITUDE,STRING
rpt-network-plng,sitetracker_data,ST_PERMITS_ALL_V,PERMIT_LEGACY_COMPANY,STRING
rpt-network-plng,sitetracker_data,ST_PERMITS_ALL_V,PERMIT_LONGITUDE,STRING
rpt-network-plng,sitetracker_data,ST_PERMITS_ALL_V,PERMIT_NUMBER,STRING
rpt-network-plng,sitetracker_data,ST_PERMITS_ALL_V,PERMIT_ORIGINATOR,STRING
rpt-network-plng,sitetracker_data,ST_PERMITS_ALL_V,PERMIT_RE_WORK,STRING
rpt-network-plng,sitetracker_data,ST_PERMITS_ALL_V,PERMIT_REQUEST_SUBMITTED_TO_VE,TIMESTAMP
rpt-network-plng,sitetracker_data,ST_PERMITS_ALL_V,PERMIT_STATUS,STRING
rpt-network-plng,sitetracker_data,ST_PERMITS_ALL_V,PERMIT_SUBMITTED,TIMESTAMP
rpt-network-plng,sitetracker_data,ST_PERMITS_ALL_V,PERMIT_TYPE_PROJ_PERMIT,STRING
rpt-network-plng,sitetracker_data,ST_PERMITS_ALL_V,PHYSICAL_WORK_LOCATION,STRING
rpt-network-plng,sitetracker_data,ST_PERMITS_ALL_V,PRIMARY_WIRE_CENTER_ID,STRING
rpt-network-plng,sitetracker_data,ST_PERMITS_ALL_V,RAILROAD_SUB_TYPE,STRING
rpt-network-plng,sitetracker_data,ST_PERMITS_ALL_V,RANGE_,STRING
rpt-network-plng,sitetracker_data,ST_PERMITS_ALL_V,REJECTED_DATE,TIMESTAMP
rpt-network-plng,sitetracker_data,ST_PERMITS_ALL_V,REQUESTING_AGENCY_PROJECT_ID__,STRING
rpt-network-plng,sitetracker_data,ST_PERMITS_ALL_V,RESUBMIT,TIMESTAMP
rpt-network-plng,sitetracker_data,ST_PERMITS_ALL_V,RESUBMIT_ETA,TIMESTAMP
rpt-network-plng,sitetracker_data,ST_PERMITS_ALL_V,RESUBMITTAL_COUNT,STRING
rpt-network-plng,sitetracker_data,ST_PERMITS_ALL_V,RESUBMITTAL_REASON,STRING
rpt-network-plng,sitetracker_data,ST_PERMITS_ALL_V,SCOPE_OF_WORK,STRING
rpt-network-plng,sitetracker_data,ST_PERMITS_ALL_V,SECTION,STRING
rpt-network-plng,sitetracker_data,ST_PERMITS_ALL_V,SITETRACKER_PROJECT,STRING
rpt-network-plng,sitetracker_data,ST_PERMITS_ALL_V,STANDALONE_LEGACY_COMPANY,STRING
rpt-network-plng,sitetracker_data,ST_PERMITS_ALL_V,STANDALONE_PERMIT,STRING
rpt-network-plng,sitetracker_data,ST_PERMITS_ALL_V,STATE,STRING
rpt-network-plng,sitetracker_data,ST_PERMITS_ALL_V,SWC,STRING
rpt-network-plng,sitetracker_data,ST_PERMITS_ALL_V,SYSTEMMODSTAMP_PROJ_PERMIT,TIMESTAMP
rpt-network-plng,sitetracker_data,ST_PERMITS_ALL_V,TCP,STRING
rpt-network-plng,sitetracker_data,ST_PERMITS_ALL_V,TCP_APPROVED,TIMESTAMP
rpt-network-plng,sitetracker_data,ST_PERMITS_ALL_V,THIRD_PARTY_DAYS,NUMERIC
rpt-network-plng,sitetracker_data,ST_PERMITS_ALL_V,TOWNSHIP,STRING
rpt-network-plng,sitetracker_data,ST_PERMITS_ALL_V,UPDATED_ETA,TIMESTAMP
rpt-network-plng,sitetracker_data,ST_PERMITS_ALL_V,VENDOR_COMPANY_EMAIL,STRING
rpt-network-plng,sitetracker_data,ST_PERMITS_ALL_V,VENDOR_COMPANY_NAME,STRING
rpt-network-plng,sitetracker_data,ST_PERMITS_ALL_V,VENDOR_SUBMITTAL_Y_N,STRING
rpt-network-plng,sitetracker_data,ST_PERMITS_ALL_V,ZIP_CODE,STRING
rpt-network-plng,sitetracker_data,ST_PERMITS_ALL_V,OTHER_COMMENTS,STRING
rpt-network-plng,sitetracker_data,ST_PERMITS_ALL_V,OTHER_LUMEN_SYSTEM,STRING
rpt-network-plng,sitetracker_data,ST_PERMITS_ALL_V,OTHER_LUMEN_SYSTEM_ID,STRING
rpt-network-plng,sitetracker_data,ST_PERMITS_ALL_V,SITETRACKER_PROJECT_PERMIT,STRING
rpt-network-plng,sitetracker_data,ST_PERMITS_ALL_V,NAME,STRING
rpt-network-plng,sitetracker_data,ST_PERMITS_ALL_V,PERMIT_TYPE,STRING
rpt-network-plng,sitetracker_data,ST_PERMITS_ALL_V,PROJECT_PERMIT_UNIQUE,STRING
rpt-network-plng,sitetracker_data,ST_PERMITS_ALL_V,ST_PERMIT_KEY,STRING
rpt-network-plng,sitetracker_data,ST_PERMITS_ALL_V,ST_PROJECT_KEY,STRING
rpt-network-plng,sitetracker_data,ST_PERMITS_ALL_V,LASTMODIFIEDBYID_KEY,STRING
rpt-network-plng,sitetracker_data,ST_PERMITS_ALL_V,LASTMODIFIEDBYID_PROJ_PERMIT,STRING
rpt-network-plng,sitetracker_data,ST_PERMITS_ALL_V,LASTACTIVITYDATE,TIMESTAMP
rpt-network-plng,sitetracker_data,ST_PERMITS_ALL_V,ID_PROJ_PERMIT_ID,STRING
rpt-network-plng,sitetracker_data,ST_PERMITS_ALL_V,LASTMODIFIEDDATE_PROJ_PERMIT,TIMESTAMP
rpt-network-plng,sitetracker_data,ST_ACTIVITY_ALL_T,ID_ACTIVITY_TABLE,STRING
rpt-network-plng,sitetracker_data,ST_ACTIVITY_ALL_T,ISDELETED,NUMERIC
rpt-network-plng,sitetracker_data,ST_ACTIVITY_ALL_T,NAME_ACTIVITY,STRING
rpt-network-plng,sitetracker_data,ST_ACTIVITY_ALL_T,CREATEDDATE,TIMESTAMP
rpt-network-plng,sitetracker_data,ST_ACTIVITY_ALL_T,CREATEDBYID,STRING
rpt-network-plng,sitetracker_data,ST_ACTIVITY_ALL_T,CREATED_BY,STRING
rpt-network-plng,sitetracker_data,ST_ACTIVITY_ALL_T,LASTMODIFIEDDATE,TIMESTAMP
rpt-network-plng,sitetracker_data,ST_ACTIVITY_ALL_T,LASTMODIFIEDBYID,STRING
rpt-network-plng,sitetracker_data,ST_ACTIVITY_ALL_T,LASTMODIFIEDBY,STRING
rpt-network-plng,sitetracker_data,ST_ACTIVITY_ALL_T,SYSTEMMODSTAMP,TIMESTAMP
rpt-network-plng,sitetracker_data,ST_ACTIVITY_ALL_T,LASTACTIVITYDATE,TIMESTAMP
rpt-network-plng,sitetracker_data,ST_ACTIVITY_ALL_T,LASTVIEWEDDATE,TIMESTAMP
rpt-network-plng,sitetracker_data,ST_ACTIVITY_ALL_T,LASTREFERENCEDDATE,TIMESTAMP
rpt-network-plng,sitetracker_data,ST_ACTIVITY_ALL_T,CONNECTIONRECEIVEDID,STRING
rpt-network-plng,sitetracker_data,ST_ACTIVITY_ALL_T,CONNECTIONSENTID,STRING
rpt-network-plng,sitetracker_data,ST_ACTIVITY_ALL_T,SITETRACKER__PROJECT,STRING
rpt-network-plng,sitetracker_data,ST_ACTIVITY_ALL_T,ST_PROJECT_ID,STRING
rpt-network-plng,sitetracker_data,ST_ACTIVITY_ALL_T,PROJECT_TYPE,STRING
rpt-network-plng,sitetracker_data,ST_ACTIVITY_ALL_T,GPON_FXP_SITE_PROJECT_TYPE,STRING
rpt-network-plng,sitetracker_data,ST_ACTIVITY_ALL_T,SITETRACKER__ACTION_VERB,STRING
rpt-network-plng,sitetracker_data,ST_ACTIVITY_ALL_T,SITETRACKER__ACTIVE,NUMERIC
rpt-network-plng,sitetracker_data,ST_ACTIVITY_ALL_T,SITETRACKER__ACTIVITYOWNER,STRING
rpt-network-plng,sitetracker_data,ST_ACTIVITY_ALL_T,ACTIVITY_OWNER,STRING
rpt-network-plng,sitetracker_data,ST_ACTIVITY_ALL_T,SITETRACKER__ACTIVITY_ACTIVE_D,TIMESTAMP
rpt-network-plng,sitetracker_data,ST_ACTIVITY_ALL_T,SITETRACKER__ACTIVITY_ACTIVITY,NUMERIC
rpt-network-plng,sitetracker_data,ST_ACTIVITY_ALL_T,SITETRACKER__ACTIVITY_CATEGORY,STRING
rpt-network-plng,sitetracker_data,ST_ACTIVITY_ALL_T,SITETRACKER__ACTIVITY_OWNER_OV,NUMERIC
rpt-network-plng,sitetracker_data,ST_ACTIVITY_ALL_T,SITETRACKER__ACTIVITY_OWNER_RE,STRING
rpt-network-plng,sitetracker_data,ST_ACTIVITY_ALL_T,SITETRACKER__ACTIVITY_OWNER,STRING
rpt-network-plng,sitetracker_data,ST_ACTIVITY_ALL_T,SITETRACKER__ACTIVITY_SEARCH__,STRING
rpt-network-plng,sitetracker_data,ST_ACTIVITY_ALL_T,SITETRACKER__ACTIVITY_SECTION_,STRING
rpt-network-plng,sitetracker_data,ST_ACTIVITY_ALL_T,SITETRACKER__ACTIVITY_STATUS__,STRING
rpt-network-plng,sitetracker_data,ST_ACTIVITY_ALL_T,SITETRACKER__ACTIVITY_TEMPLATE,STRING
rpt-network-plng,sitetracker_data,ST_ACTIVITY_ALL_T,SITETRACKER__ACTIVITY_TYPE,STRING
rpt-network-plng,sitetracker_data,ST_ACTIVITY_ALL_T,SITETRACKER__ACTUALDATE,TIMESTAMP
rpt-network-plng,sitetracker_data,ST_ACTIVITY_ALL_T,SITETRACKER__ACTUAL_MILESTONE_,STRING
rpt-network-plng,sitetracker_data,ST_ACTIVITY_ALL_T,SITETRACKER__APPROVED,NUMERIC
rpt-network-plng,sitetracker_data,ST_ACTIVITY_ALL_T,SITETRACKER__APPROVER,STRING
rpt-network-plng,sitetracker_data,ST_ACTIVITY_ALL_T,SITETRACKER__ATTACHMENT_COUNT_,NUMERIC
rpt-network-plng,sitetracker_data,ST_ACTIVITY_ALL_T,SITETRACKER__BASELINE_DATE,TIMESTAMP
rpt-network-plng,sitetracker_data,ST_ACTIVITY_ALL_T,SITETRACKER__BASELINE_TO_ACTUA,NUMERIC
rpt-network-plng,sitetracker_data,ST_ACTIVITY_ALL_T,SITETRACKERHECKLIST,STRING
rpt-network-plng,sitetracker_data,ST_ACTIVITY_ALL_T,SITETRACKEROMMENTS_HISTORY_,STRING
rpt-network-plng,sitetracker_data,ST_ACTIVITY_ALL_T,SITETRACKEROMMENTS,STRING
rpt-network-plng,sitetracker_data,ST_ACTIVITY_ALL_T,SITETRACKEROMPLETE,NUMERIC
rpt-network-plng,sitetracker_data,ST_ACTIVITY_ALL_T,SITETRACKEROMPLETED_PREDECE,STRING
rpt-network-plng,sitetracker_data,ST_ACTIVITY_ALL_T,SITETRACKERRITICAL,STRING
rpt-network-plng,sitetracker_data,ST_ACTIVITY_ALL_T,SITETRACKER__DURATION_OVERRIDE,NUMERIC
rpt-network-plng,sitetracker_data,ST_ACTIVITY_ALL_T,SITETRACKER__DURATION,NUMERIC
rpt-network-plng,sitetracker_data,ST_ACTIVITY_ALL_T,SITETRACKER__FINANCIAL,STRING
rpt-network-plng,sitetracker_data,ST_ACTIVITY_ALL_T,SITETRACKER__FORECAST_ACTUAL_F,STRING
rpt-network-plng,sitetracker_data,ST_ACTIVITY_ALL_T,SITETRACKER__FORECAST_ACTUAL__,TIMESTAMP
rpt-network-plng,sitetracker_data,ST_ACTIVITY_ALL_T,SITETRACKER__FORECAST_DATE_BLA,NUMERIC
rpt-network-plng,sitetracker_data,ST_ACTIVITY_ALL_T,SITETRACKER__FORECAST_DATE_CHA,NUMERIC
rpt-network-plng,sitetracker_data,ST_ACTIVITY_ALL_T,SITETRACKER__FORECAST_DATE_FIL,NUMERIC
rpt-network-plng,sitetracker_data,ST_ACTIVITY_ALL_T,SITETRACKER__FORECAST_DATE_PUL,NUMERIC
rpt-network-plng,sitetracker_data,ST_ACTIVITY_ALL_T,SITETRACKER__FORECAST_DATE_PUS,NUMERIC
rpt-network-plng,sitetracker_data,ST_ACTIVITY_ALL_T,SITETRACKER__FORECAST_DATE,TIMESTAMP
rpt-network-plng,sitetracker_data,ST_ACTIVITY_ALL_T,SITETRACKER__FORECAST_MILESTON,STRING
rpt-network-plng,sitetracker_data,ST_ACTIVITY_ALL_T,SITETRACKER__FORECAST_TO_ACTUA,NUMERIC
rpt-network-plng,sitetracker_data,ST_ACTIVITY_ALL_T,SITETRACKER__FORM_COMPLETE,NUMERIC
rpt-network-plng,sitetracker_data,ST_ACTIVITY_ALL_T,SITETRACKER__FORMATTED_ACTUAL_,STRING
rpt-network-plng,sitetracker_data,ST_ACTIVITY_ALL_T,SITETRACKER__FORMATTED_FORECAS,STRING
rpt-network-plng,sitetracker_data,ST_ACTIVITY_ALL_T,SITETRACKER__JOB,STRING
rpt-network-plng,sitetracker_data,ST_ACTIVITY_ALL_T,SITETRACKER__LATE_ENTRY_DAYS__,NUMERIC
rpt-network-plng,sitetracker_data,ST_ACTIVITY_ALL_T,SITETRACKER__LOCK,NUMERIC
rpt-network-plng,sitetracker_data,ST_ACTIVITY_ALL_T,SITETRACKER__MILESTONE_ACTUAL_,STRING
rpt-network-plng,sitetracker_data,ST_ACTIVITY_ALL_T,SITETRACKER__MILESTONE_FORECAS,STRING
rpt-network-plng,sitetracker_data,ST_ACTIVITY_ALL_T,SITETRACKER__MILESTONE_OBJECT_,STRING
rpt-network-plng,sitetracker_data,ST_ACTIVITY_ALL_T,SITETRACKER__MILESTONE,STRING
rpt-network-plng,sitetracker_data,ST_ACTIVITY_ALL_T,SITETRACKER__MY_ACTIVITY,NUMERIC
rpt-network-plng,sitetracker_data,ST_ACTIVITY_ALL_T,SITETRACKER__NA_DATE,TIMESTAMP
rpt-network-plng,sitetracker_data,ST_ACTIVITY_ALL_T,SITETRACKER__NA_REASON,STRING
rpt-network-plng,sitetracker_data,ST_ACTIVITY_ALL_T,SITETRACKER__NA,NUMERIC
rpt-network-plng,sitetracker_data,ST_ACTIVITY_ALL_T,SITETRACKER__NO_ACTIVITY_TEMPL,NUMERIC
rpt-network-plng,sitetracker_data,ST_ACTIVITY_ALL_T,SITETRACKER__NUMBER_OF_COMPLET,NUMERIC
rpt-network-plng,sitetracker_data,ST_ACTIVITY_ALL_T,SITETRACKER__NUMBER_OF_PREDECE,NUMERIC
rpt-network-plng,sitetracker_data,ST_ACTIVITY_ALL_T,SITETRACKER__OPTIONAL,NUMERIC
rpt-network-plng,sitetracker_data,ST_ACTIVITY_ALL_T,SITETRACKER__ORDER,NUMERIC
rpt-network-plng,sitetracker_data,ST_ACTIVITY_ALL_T,SITETRACKER__OVERDUE,NUMERIC
rpt-network-plng,sitetracker_data,ST_ACTIVITY_ALL_T,SITETRACKER__PREDECESSORS_COMP,TIMESTAMP
rpt-network-plng,sitetracker_data,ST_ACTIVITY_ALL_T,SITETRACKER__PREDECESSORS,STRING
rpt-network-plng,sitetracker_data,ST_ACTIVITY_ALL_T,SITETRACKER__PROJECT_TEMPLATE_,STRING
rpt-network-plng,sitetracker_data,ST_ACTIVITY_ALL_T,SITETRACKER__REJECTER,STRING
rpt-network-plng,sitetracker_data,ST_ACTIVITY_ALL_T,SITETRACKER__REWORK_COMMENTS__,STRING
rpt-network-plng,sitetracker_data,ST_ACTIVITY_ALL_T,SITETRACKER__REWORK_REASON_COD,STRING
rpt-network-plng,sitetracker_data,ST_ACTIVITY_ALL_T,SITETRACKER__REWORK,NUMERIC
rpt-network-plng,sitetracker_data,ST_ACTIVITY_ALL_T,SITETRACKER__SEND_EMAIL_ON_ACT,NUMERIC
rpt-network-plng,sitetracker_data,ST_ACTIVITY_ALL_T,SITETRACKER__WBS_CODE,STRING
rpt-network-plng,sitetracker_data,ST_ACTIVITY_ALL_T,ACTIVITY,STRING
rpt-network-plng,sitetracker_data,ST_ACTIVITY_ALL_T,COMPANY_CODE,STRING
rpt-network-plng,sitetracker_data,ST_ACTIVITY_ALL_T,CRITICAL_ACTIVITY,NUMERIC
rpt-network-plng,sitetracker_data,ST_ACTIVITY_ALL_T,MY_DIRECT_REPORT_S_ACTIVITY,NUMERIC
rpt-network-plng,sitetracker_data,ST_ACTIVITY_ALL_T,PROJECT_DESCRIPTION,STRING
rpt-network-plng,sitetracker_data,ST_ACTIVITY_ALL_T,PROJECT_ID,STRING
rpt-network-plng,sitetracker_data,ST_ACTIVITY_ALL_T,PROJECT_RECORD_ID,STRING
rpt-network-plng,sitetracker_data,ST_ACTIVITY_ALL_T,ACTIVE_HOLD,NUMERIC
rpt-network-plng,sitetracker_data,ST_ACTIVITY_ALL_T,OWNER_OVERRIDE_FORMULA,NUMERIC
rpt-network-plng,sitetracker_data,ST_ACTIVITY_ALL_T,MY_TEAM_S_ACTIVITY,NUMERIC
rpt-network-plng,sitetracker_data,ST_ACTIVITY_ALL_T,META_LOAD_DTTM,STRING
rpt-network-plng,sitetracker_data,PERMITSANDPOWER_CLASSIFICATION_XREF_T,STATE,STRING
rpt-network-plng,sitetracker_data,PERMITSANDPOWER_CLASSIFICATION_XREF_T,COUNTY,STRING
rpt-network-plng,sitetracker_data,PERMITSANDPOWER_CLASSIFICATION_XREF_T,CITY,STRING
rpt-network-plng,sitetracker_data,PERMITSANDPOWER_CLASSIFICATION_XREF_T,CBSA,STRING
rpt-network-plng,sitetracker_data,PERMITSANDPOWER_CLASSIFICATION_XREF_T,PERMIT_ROW_EASEMENT_DIFFICULTY,STRING
rpt-network-plng,sitetracker_data,PERMITSANDPOWER_CLASSIFICATION_XREF_T,POWER_COMPANY_NAME,STRING
rpt-network-plng,sitetracker_data,PERMITSANDPOWER_CLASSIFICATION_XREF_T,POWER_DIFFICULTY,STRING
rpt-network-plng,sitetracker_data,PERMITSANDPOWER_CLASSIFICATION_XREF_T,COMMENTS,STRING
rpt-network-plng,sitetracker_data,PERMITSANDPOWER_CLASSIFICATION_XREF_T,UPDATEDATE,TIMESTAMP
rpt-network-plng,sitetracker_data,ST_SOW_DAMAGES_AND_MTC_T,ST_PROJECT_ID,STRING
rpt-network-plng,sitetracker_data,ST_SOW_DAMAGES_AND_MTC_T,ST_INTERNAL_PROJECT_ID,STRING
rpt-network-plng,sitetracker_data,ST_SOW_DAMAGES_AND_MTC_T,ST_PROJECT_TYPE,STRING
rpt-network-plng,sitetracker_data,ST_SOW_DAMAGES_AND_MTC_T,ACTIVITY_CAUSING_DAMAGE,STRING
rpt-network-plng,sitetracker_data,ST_SOW_DAMAGES_AND_MTC_T,ADDITONAL_DETAILS_FOR_SCOPE_OF,STRING
rpt-network-plng,sitetracker_data,ST_SOW_DAMAGES_AND_MTC_T,ALT_BILL_TO_EMAIL,STRING
rpt-network-plng,sitetracker_data,ST_SOW_DAMAGES_AND_MTC_T,ALT_BILL_TO_PARTY,STRING
rpt-network-plng,sitetracker_data,ST_SOW_DAMAGES_AND_MTC_T,ALT_BILL_TO_PARTY_ADDRESS,STRING
rpt-network-plng,sitetracker_data,ST_SOW_DAMAGES_AND_MTC_T,ALT_BILL_TO_PARTY_CITY,STRING
rpt-network-plng,sitetracker_data,ST_SOW_DAMAGES_AND_MTC_T,ALT_BILL_TO_PARTY_INSURANCE_COMPANY,STRING
rpt-network-plng,sitetracker_data,ST_SOW_DAMAGES_AND_MTC_T,ALT_BILL_TO_PARTY_PHONE,STRING
rpt-network-plng,sitetracker_data,ST_SOW_DAMAGES_AND_MTC_T,ALT_BILL_TO_PARTY_STATE,STRING
rpt-network-plng,sitetracker_data,ST_SOW_DAMAGES_AND_MTC_T,ALT_BILL_TO_PARTY_ZIP,STRING
rpt-network-plng,sitetracker_data,ST_SOW_DAMAGES_AND_MTC_T,ARBITRATION_DATE,TIMESTAMP
rpt-network-plng,sitetracker_data,ST_SOW_DAMAGES_AND_MTC_T,ARBITRATION_DECISION,STRING
rpt-network-plng,sitetracker_data,ST_SOW_DAMAGES_AND_MTC_T,ARBITRATION_REQUEST_DATE,TIMESTAMP
rpt-network-plng,sitetracker_data,ST_SOW_DAMAGES_AND_MTC_T,ARE_THERE_DARK_FIBER_CUSTOMERS,STRING
rpt-network-plng,sitetracker_data,ST_SOW_DAMAGES_AND_MTC_T,ASSIGNED_TO,STRING
rpt-network-plng,sitetracker_data,ST_SOW_DAMAGES_AND_MTC_T,ATTORNEY_ASSIGNED,STRING
rpt-network-plng,sitetracker_data,ST_SOW_DAMAGES_AND_MTC_T,BILL_TO_OTHER,STRING
rpt-network-plng,sitetracker_data,ST_SOW_DAMAGES_AND_MTC_T,BILL_TO,STRING
rpt-network-plng,sitetracker_data,ST_SOW_DAMAGES_AND_MTC_T,BILLED_AMOUNT_FORMULA,NUMERIC
rpt-network-plng,sitetracker_data,ST_SOW_DAMAGES_AND_MTC_T,BILLED_DATE,TIMESTAMP
rpt-network-plng,sitetracker_data,ST_SOW_DAMAGES_AND_MTC_T,BILLING_CLOSURE_CODES,STRING
rpt-network-plng,sitetracker_data,ST_SOW_DAMAGES_AND_MTC_T,BILLING_HOLD_DATE,TIMESTAMP
rpt-network-plng,sitetracker_data,ST_SOW_DAMAGES_AND_MTC_T,BILLING_SYSTEM_INVOICE_DATE,TIMESTAMP
rpt-network-plng,sitetracker_data,ST_SOW_DAMAGES_AND_MTC_T,BILLING_SYSTEM_INVOICE,STRING
rpt-network-plng,sitetracker_data,ST_SOW_DAMAGES_AND_MTC_T,CMSBSWCUPS_TOTAL_1,NUMERIC
rpt-network-plng,sitetracker_data,ST_SOW_DAMAGES_AND_MTC_T,CMSBSWCUPS_TOTAL_2,NUMERIC
rpt-network-plng,sitetracker_data,ST_SOW_DAMAGES_AND_MTC_T,CMS_BSW_CUPS_NUMBER_1,STRING
rpt-network-plng,sitetracker_data,ST_SOW_DAMAGES_AND_MTC_T,CMS_BSW_CUPS_NUMBER_2,STRING
rpt-network-plng,sitetracker_data,ST_SOW_DAMAGES_AND_MTC_T,CMS_CONTRACTOR_COST_FORMULA,NUMERIC
rpt-network-plng,sitetracker_data,ST_SOW_DAMAGES_AND_MTC_T,CMS_JOB,STRING
rpt-network-plng,sitetracker_data,ST_SOW_DAMAGES_AND_MTC_T,CMS_PURPOSE_OR_TYPE,STRING
rpt-network-plng,sitetracker_data,ST_SOW_DAMAGES_AND_MTC_T,CABLE_FIBER_COUNT_DESCRIPTION_1,STRING
rpt-network-plng,sitetracker_data,ST_SOW_DAMAGES_AND_MTC_T,CABLE_FIBER_COUNT_DESCRIPTION_2,STRING
rpt-network-plng,sitetracker_data,ST_SOW_DAMAGES_AND_MTC_T,CABLE_FIBER_COUNT_DESCRIPTION_3,STRING
rpt-network-plng,sitetracker_data,ST_SOW_DAMAGES_AND_MTC_T,CABLE_FIBER_COUNT_DESCRIPTION_4,STRING
rpt-network-plng,sitetracker_data,ST_SOW_DAMAGES_AND_MTC_T,CABLE_FIBER_COUNT_DESCRIPTION_5,STRING
rpt-network-plng,sitetracker_data,ST_SOW_DAMAGES_AND_MTC_T,CLAIM_CANCELLED_REASON,STRING
rpt-network-plng,sitetracker_data,ST_SOW_DAMAGES_AND_MTC_T,CLAIM_CLASS_TYPE,STRING
rpt-network-plng,sitetracker_data,ST_SOW_DAMAGES_AND_MTC_T,CLAIM_CLOSED_REASON,STRING
rpt-network-plng,sitetracker_data,ST_SOW_DAMAGES_AND_MTC_T,CLAIM_NO_BILLING_REASON,STRING
rpt-network-plng,sitetracker_data,ST_SOW_DAMAGES_AND_MTC_T,CLAIM_STATUS,STRING
rpt-network-plng,sitetracker_data,ST_SOW_DAMAGES_AND_MTC_T,CLAIMS_JUMPER_NUMBER,STRING
rpt-network-plng,sitetracker_data,ST_SOW_DAMAGES_AND_MTC_T,CLOSE_DATE,TIMESTAMP
rpt-network-plng,sitetracker_data,ST_SOW_DAMAGES_AND_MTC_T,CLOSED_DATE,TIMESTAMP
rpt-network-plng,sitetracker_data,ST_SOW_DAMAGES_AND_MTC_T,COLLECTION_COMMISSION,NUMERIC
rpt-network-plng,sitetracker_data,ST_SOW_DAMAGES_AND_MTC_T,COLLECTION_VENDOR_BILL_SENT,TIMESTAMP
rpt-network-plng,sitetracker_data,ST_SOW_DAMAGES_AND_MTC_T,COMMISSION_AMOUNT,NUMERIC
rpt-network-plng,sitetracker_data,ST_SOW_DAMAGES_AND_MTC_T,COMMISSION_OVERRIDE_REASON,STRING
rpt-network-plng,sitetracker_data,ST_SOW_DAMAGES_AND_MTC_T,COMMISSION_PAID_DATE,TIMESTAMP
rpt-network-plng,sitetracker_data,ST_SOW_DAMAGES_AND_MTC_T,COMMISSION_PERCENTAGE_CATEGORY,STRING
rpt-network-plng,sitetracker_data,ST_SOW_DAMAGES_AND_MTC_T,COST_1,NUMERIC
rpt-network-plng,sitetracker_data,ST_SOW_DAMAGES_AND_MTC_T,COST_2,NUMERIC
rpt-network-plng,sitetracker_data,ST_SOW_DAMAGES_AND_MTC_T,COST_3,NUMERIC
rpt-network-plng,sitetracker_data,ST_SOW_DAMAGES_AND_MTC_T,COST_4,NUMERIC
rpt-network-plng,sitetracker_data,ST_SOW_DAMAGES_AND_MTC_T,COST_5,NUMERIC
rpt-network-plng,sitetracker_data,ST_SOW_DAMAGES_AND_MTC_T,COST_CENTER,STRING
rpt-network-plng,sitetracker_data,ST_SOW_DAMAGES_AND_MTC_T,COST_DISPUTE,STRING
rpt-network-plng,sitetracker_data,ST_SOW_DAMAGES_AND_MTC_T,COST_RECOVERY_MOVED_BACK,NUMERIC
rpt-network-plng,sitetracker_data,ST_SOW_DAMAGES_AND_MTC_T,COST_RECOVERY_NOTES,STRING
rpt-network-plng,sitetracker_data,ST_SOW_DAMAGES_AND_MTC_T,COUNT_SIZE_1,NUMERIC
rpt-network-plng,sitetracker_data,ST_SOW_DAMAGES_AND_MTC_T,COUNT_SIZE_2,NUMERIC
rpt-network-plng,sitetracker_data,ST_SOW_DAMAGES_AND_MTC_T,COUNT_SIZE_3,NUMERIC
rpt-network-plng,sitetracker_data,ST_SOW_DAMAGES_AND_MTC_T,COUNT_SIZE_4,NUMERIC
rpt-network-plng,sitetracker_data,ST_SOW_DAMAGES_AND_MTC_T,COUNT_SIZE_5,NUMERIC
rpt-network-plng,sitetracker_data,ST_SOW_DAMAGES_AND_MTC_T,DC_CREATED_BY,STRING
rpt-network-plng,sitetracker_data,ST_SOW_DAMAGES_AND_MTC_T,DCT_NUMBER,STRING
rpt-network-plng,sitetracker_data,ST_SOW_DAMAGES_AND_MTC_T,DAMAGE_ADDRESS,STRING
rpt-network-plng,sitetracker_data,ST_SOW_DAMAGES_AND_MTC_T,DAMAGE_CITY,STRING
rpt-network-plng,sitetracker_data,ST_SOW_DAMAGES_AND_MTC_T,DAMAGE_COUNTY,STRING
rpt-network-plng,sitetracker_data,ST_SOW_DAMAGES_AND_MTC_T,DAMAGE_DATE,TIMESTAMP
rpt-network-plng,sitetracker_data,ST_SOW_DAMAGES_AND_MTC_T,DAMAGE_INVESTIGATION_FEE,NUMERIC
rpt-network-plng,sitetracker_data,ST_SOW_DAMAGES_AND_MTC_T,DAMAGE_INVESTIGATION_RECEIVED,TIMESTAMP
rpt-network-plng,sitetracker_data,ST_SOW_DAMAGES_AND_MTC_T,DAMAGE_INVESTIGATION_RESPONSE,STRING
rpt-network-plng,sitetracker_data,ST_SOW_DAMAGES_AND_MTC_T,DAMAGE_INVESTIGATION_SUB_RESPONSE,STRING
rpt-network-plng,sitetracker_data,ST_SOW_DAMAGES_AND_MTC_T,DAMAGE_STATE_SOL_YEARS,NUMERIC
rpt-network-plng,sitetracker_data,ST_SOW_DAMAGES_AND_MTC_T,DAMAGE_STATE,STRING
rpt-network-plng,sitetracker_data,ST_SOW_DAMAGES_AND_MTC_T,DAMAGER_ADDRESS,STRING
rpt-network-plng,sitetracker_data,ST_SOW_DAMAGES_AND_MTC_T,DAMAGER_CATEGORY_OTHER,STRING
rpt-network-plng,sitetracker_data,ST_SOW_DAMAGES_AND_MTC_T,DAMAGER_CATEGORY,STRING
rpt-network-plng,sitetracker_data,ST_SOW_DAMAGES_AND_MTC_T,DAMAGER_CITY,STRING
rpt-network-plng,sitetracker_data,ST_SOW_DAMAGES_AND_MTC_T,DAMAGER_EMAIL,STRING
rpt-network-plng,sitetracker_data,ST_SOW_DAMAGES_AND_MTC_T,DAMAGER_INSURANCE_CO,STRING
rpt-network-plng,sitetracker_data,ST_SOW_DAMAGES_AND_MTC_T,DAMAGER_KNOWN,STRING
rpt-network-plng,sitetracker_data,ST_SOW_DAMAGES_AND_MTC_T,DAMAGER_NAME,STRING
rpt-network-plng,sitetracker_data,ST_SOW_DAMAGES_AND_MTC_T,DAMAGER_PHONE,STRING
rpt-network-plng,sitetracker_data,ST_SOW_DAMAGES_AND_MTC_T,DAMAGER_STATE,STRING
rpt-network-plng,sitetracker_data,ST_SOW_DAMAGES_AND_MTC_T,DAMAGER_WORKING_FOR_LUMEN,STRING
rpt-network-plng,sitetracker_data,ST_SOW_DAMAGES_AND_MTC_T,DAMAGER_ZIP,STRING
rpt-network-plng,sitetracker_data,ST_SOW_DAMAGES_AND_MTC_T,DAMAGER_A_LUMEN_CUSTOMER,STRING
rpt-network-plng,sitetracker_data,ST_SOW_DAMAGES_AND_MTC_T,DAMAGER_A_MUNI_OR_GOV_ENTITY,STRING
rpt-network-plng,sitetracker_data,ST_SOW_DAMAGES_AND_MTC_T,DAMAGING_COMPANY,STRING
rpt-network-plng,sitetracker_data,ST_SOW_DAMAGES_AND_MTC_T,DARK_FIBER_COMPANY_COUNT,STRING
rpt-network-plng,sitetracker_data,ST_SOW_DAMAGES_AND_MTC_T,DATE_PAID,TIMESTAMP
rpt-network-plng,sitetracker_data,ST_SOW_DAMAGES_AND_MTC_T,DATE_SENT_TO_ATTORNEY,TIMESTAMP
rpt-network-plng,sitetracker_data,ST_SOW_DAMAGES_AND_MTC_T,DATE_WORK_PERFORMED,TIMESTAMP
rpt-network-plng,sitetracker_data,ST_SOW_DAMAGES_AND_MTC_T,DATE_WORK_STARTED_1,TIMESTAMP
rpt-network-plng,sitetracker_data,ST_SOW_DAMAGES_AND_MTC_T,DATE_WORK_STARTED_2,TIMESTAMP
rpt-network-plng,sitetracker_data,ST_SOW_DAMAGES_AND_MTC_T,DATE_WORK_STARTED_3,TIMESTAMP
rpt-network-plng,sitetracker_data,ST_SOW_DAMAGES_AND_MTC_T,DATE_WORK_STARTED_4,TIMESTAMP
rpt-network-plng,sitetracker_data,ST_SOW_DAMAGES_AND_MTC_T,DATE_WORK_STARTED_5,TIMESTAMP
rpt-network-plng,sitetracker_data,ST_SOW_DAMAGES_AND_MTC_T,DATE_WORK_STOPPED_1,TIMESTAMP
rpt-network-plng,sitetracker_data,ST_SOW_DAMAGES_AND_MTC_T,DATE_WORK_STOPPED_2,TIMESTAMP
rpt-network-plng,sitetracker_data,ST_SOW_DAMAGES_AND_MTC_T,DATE_WORK_STOPPED_3,TIMESTAMP
rpt-network-plng,sitetracker_data,ST_SOW_DAMAGES_AND_MTC_T,DATE_WORK_STOPPED_4,TIMESTAMP
rpt-network-plng,sitetracker_data,ST_SOW_DAMAGES_AND_MTC_T,DATE_WORK_STOPPED_5,TIMESTAMP
rpt-network-plng,sitetracker_data,ST_SOW_DAMAGES_AND_MTC_T,DAYS_IN_STATUS,NUMERIC
rpt-network-plng,sitetracker_data,ST_SOW_DAMAGES_AND_MTC_T,DENIAL_WRITE_OFF_REVIEW_DATE,TIMESTAMP
rpt-network-plng,sitetracker_data,ST_SOW_DAMAGES_AND_MTC_T,DESCRIPTION_OF_EMERGENCY_REPAIR,STRING
rpt-network-plng,sitetracker_data,ST_SOW_DAMAGES_AND_MTC_T,DIG_TICKET_FOR_LOCATION,STRING
rpt-network-plng,sitetracker_data,ST_SOW_DAMAGES_AND_MTC_T,DISCOVERY_DATE,TIMESTAMP
rpt-network-plng,sitetracker_data,ST_SOW_DAMAGES_AND_MTC_T,DISCOVERY_NEEDED,STRING
rpt-network-plng,sitetracker_data,ST_SOW_DAMAGES_AND_MTC_T,DIVISION,STRING
rpt-network-plng,sitetracker_data,ST_SOW_DAMAGES_AND_MTC_T,DOES_THIS_INVOLVE_CAPITAL_EXPENDITURES,STRING
rpt-network-plng,sitetracker_data,ST_SOW_DAMAGES_AND_MTC_T,DUCTS_OWNED_BY_ADD_COMPANIES,STRING
rpt-network-plng,sitetracker_data,ST_SOW_DAMAGES_AND_MTC_T,EMPLOYEE_HOURS,NUMERIC
rpt-network-plng,sitetracker_data,ST_SOW_DAMAGES_AND_MTC_T,EMPLOYEE_NAME_1,STRING
rpt-network-plng,sitetracker_data,ST_SOW_DAMAGES_AND_MTC_T,EMPLOYEE_NAME_2,STRING
rpt-network-plng,sitetracker_data,ST_SOW_DAMAGES_AND_MTC_T,EMPLOYEE_NAME_3,STRING
rpt-network-plng,sitetracker_data,ST_SOW_DAMAGES_AND_MTC_T,EMPLOYEE_NAME_4,STRING
rpt-network-plng,sitetracker_data,ST_SOW_DAMAGES_AND_MTC_T,EMPLOYEE_NAME_5,STRING
rpt-network-plng,sitetracker_data,ST_SOW_DAMAGES_AND_MTC_T,EMPLOYEE_NAME,STRING
rpt-network-plng,sitetracker_data,ST_SOW_DAMAGES_AND_MTC_T,END_USER_CONTACT_INFO,STRING
rpt-network-plng,sitetracker_data,ST_SOW_DAMAGES_AND_MTC_T,ENTERED_ON_MOBILE_OR_BROWSER,STRING
rpt-network-plng,sitetracker_data,ST_SOW_DAMAGES_AND_MTC_T,EQUIPMENT_CAUSING_DAMAGE,STRING
rpt-network-plng,sitetracker_data,ST_SOW_DAMAGES_AND_MTC_T,ESTIMATED_CAPITAL_COST,NUMERIC
rpt-network-plng,sitetracker_data,ST_SOW_DAMAGES_AND_MTC_T,FRM_ADDRESS,STRING
rpt-network-plng,sitetracker_data,ST_SOW_DAMAGES_AND_MTC_T,FRM_APPROVAL_STATUS,STRING
rpt-network-plng,sitetracker_data,ST_SOW_DAMAGES_AND_MTC_T,FRM_CITY,STRING
rpt-network-plng,sitetracker_data,ST_SOW_DAMAGES_AND_MTC_T,FRM_COUNTRY,STRING
rpt-network-plng,sitetracker_data,ST_SOW_DAMAGES_AND_MTC_T,FRM_EXCHANGE_COUNTY,STRING
rpt-network-plng,sitetracker_data,ST_SOW_DAMAGES_AND_MTC_T,FRM_LEGACY_COMPANY,STRING
rpt-network-plng,sitetracker_data,ST_SOW_DAMAGES_AND_MTC_T,FRM_NOTES,STRING
rpt-network-plng,sitetracker_data,ST_SOW_DAMAGES_AND_MTC_T,FRM_OTHER_COUNTRY,STRING
rpt-network-plng,sitetracker_data,ST_SOW_DAMAGES_AND_MTC_T,FRM_SOW,STRING
rpt-network-plng,sitetracker_data,ST_SOW_DAMAGES_AND_MTC_T,FRM_STATE,STRING
rpt-network-plng,sitetracker_data,ST_SOW_DAMAGES_AND_MTC_T,FRM_TYPE_OF_FACILITIES,STRING
rpt-network-plng,sitetracker_data,ST_SOW_DAMAGES_AND_MTC_T,FRM_SUBTYPE_OF_FACILITIES,STRING
rpt-network-plng,sitetracker_data,ST_SOW_DAMAGES_AND_MTC_T,FACILITY_TYPE_1,STRING
rpt-network-plng,sitetracker_data,ST_SOW_DAMAGES_AND_MTC_T,FACILITY_TYPE_2,STRING
rpt-network-plng,sitetracker_data,ST_SOW_DAMAGES_AND_MTC_T,FACILITY_TYPE_3,STRING
rpt-network-plng,sitetracker_data,ST_SOW_DAMAGES_AND_MTC_T,FACILITY_TYPE_4,STRING
rpt-network-plng,sitetracker_data,ST_SOW_DAMAGES_AND_MTC_T,FACILITY_TYPE_5,STRING
rpt-network-plng,sitetracker_data,ST_SOW_DAMAGES_AND_MTC_T,FINANCIAL_DOCUMENTS_ATTACHED,STRING
rpt-network-plng,sitetracker_data,ST_SOW_DAMAGES_AND_MTC_T,FIREWORKS_ACTUALS,NUMERIC
rpt-network-plng,sitetracker_data,ST_SOW_DAMAGES_AND_MTC_T,FIREWORKS_ADJUSTMENT,NUMERIC
rpt-network-plng,sitetracker_data,ST_SOW_DAMAGES_AND_MTC_T,FIREWORKS_BILLED_FORMULA,NUMERIC
rpt-network-plng,sitetracker_data,ST_SOW_DAMAGES_AND_MTC_T,FLAT_RATE_BILLING,STRING
rpt-network-plng,sitetracker_data,ST_SOW_DAMAGES_AND_MTC_T,FLAT_RATE_PRICING,NUMERIC
rpt-network-plng,sitetracker_data,ST_SOW_DAMAGES_AND_MTC_T,GA_FEE,NUMERIC
rpt-network-plng,sitetracker_data,ST_SOW_DAMAGES_AND_MTC_T,HAS_WORK_BEEN_COMPLETED,STRING
rpt-network-plng,sitetracker_data,ST_SOW_DAMAGES_AND_MTC_T,HOURS_WORKED_1,NUMERIC
rpt-network-plng,sitetracker_data,ST_SOW_DAMAGES_AND_MTC_T,HOURS_WORKED_2,NUMERIC
rpt-network-plng,sitetracker_data,ST_SOW_DAMAGES_AND_MTC_T,HOURS_WORKED_3,NUMERIC
rpt-network-plng,sitetracker_data,ST_SOW_DAMAGES_AND_MTC_T,HOURS_WORKED_4,NUMERIC
rpt-network-plng,sitetracker_data,ST_SOW_DAMAGES_AND_MTC_T,HOURS_WORKED_5,NUMERIC
rpt-network-plng,sitetracker_data,ST_SOW_DAMAGES_AND_MTC_T,HOW_DID_DAMAGE_OCCUR,STRING
rpt-network-plng,sitetracker_data,ST_SOW_DAMAGES_AND_MTC_T,HOW_WAS_DAMAGER_IDENTIFIED,STRING
rpt-network-plng,sitetracker_data,ST_SOW_DAMAGES_AND_MTC_T,HOW_WAS_THE_REPAIR_COMPLETED,STRING
rpt-network-plng,sitetracker_data,ST_SOW_DAMAGES_AND_MTC_T,INTERNAL_ATTORNEY_ASSIGNED,STRING
rpt-network-plng,sitetracker_data,ST_SOW_DAMAGES_AND_MTC_T,INTERNAL_MATERIALS_1,STRING
rpt-network-plng,sitetracker_data,ST_SOW_DAMAGES_AND_MTC_T,INTERNAL_MATERIALS_2,STRING
rpt-network-plng,sitetracker_data,ST_SOW_DAMAGES_AND_MTC_T,INTERNAL_MATERIALS_3,STRING
rpt-network-plng,sitetracker_data,ST_SOW_DAMAGES_AND_MTC_T,INTERNAL_MATERIALS_4,STRING
rpt-network-plng,sitetracker_data,ST_SOW_DAMAGES_AND_MTC_T,INTERNAL_MATERIALS_5,STRING
rpt-network-plng,sitetracker_data,ST_SOW_DAMAGES_AND_MTC_T,IS_THIS_A_JOINT_OR_SHARED_DUCT,STRING
rpt-network-plng,sitetracker_data,ST_SOW_DAMAGES_AND_MTC_T,IS_THIS_A_SERVICE_AFFECTING_DAMAGE,STRING
rpt-network-plng,sitetracker_data,ST_SOW_DAMAGES_AND_MTC_T,JURISDICTION,STRING
rpt-network-plng,sitetracker_data,ST_SOW_DAMAGES_AND_MTC_T,LABOR_COST_1,NUMERIC
rpt-network-plng,sitetracker_data,ST_SOW_DAMAGES_AND_MTC_T,LABOR_COST_2,NUMERIC
rpt-network-plng,sitetracker_data,ST_SOW_DAMAGES_AND_MTC_T,LABOR_COST_3,NUMERIC
rpt-network-plng,sitetracker_data,ST_SOW_DAMAGES_AND_MTC_T,LABOR_COST_4,NUMERIC
rpt-network-plng,sitetracker_data,ST_SOW_DAMAGES_AND_MTC_T,LABOR_COST_5,NUMERIC
rpt-network-plng,sitetracker_data,ST_SOW_DAMAGES_AND_MTC_T,LABOR_RATE_1,NUMERIC
rpt-network-plng,sitetracker_data,ST_SOW_DAMAGES_AND_MTC_T,LABOR_RATE_2,NUMERIC
rpt-network-plng,sitetracker_data,ST_SOW_DAMAGES_AND_MTC_T,LABOR_RATE_3,NUMERIC
rpt-network-plng,sitetracker_data,ST_SOW_DAMAGES_AND_MTC_T,LABOR_RATE_4,NUMERIC
rpt-network-plng,sitetracker_data,ST_SOW_DAMAGES_AND_MTC_T,LABOR_RATE_5,NUMERIC
rpt-network-plng,sitetracker_data,ST_SOW_DAMAGES_AND_MTC_T,LEGACY_COMPANY_1,STRING
rpt-network-plng,sitetracker_data,ST_SOW_DAMAGES_AND_MTC_T,LEGACY_COMPANY_2,STRING
rpt-network-plng,sitetracker_data,ST_SOW_DAMAGES_AND_MTC_T,LEGACY_COMPANY_3,STRING
rpt-network-plng,sitetracker_data,ST_SOW_DAMAGES_AND_MTC_T,LEGACY_COMPANY_4,STRING
rpt-network-plng,sitetracker_data,ST_SOW_DAMAGES_AND_MTC_T,LEGACY_COMPANY_5,STRING
rpt-network-plng,sitetracker_data,ST_SOW_DAMAGES_AND_MTC_T,LEGAL_REVIEW_DATE,TIMESTAMP
rpt-network-plng,sitetracker_data,ST_SOW_DAMAGES_AND_MTC_T,LIABILITY_ACCEPTED,STRING
rpt-network-plng,sitetracker_data,ST_SOW_DAMAGES_AND_MTC_T,LITIGATION_NOTES,STRING
rpt-network-plng,sitetracker_data,ST_SOW_DAMAGES_AND_MTC_T,LITIGATION_STATUS,STRING
rpt-network-plng,sitetracker_data,ST_SOW_DAMAGES_AND_MTC_T,LOCATE_COMPANY_TYPE,STRING
rpt-network-plng,sitetracker_data,ST_SOW_DAMAGES_AND_MTC_T,LOCATE_COMPANY,STRING
rpt-network-plng,sitetracker_data,ST_SOW_DAMAGES_AND_MTC_T,LOCATE_INVESTIGATION_CODE,STRING
rpt-network-plng,sitetracker_data,ST_SOW_DAMAGES_AND_MTC_T,LOCATE_INVESTIGATION_FEE,NUMERIC
rpt-network-plng,sitetracker_data,ST_SOW_DAMAGES_AND_MTC_T,LOCATE_TICKET_NUMBER,STRING
rpt-network-plng,sitetracker_data,ST_SOW_DAMAGES_AND_MTC_T,LOCATION_DETAILS,STRING
rpt-network-plng,sitetracker_data,ST_SOW_DAMAGES_AND_MTC_T,LOCATION_MOBILE_APP_USED,STRING
rpt-network-plng,sitetracker_data,ST_SOW_DAMAGES_AND_MTC_T,LOCATOR_NOTICE_SENT,TIMESTAMP
rpt-network-plng,sitetracker_data,ST_SOW_DAMAGES_AND_MTC_T,LOSS_OF_USE,NUMERIC
rpt-network-plng,sitetracker_data,ST_SOW_DAMAGES_AND_MTC_T,MATERIAL_COSTS,NUMERIC
rpt-network-plng,sitetracker_data,ST_SOW_DAMAGES_AND_MTC_T,MATERIAL_TYPE_1,STRING
rpt-network-plng,sitetracker_data,ST_SOW_DAMAGES_AND_MTC_T,MATERIAL_TYPE_2,STRING
rpt-network-plng,sitetracker_data,ST_SOW_DAMAGES_AND_MTC_T,MATERIAL_TYPE_3,STRING
rpt-network-plng,sitetracker_data,ST_SOW_DAMAGES_AND_MTC_T,MATERIAL_TYPE_4,STRING
rpt-network-plng,sitetracker_data,ST_SOW_DAMAGES_AND_MTC_T,MATERIAL_TYPE_5,STRING
rpt-network-plng,sitetracker_data,ST_SOW_DAMAGES_AND_MTC_T,MOBILE_APP_RECORD_GUID,STRING
rpt-network-plng,sitetracker_data,ST_SOW_DAMAGES_AND_MTC_T,MOBILE_CLAIM_NUMBER,STRING
rpt-network-plng,sitetracker_data,ST_SOW_DAMAGES_AND_MTC_T,MOBILE_CREATE_DATE,TIMESTAMP
rpt-network-plng,sitetracker_data,ST_SOW_DAMAGES_AND_MTC_T,NEAREST_INTERSECTION,STRING
rpt-network-plng,sitetracker_data,ST_SOW_DAMAGES_AND_MTC_T,NO_BILL_CLOSURE_CODES,STRING
rpt-network-plng,sitetracker_data,ST_SOW_DAMAGES_AND_MTC_T,NOTICE_LETTER_SENT_DATE,TIMESTAMP
rpt-network-plng,sitetracker_data,ST_SOW_DAMAGES_AND_MTC_T,NOTICE_LETTER,STRING
rpt-network-plng,sitetracker_data,ST_SOW_DAMAGES_AND_MTC_T,OTHERNO_BILL_DESCRIPTION,STRING
rpt-network-plng,sitetracker_data,ST_SOW_DAMAGES_AND_MTC_T,OTHER_NO_BILL_CLOSURE_CODE,STRING
rpt-network-plng,sitetracker_data,ST_SOW_DAMAGES_AND_MTC_T,OTHER_REPAIR_TYPE,STRING
rpt-network-plng,sitetracker_data,ST_SOW_DAMAGES_AND_MTC_T,OUTAGE_CREDITS,NUMERIC
rpt-network-plng,sitetracker_data,ST_SOW_DAMAGES_AND_MTC_T,OVERRIDE_DAMAGE_INVESTIGATION,NUMERIC
rpt-network-plng,sitetracker_data,ST_SOW_DAMAGES_AND_MTC_T,OVERRIDE_G_A_FEE,NUMERIC
rpt-network-plng,sitetracker_data,ST_SOW_DAMAGES_AND_MTC_T,PAID_AMOUNT,NUMERIC
rpt-network-plng,sitetracker_data,ST_SOW_DAMAGES_AND_MTC_T,PAID_DATE,TIMESTAMP
rpt-network-plng,sitetracker_data,ST_SOW_DAMAGES_AND_MTC_T,PAYMENT_PLAN_APPROVAL_DATE,TIMESTAMP
rpt-network-plng,sitetracker_data,ST_SOW_DAMAGES_AND_MTC_T,PAYMENT_PLAN,STRING
rpt-network-plng,sitetracker_data,ST_SOW_DAMAGES_AND_MTC_T,PAYMENT_PLAN_TERMS,STRING
rpt-network-plng,sitetracker_data,ST_SOW_DAMAGES_AND_MTC_T,PAYMENT_RELEASE_DOCUMENT_DATE,TIMESTAMP
rpt-network-plng,sitetracker_data,ST_SOW_DAMAGES_AND_MTC_T,POLICE_REPORT_CALLED_IN,STRING
rpt-network-plng,sitetracker_data,ST_SOW_DAMAGES_AND_MTC_T,POLICE_REPORT_RECEIVED,TIMESTAMP
rpt-network-plng,sitetracker_data,ST_SOW_DAMAGES_AND_MTC_T,POLICE_REPORT_REQUESTED,TIMESTAMP
rpt-network-plng,sitetracker_data,ST_SOW_DAMAGES_AND_MTC_T,PREVENTABLE_CLASS,STRING
rpt-network-plng,sitetracker_data,ST_SOW_DAMAGES_AND_MTC_T,PREVENTABLE_DATE,TIMESTAMP
rpt-network-plng,sitetracker_data,ST_SOW_DAMAGES_AND_MTC_T,PRODUCT_TYPE,STRING
rpt-network-plng,sitetracker_data,ST_SOW_DAMAGES_AND_MTC_T,PROJECT_TYPE,STRING
rpt-network-plng,sitetracker_data,ST_SOW_DAMAGES_AND_MTC_T,READY_FOR_APPROVAL,NUMERIC
rpt-network-plng,sitetracker_data,ST_SOW_DAMAGES_AND_MTC_T,REBILL_DATE,TIMESTAMP
rpt-network-plng,sitetracker_data,ST_SOW_DAMAGES_AND_MTC_T,REBILLED_TO,STRING
rpt-network-plng,sitetracker_data,ST_SOW_DAMAGES_AND_MTC_T,RECOVERED_BY,STRING
rpt-network-plng,sitetracker_data,ST_SOW_DAMAGES_AND_MTC_T,RECOVERED_NET,NUMERIC
rpt-network-plng,sitetracker_data,ST_SOW_DAMAGES_AND_MTC_T,REFERRED_TO_DATE,TIMESTAMP
rpt-network-plng,sitetracker_data,ST_SOW_DAMAGES_AND_MTC_T,REFERRED_TO,STRING
rpt-network-plng,sitetracker_data,ST_SOW_DAMAGES_AND_MTC_T,REGION,STRING
rpt-network-plng,sitetracker_data,ST_SOW_DAMAGES_AND_MTC_T,RELATED_FW_OR_CMSCUPS_NUMBER,STRING
rpt-network-plng,sitetracker_data,ST_SOW_DAMAGES_AND_MTC_T,REPAIR_TICKET_NUMBER,STRING
rpt-network-plng,sitetracker_data,ST_SOW_DAMAGES_AND_MTC_T,REPAIR_TYPE,STRING
rpt-network-plng,sitetracker_data,ST_SOW_DAMAGES_AND_MTC_T,REPORT_NUMBER,STRING
rpt-network-plng,sitetracker_data,ST_SOW_DAMAGES_AND_MTC_T,REPORT_TYPE_1,STRING
rpt-network-plng,sitetracker_data,ST_SOW_DAMAGES_AND_MTC_T,REPORT_TYPE_2,STRING
rpt-network-plng,sitetracker_data,ST_SOW_DAMAGES_AND_MTC_T,REPORT_TYPE_3,STRING
rpt-network-plng,sitetracker_data,ST_SOW_DAMAGES_AND_MTC_T,REPORT_TYPE_4,STRING
rpt-network-plng,sitetracker_data,ST_SOW_DAMAGES_AND_MTC_T,REPORT_TYPE_5,STRING
rpt-network-plng,sitetracker_data,ST_SOW_DAMAGES_AND_MTC_T,REQUESTED_MONTHYEAR_OF_SPEND,TIMESTAMP
rpt-network-plng,sitetracker_data,ST_SOW_DAMAGES_AND_MTC_T,ROOT_CAUSE,STRING
rpt-network-plng,sitetracker_data,ST_SOW_DAMAGES_AND_MTC_T,SOL_DATE,TIMESTAMP
rpt-network-plng,sitetracker_data,ST_SOW_DAMAGES_AND_MTC_T,SROEMAIL,STRING
rpt-network-plng,sitetracker_data,ST_SOW_DAMAGES_AND_MTC_T,SRO_NAME,STRING
rpt-network-plng,sitetracker_data,ST_SOW_DAMAGES_AND_MTC_T,STB_FINANCIALLY_ACTIONABLE_DATE,TIMESTAMP
rpt-network-plng,sitetracker_data,ST_SOW_DAMAGES_AND_MTC_T,STB_RETURN_TO_FIELD_DATE,TIMESTAMP
rpt-network-plng,sitetracker_data,ST_SOW_DAMAGES_AND_MTC_T,STB_RETURN_TO_LOCATOR_DATE,TIMESTAMP
rpt-network-plng,sitetracker_data,ST_SOW_DAMAGES_AND_MTC_T,SCOPE_DETAILS,STRING
rpt-network-plng,sitetracker_data,ST_SOW_DAMAGES_AND_MTC_T,SENT_TO_IRU,TIMESTAMP
rpt-network-plng,sitetracker_data,ST_SOW_DAMAGES_AND_MTC_T,SETTLED_AMOUNT,NUMERIC
rpt-network-plng,sitetracker_data,ST_SOW_DAMAGES_AND_MTC_T,SETTLED_DATE,TIMESTAMP
rpt-network-plng,sitetracker_data,ST_SOW_DAMAGES_AND_MTC_T,SETTLED_PAYMENT_IN_PROCESS_DATE,TIMESTAMP
rpt-network-plng,sitetracker_data,ST_SOW_DAMAGES_AND_MTC_T,SETTLEMENT_PERCENTAGE,NUMERIC
rpt-network-plng,sitetracker_data,ST_SOW_DAMAGES_AND_MTC_T,SEVERITY_OF_ISSUE,STRING
rpt-network-plng,sitetracker_data,ST_SOW_DAMAGES_AND_MTC_T,SITETRACKER_LOCATOR,STRING
rpt-network-plng,sitetracker_data,ST_SOW_DAMAGES_AND_MTC_T,STATUS_CODE,STRING
rpt-network-plng,sitetracker_data,ST_SOW_DAMAGES_AND_MTC_T,STATUS_LAST_CHANGED_DATE,TIMESTAMP
rpt-network-plng,sitetracker_data,ST_SOW_DAMAGES_AND_MTC_T,SUBMITTER_NAME,STRING
rpt-network-plng,sitetracker_data,ST_SOW_DAMAGES_AND_MTC_T,SUIT_FILED_DATE,TIMESTAMP
rpt-network-plng,sitetracker_data,ST_SOW_DAMAGES_AND_MTC_T,TEAMS_APP,STRING
rpt-network-plng,sitetracker_data,ST_SOW_DAMAGES_AND_MTC_T,TOTAL_LABOR_COST,NUMERIC
rpt-network-plng,sitetracker_data,ST_SOW_DAMAGES_AND_MTC_T,TOTAL_MATERIAL_COST,NUMERIC
rpt-network-plng,sitetracker_data,ST_SOW_DAMAGES_AND_MTC_T,TOTAL_PROJECT_AMOUNT,NUMERIC
rpt-network-plng,sitetracker_data,ST_SOW_DAMAGES_AND_MTC_T,UPDATED_ASBUILTS_FROM_EVENT,STRING
rpt-network-plng,sitetracker_data,ST_SOW_DAMAGES_AND_MTC_T,USER_NAME,STRING
rpt-network-plng,sitetracker_data,ST_SOW_DAMAGES_AND_MTC_T,USER_EMAIL,STRING
rpt-network-plng,sitetracker_data,ST_SOW_DAMAGES_AND_MTC_T,USER_MOBILE_NUMBER,STRING
rpt-network-plng,sitetracker_data,ST_SOW_DAMAGES_AND_MTC_T,USER_MRO_NAME,STRING
rpt-network-plng,sitetracker_data,ST_SOW_DAMAGES_AND_MTC_T,USER_MRO_EMAIL,STRING
rpt-network-plng,sitetracker_data,ST_SOW_DAMAGES_AND_MTC_T,USER_MRO_MOBILE_NUMBER,STRING
rpt-network-plng,sitetracker_data,ST_SOW_DAMAGES_AND_MTC_T,USER_SRO_MOBILE_NUMBER,STRING
rpt-network-plng,sitetracker_data,ST_SOW_DAMAGES_AND_MTC_T,VENDOR_INVOICED_DATE,TIMESTAMP
rpt-network-plng,sitetracker_data,ST_SOW_DAMAGES_AND_MTC_T,WHO_HIRED_DAMAGING_CONTRACTOR,STRING
rpt-network-plng,sitetracker_data,ST_SOW_DAMAGES_AND_MTC_T,WHO_OWNS_THE_DUCTS_OR_ADD_CABLES,STRING
rpt-network-plng,sitetracker_data,ST_SOW_DAMAGES_AND_MTC_T,WHO_SHOULD_RECEIVE_BILL,STRING
rpt-network-plng,sitetracker_data,ST_SOW_DAMAGES_AND_MTC_T,WITNESS_COMPANY,STRING
rpt-network-plng,sitetracker_data,ST_SOW_DAMAGES_AND_MTC_T,WITNESS_NAME,STRING
rpt-network-plng,sitetracker_data,ST_SOW_DAMAGES_AND_MTC_T,WITNESS_PHONE_NUMBER,STRING
rpt-network-plng,sitetracker_data,ST_SOW_DAMAGES_AND_MTC_T,X3RD_PARTY_INVOICED_DATE,TIMESTAMP
rpt-network-plng,sitetracker_data,ST_SOW_DAMAGES_AND_MTC_T,XRD_PARTY_FEES,NUMERIC
rpt-network-plng,sitetracker_data,ST_SOW_DAMAGES_AND_MTC_T,DAMAGE_CLAIMS_NUMBER_AUTO,STRING
rpt-network-plng,sitetracker_data,ST_SOW_DAMAGES_AND_MTC_T,META_LOAD_DATE,DATE
rpt-network-plng,sitetracker_data,LDR_ST_FXP_PHASES_V,ST_PROJECT_ID,STRING
rpt-network-plng,sitetracker_data,LDR_ST_FXP_PHASES_V,PROJECT_TYPE,STRING
rpt-network-plng,sitetracker_data,LDR_ST_FXP_PHASES_V,REGION,STRING
rpt-network-plng,sitetracker_data,LDR_ST_FXP_PHASES_V,STATE,STRING
rpt-network-plng,sitetracker_data,LDR_ST_FXP_PHASES_V,COUNTY,STRING
rpt-network-plng,sitetracker_data,LDR_ST_FXP_PHASES_V,CITY,STRING
rpt-network-plng,sitetracker_data,LDR_ST_FXP_PHASES_V,EXCHANGE_NAME,STRING
rpt-network-plng,sitetracker_data,LDR_ST_FXP_PHASES_V,EXCHANGE,STRING
rpt-network-plng,sitetracker_data,LDR_ST_FXP_PHASES_V,COMPANY_CODE,STRING
rpt-network-plng,sitetracker_data,LDR_ST_FXP_PHASES_V,LEGACY_COMPANY,STRING
rpt-network-plng,sitetracker_data,LDR_ST_FXP_PHASES_V,MARKET_CLUSTER,STRING
rpt-network-plng,sitetracker_data,LDR_ST_FXP_PHASES_V,PRIMARY_WIRE_CENTER_ID,STRING
rpt-network-plng,sitetracker_data,LDR_ST_FXP_PHASES_V,PRIMARY_WIRE_CENTER_NAME,STRING
rpt-network-plng,sitetracker_data,LDR_ST_FXP_PHASES_V,FW_PROJECT_ID,STRING
rpt-network-plng,sitetracker_data,LDR_ST_FXP_PHASES_V,CONSTRUCTION_COORDINATOR_NAME,STRING
rpt-network-plng,sitetracker_data,LDR_ST_FXP_PHASES_V,CONSTRUCTION_COORDINATOR_CUID,STRING
rpt-network-plng,sitetracker_data,LDR_ST_FXP_PHASES_V,GPON_PM_NAME,STRING
rpt-network-plng,sitetracker_data,LDR_ST_FXP_PHASES_V,GPON_PM_CUID,STRING
rpt-network-plng,sitetracker_data,LDR_ST_FXP_PHASES_V,IMPLEMENTATION_PM_NAME,STRING
rpt-network-plng,sitetracker_data,LDR_ST_FXP_PHASES_V,IMPLEMENTATION_PM_CUID,STRING
rpt-network-plng,sitetracker_data,LDR_ST_FXP_PHASES_V,MARKETING_PM_NAME,STRING
rpt-network-plng,sitetracker_data,LDR_ST_FXP_PHASES_V,MARKETING_PM_CUID,STRING
rpt-network-plng,sitetracker_data,LDR_ST_FXP_PHASES_V,OSP_ENGINEER_NAME,STRING
rpt-network-plng,sitetracker_data,LDR_ST_FXP_PHASES_V,OSP_ENGINEER_CUID,STRING
rpt-network-plng,sitetracker_data,LDR_ST_FXP_PHASES_V,OSP_ENG_DIRECTOR_NAME,STRING
rpt-network-plng,sitetracker_data,LDR_ST_FXP_PHASES_V,OSP_ENG_DIRECTOR_CUID,STRING
rpt-network-plng,sitetracker_data,LDR_ST_FXP_PHASES_V,OSP_MANAGER_NAME,STRING
rpt-network-plng,sitetracker_data,LDR_ST_FXP_PHASES_V,OSP_MANAGER_CUID,STRING
rpt-network-plng,sitetracker_data,LDR_ST_FXP_PHASES_V,PLANNER_NAME,STRING
rpt-network-plng,sitetracker_data,LDR_ST_FXP_PHASES_V,PLANNER_CUID,STRING
rpt-network-plng,sitetracker_data,LDR_ST_FXP_PHASES_V,PLANNING_MANAGER_NAME,STRING
rpt-network-plng,sitetracker_data,LDR_ST_FXP_PHASES_V,PLANNING_MANAGER_CUID,STRING
rpt-network-plng,sitetracker_data,LDR_ST_FXP_PHASES_V,RESPONSIBLE_PERSON_NAME,STRING
rpt-network-plng,sitetracker_data,LDR_ST_FXP_PHASES_V,RESPONSIBLE_PERSON_CUID,STRING
rpt-network-plng,sitetracker_data,LDR_ST_FXP_PHASES_V,SALES_ENGINEER_NAME,STRING
rpt-network-plng,sitetracker_data,LDR_ST_FXP_PHASES_V,SALES_ENGINEER_CUID,STRING
rpt-network-plng,sitetracker_data,LDR_ST_FXP_PHASES_V,SPLICING_SUPERVISOR_NAME,STRING
rpt-network-plng,sitetracker_data,LDR_ST_FXP_PHASES_V,SPLICING_SUPERVISOR_CUID,STRING
rpt-network-plng,sitetracker_data,LDR_ST_FXP_PHASES_V,ONA,STRING
rpt-network-plng,sitetracker_data,LDR_ST_FXP_PHASES_V,ONA_CUID,STRING
rpt-network-plng,sitetracker_data,LDR_ST_FXP_PHASES_V,LAST_MODIFIED_BY_NAME,STRING
rpt-network-plng,sitetracker_data,LDR_ST_FXP_PHASES_V,LAST_MODIFIED_BY_CUID,STRING
rpt-network-plng,sitetracker_data,LDR_ST_FXP_PHASES_V,SL_NAME,STRING
rpt-network-plng,sitetracker_data,LDR_ST_FXP_PHASES_V,SL_CUID,STRING
rpt-network-plng,sitetracker_data,LDR_ST_FXP_PHASES_V,ORIGINAL_ECD_NCD,TIMESTAMP
rpt-network-plng,sitetracker_data,LDR_ST_FXP_PHASES_V,MODIFIED_ECD,TIMESTAMP
rpt-network-plng,sitetracker_data,LDR_ST_FXP_PHASES_V,ECD_LOGIC,TIMESTAMP
rpt-network-plng,sitetracker_data,LDR_ST_FXP_PHASES_V,ML_ECD_LOGIC,TIMESTAMP
rpt-network-plng,sitetracker_data,LDR_ST_FXP_PHASES_V,ADDRESS,STRING
rpt-network-plng,sitetracker_data,LDR_ST_FXP_PHASES_V,ADDRESS_QUALIFICATION,STRING
rpt-network-plng,sitetracker_data,LDR_ST_FXP_PHASES_V,BUILD_OR_NO_BUILD,STRING
rpt-network-plng,sitetracker_data,LDR_ST_FXP_PHASES_V,BURIED_AERIAL_CONDUIT,STRING
rpt-network-plng,sitetracker_data,LDR_ST_FXP_PHASES_V,CAPITAL_APPROVAL_CODE,STRING
rpt-network-plng,sitetracker_data,LDR_ST_FXP_PHASES_V,CONSTRUCTION_CATEGORY_1,STRING
rpt-network-plng,sitetracker_data,LDR_ST_FXP_PHASES_V,CONSTRUCTION_CATEGORY_2,STRING
rpt-network-plng,sitetracker_data,LDR_ST_FXP_PHASES_V,CONSTRUCTION_COORD_SPLICING_SUPERVISOR,NUMERIC
rpt-network-plng,sitetracker_data,LDR_ST_FXP_PHASES_V,CONSTRUCTION_VENDOR_1,STRING
rpt-network-plng,sitetracker_data,LDR_ST_FXP_PHASES_V,CONSTRUCTION_VENDOR_2,STRING
rpt-network-plng,sitetracker_data,LDR_ST_FXP_PHASES_V,CREATED_DATE,TIMESTAMP
rpt-network-plng,sitetracker_data,LDR_ST_FXP_PHASES_V,CREATE_POLYGON_A,TIMESTAMP
rpt-network-plng,sitetracker_data,LDR_ST_FXP_PHASES_V,CREATE_POLYGON_F,TIMESTAMP
rpt-network-plng,sitetracker_data,LDR_ST_FXP_PHASES_V,CURRENT_OPEN_ACTIVITY,STRING
rpt-network-plng,sitetracker_data,LDR_ST_FXP_PHASES_V,DATE_AUDIT_COMPLETED,TIMESTAMP
rpt-network-plng,sitetracker_data,LDR_ST_FXP_PHASES_V,DATE_AUDIT_STARTED,TIMESTAMP
rpt-network-plng,sitetracker_data,LDR_ST_FXP_PHASES_V,DATE_OF_POST,TIMESTAMP
rpt-network-plng,sitetracker_data,LDR_ST_FXP_PHASES_V,ENGINEER_REVIEWS_POLYGON_COMPLETE_A,TIMESTAMP
rpt-network-plng,sitetracker_data,LDR_ST_FXP_PHASES_V,ENGINEER_REVIEWS_POLYGON_COMPLETE_F,TIMESTAMP
rpt-network-plng,sitetracker_data,LDR_ST_FXP_PHASES_V,ENGINEERING_STATE,STRING
rpt-network-plng,sitetracker_data,LDR_ST_FXP_PHASES_V,FIRST_OCCUPANCY_TGT_DT,TIMESTAMP
rpt-network-plng,sitetracker_data,LDR_ST_FXP_PHASES_V,FLAG_FOR_DELETION,NUMERIC
rpt-network-plng,sitetracker_data,LDR_ST_FXP_PHASES_V,FLAG_FOR_MIGRATION,NUMERIC
rpt-network-plng,sitetracker_data,LDR_ST_FXP_PHASES_V,FURTHEST_COMPLETED_ACTIVITY,STRING
rpt-network-plng,sitetracker_data,LDR_ST_FXP_PHASES_V,GOOGLE_ADDRESS_VALIDATION_FALLOUT_A,TIMESTAMP
rpt-network-plng,sitetracker_data,LDR_ST_FXP_PHASES_V,GOOGLE_ADDRESS_VALIDATION_FALLOUT_F,TIMESTAMP
rpt-network-plng,sitetracker_data,LDR_ST_FXP_PHASES_V,GOOGLE_UPDATE_REQUEST_A,TIMESTAMP
rpt-network-plng,sitetracker_data,LDR_ST_FXP_PHASES_V,GOOGLE_UPDATE_REQUEST_F,TIMESTAMP
rpt-network-plng,sitetracker_data,LDR_ST_FXP_PHASES_V,HELD_ORDER_ID,STRING
rpt-network-plng,sitetracker_data,LDR_ST_FXP_PHASES_V,IMP_PM_OUT_OF_SYNC_WITH_SALESFORCE,NUMERIC
rpt-network-plng,sitetracker_data,LDR_ST_FXP_PHASES_V,IMPLEMENTATION_A,TIMESTAMP
rpt-network-plng,sitetracker_data,LDR_ST_FXP_PHASES_V,IMPLEMENTATION_F,TIMESTAMP
rpt-network-plng,sitetracker_data,LDR_ST_FXP_PHASES_V,INVENTORY_COMPLETE_A,TIMESTAMP
rpt-network-plng,sitetracker_data,LDR_ST_FXP_PHASES_V,INVENTORY_COMPLETE_F,TIMESTAMP
rpt-network-plng,sitetracker_data,LDR_ST_FXP_PHASES_V,INVENTORY_STACK,STRING
rpt-network-plng,sitetracker_data,LDR_ST_FXP_PHASES_V,INVESTMENT_REASON,STRING
rpt-network-plng,sitetracker_data,LDR_ST_FXP_PHASES_V,JOINT_TRENCH_READY_DATE,TIMESTAMP
rpt-network-plng,sitetracker_data,LDR_ST_FXP_PHASES_V,LAST_MODIFIED_DATE,TIMESTAMP
rpt-network-plng,sitetracker_data,LDR_ST_FXP_PHASES_V,LATITUDE,STRING
rpt-network-plng,sitetracker_data,LDR_ST_FXP_PHASES_V,LOAD_KMZ_FILE_INTERVAL_TABLES_A,TIMESTAMP
rpt-network-plng,sitetracker_data,LDR_ST_FXP_PHASES_V,LOAD_KMZ_FILE_INTERVAL_TABLES_F,TIMESTAMP
rpt-network-plng,sitetracker_data,LDR_ST_FXP_PHASES_V,LONGITUDE,STRING
rpt-network-plng,sitetracker_data,LDR_ST_FXP_PHASES_V,MATERIALS_RECEIVED_A,TIMESTAMP
rpt-network-plng,sitetracker_data,LDR_ST_FXP_PHASES_V,MATERIALS_RECEIVED_F,TIMESTAMP
rpt-network-plng,sitetracker_data,LDR_ST_FXP_PHASES_V,NDS_PROJECT_NAME,STRING
rpt-network-plng,sitetracker_data,LDR_ST_FXP_PHASES_V,NDS_PROJECT_NUMBER,STRING
rpt-network-plng,sitetracker_data,LDR_ST_FXP_PHASES_V,NDS_USER_ID,STRING
rpt-network-plng,sitetracker_data,LDR_ST_FXP_PHASES_V,NOTIFY_MARKETING_A,TIMESTAMP
rpt-network-plng,sitetracker_data,LDR_ST_FXP_PHASES_V,NOTIFY_MARKETING_F,TIMESTAMP
rpt-network-plng,sitetracker_data,LDR_ST_FXP_PHASES_V,NUMBER_OF_BUILD_LUS,NUMERIC
rpt-network-plng,sitetracker_data,LDR_ST_FXP_PHASES_V,NUMBER_OF_CONSTRUCTED_SERVICE_LOCATIONS,NUMERIC
rpt-network-plng,sitetracker_data,LDR_ST_FXP_PHASES_V,NUMBER_OF_INVENTORIED_SERVICE_LOCATIONS,NUMERIC
rpt-network-plng,sitetracker_data,LDR_ST_FXP_PHASES_V,NUM_OF_LUS,NUMERIC
rpt-network-plng,sitetracker_data,LDR_ST_FXP_PHASES_V,OSP_CONSTRUCTION_COMPLETE_A,TIMESTAMP
rpt-network-plng,sitetracker_data,LDR_ST_FXP_PHASES_V,OSP_CONSTRUCTION_COMPLETE_F,TIMESTAMP
rpt-network-plng,sitetracker_data,LDR_ST_FXP_PHASES_V,OSP_CONSTRUCTION_START_A,TIMESTAMP
rpt-network-plng,sitetracker_data,LDR_ST_FXP_PHASES_V,OSP_CONSTRUCTION_START_F,TIMESTAMP
rpt-network-plng,sitetracker_data,LDR_ST_FXP_PHASES_V,PARTIAL_RFS_RECEIVED,TIMESTAMP
rpt-network-plng,sitetracker_data,LDR_ST_FXP_PHASES_V,PHASE_LUS_OUT_OF_SYNC_WITH_SALESFORCE,NUMERIC
rpt-network-plng,sitetracker_data,LDR_ST_FXP_PHASES_V,PLACING_A,TIMESTAMP
rpt-network-plng,sitetracker_data,LDR_ST_FXP_PHASES_V,PLACING_F,TIMESTAMP
rpt-network-plng,sitetracker_data,LDR_ST_FXP_PHASES_V,POLYGON_ECD,TIMESTAMP
rpt-network-plng,sitetracker_data,LDR_ST_FXP_PHASES_V,POLYGON_ID,STRING
rpt-network-plng,sitetracker_data,LDR_ST_FXP_PHASES_V,POLYGON_IN_PRODUCTION_A,TIMESTAMP
rpt-network-plng,sitetracker_data,LDR_ST_FXP_PHASES_V,POLYGON_IN_PRODUCTION_F,TIMESTAMP
rpt-network-plng,sitetracker_data,LDR_ST_FXP_PHASES_V,POLYGON_IN_SERVICE,STRING
rpt-network-plng,sitetracker_data,LDR_ST_FXP_PHASES_V,POLYGON_IN_SERVICE_DATE,TIMESTAMP
rpt-network-plng,sitetracker_data,LDR_ST_FXP_PHASES_V,POLYGON_STATUS,STRING
rpt-network-plng,sitetracker_data,LDR_ST_FXP_PHASES_V,PREMISE_EQUIPMENT_INSTALLED_A,TIMESTAMP
rpt-network-plng,sitetracker_data,LDR_ST_FXP_PHASES_V,PREMISE_EQUIPMENT_INSTALLED_F,TIMESTAMP
rpt-network-plng,sitetracker_data,LDR_ST_FXP_PHASES_V,PREMISE_READY,TIMESTAMP
rpt-network-plng,sitetracker_data,LDR_ST_FXP_PHASES_V,PROGRAM_NAME,STRING
rpt-network-plng,sitetracker_data,LDR_ST_FXP_PHASES_V,PROJECT_AUDIT_COMMENTS,STRING
rpt-network-plng,sitetracker_data,LDR_ST_FXP_PHASES_V,PROJECT_AUDIT_REQUESTED,NUMERIC
rpt-network-plng,sitetracker_data,LDR_ST_FXP_PHASES_V,PROJECT_COMMENTS_HISTORY_LONG_TEXT,STRING
rpt-network-plng,sitetracker_data,LDR_ST_FXP_PHASES_V,PROJECT_COMMENTS_LONG_TEXT,STRING
rpt-network-plng,sitetracker_data,LDR_ST_FXP_PHASES_V,PROJECT_DESCRIPTION,STRING
rpt-network-plng,sitetracker_data,LDR_ST_FXP_PHASES_V,PROJECT_NAME,STRING
rpt-network-plng,sitetracker_data,LDR_ST_FXP_PHASES_V,PROVISIONING_COMPLETE_A,TIMESTAMP
rpt-network-plng,sitetracker_data,LDR_ST_FXP_PHASES_V,PROVISIONING_COMPLETE_F,TIMESTAMP
rpt-network-plng,sitetracker_data,LDR_ST_FXP_PHASES_V,REJECT_FLAG,NUMERIC
rpt-network-plng,sitetracker_data,LDR_ST_FXP_PHASES_V,RELATED_PROJECT_S_IMPLEMENTATION_A,TIMESTAMP
rpt-network-plng,sitetracker_data,LDR_ST_FXP_PHASES_V,RELATED_PROJECT_S_IMPLEMENTATION_F,TIMESTAMP
rpt-network-plng,sitetracker_data,LDR_ST_FXP_PHASES_V,RELEASED_TO_CONSTRUCTION_A,TIMESTAMP
rpt-network-plng,sitetracker_data,LDR_ST_FXP_PHASES_V,RELEASED_TO_CONSTRUCTION_F,TIMESTAMP
rpt-network-plng,sitetracker_data,LDR_ST_FXP_PHASES_V,SF_PHASE_RECORD,STRING
rpt-network-plng,sitetracker_data,LDR_ST_FXP_PHASES_V,SAP_SYSTEM_STATUS,STRING
rpt-network-plng,sitetracker_data,LDR_ST_FXP_PHASES_V,SEGMENT,STRING
rpt-network-plng,sitetracker_data,LDR_ST_FXP_PHASES_V,SERVICE_AREA,STRING
rpt-network-plng,sitetracker_data,LDR_ST_FXP_PHASES_V,PROJECT_STATUS,STRING
rpt-network-plng,sitetracker_data,LDR_ST_FXP_PHASES_V,PROJECT_STATUS_OVERRIDE,NUMERIC
rpt-network-plng,sitetracker_data,LDR_ST_FXP_PHASES_V,PROJECT_STATUS_OVERRIDE_REASON,STRING
rpt-network-plng,sitetracker_data,LDR_ST_FXP_PHASES_V,SITE_NAME,STRING
rpt-network-plng,sitetracker_data,LDR_ST_FXP_PHASES_V,SOW_FORM,STRING
rpt-network-plng,sitetracker_data,LDR_ST_FXP_PHASES_V,SPLICING_A,TIMESTAMP
rpt-network-plng,sitetracker_data,LDR_ST_FXP_PHASES_V,SPLICING_F,TIMESTAMP
rpt-network-plng,sitetracker_data,LDR_ST_FXP_PHASES_V,STAR_ID_1,STRING
rpt-network-plng,sitetracker_data,LDR_ST_FXP_PHASES_V,STAR_ID_2,STRING
rpt-network-plng,sitetracker_data,LDR_ST_FXP_PHASES_V,STAR_ID_3,STRING
rpt-network-plng,sitetracker_data,LDR_ST_FXP_PHASES_V,STAR_ID_4,STRING
rpt-network-plng,sitetracker_data,LDR_ST_FXP_PHASES_V,STAR_ID_5,STRING
rpt-network-plng,sitetracker_data,LDR_ST_FXP_PHASES_V,STAR_ID_6,STRING
rpt-network-plng,sitetracker_data,LDR_ST_FXP_PHASES_V,STAR_ID_7,STRING
rpt-network-plng,sitetracker_data,LDR_ST_FXP_PHASES_V,STAR_ID_8,STRING
rpt-network-plng,sitetracker_data,LDR_ST_FXP_PHASES_V,STAR_ID_9,STRING
rpt-network-plng,sitetracker_data,LDR_ST_FXP_PHASES_V,STAR_ID_10,STRING
rpt-network-plng,sitetracker_data,LDR_ST_FXP_PHASES_V,STAR_ID_11,STRING
rpt-network-plng,sitetracker_data,LDR_ST_FXP_PHASES_V,STAR_ID_12,STRING
rpt-network-plng,sitetracker_data,LDR_ST_FXP_PHASES_V,STAR_ID_13,STRING
rpt-network-plng,sitetracker_data,LDR_ST_FXP_PHASES_V,STAR_ID_14,STRING
rpt-network-plng,sitetracker_data,LDR_ST_FXP_PHASES_V,STAR_ID_15,STRING
rpt-network-plng,sitetracker_data,LDR_ST_FXP_PHASES_V,STAR_ID_16,STRING
rpt-network-plng,sitetracker_data,LDR_ST_FXP_PHASES_V,STAR_ID_17,STRING
rpt-network-plng,sitetracker_data,LDR_ST_FXP_PHASES_V,STAR_ID_18,STRING
rpt-network-plng,sitetracker_data,LDR_ST_FXP_PHASES_V,STAR_ID_19,STRING
rpt-network-plng,sitetracker_data,LDR_ST_FXP_PHASES_V,STAR_ID_20,STRING
rpt-network-plng,sitetracker_data,LDR_ST_FXP_PHASES_V,TECH_RESOURCES_IN_SALESFORCE,STRING
rpt-network-plng,sitetracker_data,LDR_ST_FXP_PHASES_V,THIRD_PARTY_MAKE_READY_ESTIMATE_COMPLETE,TIMESTAMP
rpt-network-plng,sitetracker_data,LDR_ST_FXP_PHASES_V,TURNED_UP_MARKET_LAUNCH_A,TIMESTAMP
rpt-network-plng,sitetracker_data,LDR_ST_FXP_PHASES_V,TURNED_UP_MARKET_LAUNCH_F,TIMESTAMP
rpt-network-plng,sitetracker_data,LDR_ST_FXP_PHASES_V,UPLOAD_ASBUILTS_A,TIMESTAMP
rpt-network-plng,sitetracker_data,LDR_ST_FXP_PHASES_V,UPLOAD_ASBUILTS_F,TIMESTAMP
rpt-network-plng,sitetracker_data,LDR_ST_FXP_PHASES_V,VALIDATE_QUAL_TYPE_IN_THE_QF_PORTAL_A,TIMESTAMP
rpt-network-plng,sitetracker_data,LDR_ST_FXP_PHASES_V,VALIDATE_QUAL_TYPE_IN_THE_QF_PORTAL_F,TIMESTAMP
rpt-network-plng,sitetracker_data,LDR_ST_FXP_PHASES_V,VENDOR_ASSIGNMENT_A,TIMESTAMP
rpt-network-plng,sitetracker_data,LDR_ST_FXP_PHASES_V,VENDOR_ASSIGNMENT_F,TIMESTAMP
rpt-network-plng,sitetracker_data,LDR_ST_FXP_PHASES_V,VENDOR_COMMITMENT_CONFIRMED_A,TIMESTAMP
rpt-network-plng,sitetracker_data,LDR_ST_FXP_PHASES_V,VENDOR_COMMITMENT_CONFIRMED_F,TIMESTAMP
rpt-network-plng,sitetracker_data,LDR_ST_FXP_PHASES_V,VENDOR_CONTRACT_ASSIGNMENT,STRING
rpt-network-plng,sitetracker_data,LDR_ST_FXP_PHASES_V,VENDOR_MATERIALS_ORDERED_A,TIMESTAMP
rpt-network-plng,sitetracker_data,LDR_ST_FXP_PHASES_V,VENDOR_MATERIALS_ORDERED_F,TIMESTAMP
rpt-network-plng,sitetracker_data,LDR_ST_FXP_PHASES_V,VENDOR_MATERIALS_RECEIVED_A,TIMESTAMP
rpt-network-plng,sitetracker_data,LDR_ST_FXP_PHASES_V,VENDOR_MATERIALS_RECEIVED_F,TIMESTAMP
rpt-network-plng,sitetracker_data,LDR_ST_FXP_PHASES_V,VERB_CODE_AND_DESCRIPTION,STRING
rpt-network-plng,sitetracker_data,LDR_ST_FXP_PHASES_V,WHY,STRING
rpt-network-plng,sitetracker_data,LDR_ST_FXP_PHASES_V,WHY_NOW,STRING
rpt-network-plng,sitetracker_data,LDR_ST_FXP_PHASES_V,WORK_TYPE,STRING
rpt-network-plng,sitetracker_data,LDR_ST_FXP_PHASES_V,ACTUAL_LAUNCH,TIMESTAMP
rpt-network-plng,sitetracker_data,LDR_ST_FXP_PHASES_V,SITE_LAUNCH,STRING
rpt-network-plng,sitetracker_data,LDR_ST_FXP_PHASES_V,ST_PROJECT_URL,STRING
rpt-network-plng,sitetracker_data,LDR_ST_FXP_PHASES_V,FW_PROJECT_URL,STRING
rpt-network-plng,sitetracker_data,LDR_ST_FXP_PHASES_V,SITE_ST_PROJECT_ID,STRING
rpt-network-plng,sitetracker_data,LDR_ST_FXP_PHASES_V,SITE_PROJECT_TYPE,STRING
rpt-network-plng,sitetracker_data,LDR_ST_FXP_PHASES_V,RELATED_PROJECTS,STRING
rpt-network-plng,sitetracker_data,LDR_ST_FXP_PHASES_V,ST_SITE_PHASE,STRING
rpt-network-plng,sitetracker_data,LDR_ST_FXP_PHASES_V,META_LOAD_DTTM,DATE
rpt-network-plng,sitetracker_data,TMP_ST_DAMAGES_T,ST_PROJECT_ID,STRING
rpt-network-plng,sitetracker_data,TMP_ST_DAMAGES_T,CLAIMS_JUMPER_NUMBER,STRING
rpt-network-plng,sitetracker_data,TMP_ST_DAMAGES_T,NETWORK,STRING
rpt-network-plng,sitetracker_data,TMP_ST_DAMAGES_T,EVENT_TICKET_NUMBER,STRING
rpt-network-plng,sitetracker_data,TMP_ST_DAMAGES_T,COLLECTION_MANAGER,STRING
rpt-network-plng,sitetracker_data,TMP_ST_DAMAGES_T,COLLECTION_VENDOR_PM_ASSIGNED,STRING
rpt-network-plng,sitetracker_data,TMP_ST_DAMAGES_T,CONTRACTOR_SERVICES_USED,STRING
rpt-network-plng,sitetracker_data,TMP_ST_DAMAGES_T,CR_VENDOR_INVOICED_A,TIMESTAMP
rpt-network-plng,sitetracker_data,TMP_ST_DAMAGES_T,CR_VENDOR_INVOICED_F,TIMESTAMP
rpt-network-plng,sitetracker_data,TMP_ST_DAMAGES_T,CUP_SHEET_RECEIVED_FROM_CONTRACTOR_A,TIMESTAMP
rpt-network-plng,sitetracker_data,TMP_ST_DAMAGES_T,CUP_SHEET_RECEIVED_FROM_CONTRACTOR_F,TIMESTAMP
rpt-network-plng,sitetracker_data,TMP_ST_DAMAGES_T,DAMAGE_DATE_A,TIMESTAMP
rpt-network-plng,sitetracker_data,TMP_ST_DAMAGES_T,DAMAGE_DATE_F,TIMESTAMP
rpt-network-plng,sitetracker_data,TMP_ST_DAMAGES_T,EMERGENCY_RECORD_UPDATES_A,TIMESTAMP
rpt-network-plng,sitetracker_data,TMP_ST_DAMAGES_T,EMERGENCY_RECORD_UPDATES_F,TIMESTAMP
rpt-network-plng,sitetracker_data,TMP_ST_DAMAGES_T,EMERGENCY_VENDOR_INVOICING_A,TIMESTAMP
rpt-network-plng,sitetracker_data,TMP_ST_DAMAGES_T,EMERGENCY_VENDOR_INVOICING_F,TIMESTAMP
rpt-network-plng,sitetracker_data,TMP_ST_DAMAGES_T,ENGINEERING_COMPLETED_A,TIMESTAMP
rpt-network-plng,sitetracker_data,TMP_ST_DAMAGES_T,ENGINEERING_COMPLETED_F,TIMESTAMP
rpt-network-plng,sitetracker_data,TMP_ST_DAMAGES_T,FINANCIAL_PROJECT_CREATION_DEPLOY_A,TIMESTAMP
rpt-network-plng,sitetracker_data,TMP_ST_DAMAGES_T,FINANCIAL_PROJECT_CREATION_DEPLOY_F,TIMESTAMP
rpt-network-plng,sitetracker_data,TMP_ST_DAMAGES_T,POSTBILL,STRING
rpt-network-plng,sitetracker_data,TMP_ST_DAMAGES_T,PREBILL,STRING
rpt-network-plng,sitetracker_data,TMP_ST_DAMAGES_T,PREBILL_MANAGER,STRING
rpt-network-plng,sitetracker_data,TMP_ST_DAMAGES_T,STB_FINANCIALLY_ACTIONABLE_A,TIMESTAMP
rpt-network-plng,sitetracker_data,TMP_ST_DAMAGES_T,STB_FINANCIALLY_ACTIONABLE_F,TIMESTAMP
rpt-network-plng,sitetracker_data,TMP_ST_DAMAGES_T,X3RD_PARTY_INVOICED_DATE,TIMESTAMP
rpt-network-plng,sitetracker_data,TMP_ST_DAMAGES_T,XRD_PARTY_FEES,NUMERIC
rpt-network-plng,sitetracker_data,TMP_ST_DAMAGES_T,ACTIVITY_CAUSING_DAMAGE,STRING
rpt-network-plng,sitetracker_data,TMP_ST_DAMAGES_T,ARBITRATION_DATE,TIMESTAMP
rpt-network-plng,sitetracker_data,TMP_ST_DAMAGES_T,ARBITRATION_DECISION,STRING
rpt-network-plng,sitetracker_data,TMP_ST_DAMAGES_T,ARBITRATION_REQUEST_DATE,TIMESTAMP
rpt-network-plng,sitetracker_data,TMP_ST_DAMAGES_T,ASSIGNED_TO,STRING
rpt-network-plng,sitetracker_data,TMP_ST_DAMAGES_T,OPS_SRO_NAME,STRING
rpt-network-plng,sitetracker_data,TMP_ST_DAMAGES_T,OPS_SROEMAIL,STRING
rpt-network-plng,sitetracker_data,TMP_ST_DAMAGES_T,OPS_MRO_NM,STRING
rpt-network-plng,sitetracker_data,TMP_ST_DAMAGES_T,OPS_DIR_NM,STRING
rpt-network-plng,sitetracker_data,TMP_ST_DAMAGES_T,OPS_VPO_NM,STRING
rpt-network-plng,sitetracker_data,TMP_ST_DAMAGES_T,OPS_RGN_NM,STRING
rpt-network-plng,sitetracker_data,TMP_ST_DAMAGES_T,ATTORNEY_ASSIGNED,STRING
rpt-network-plng,sitetracker_data,TMP_ST_DAMAGES_T,BILL_TO,STRING
rpt-network-plng,sitetracker_data,TMP_ST_DAMAGES_T,ALT_BILL_TO_EMAIL,STRING
rpt-network-plng,sitetracker_data,TMP_ST_DAMAGES_T,BILL_TO_OTHER,STRING
rpt-network-plng,sitetracker_data,TMP_ST_DAMAGES_T,ALT_BILL_TO_PARTY,STRING
rpt-network-plng,sitetracker_data,TMP_ST_DAMAGES_T,ALT_BILL_TO_PARTY_ADDRESS,STRING
rpt-network-plng,sitetracker_data,TMP_ST_DAMAGES_T,ALT_BILL_TO_PARTY_CITY,STRING
rpt-network-plng,sitetracker_data,TMP_ST_DAMAGES_T,ALT_BILL_TO_PARTY_INSURANCE_COMPANY,STRING
rpt-network-plng,sitetracker_data,TMP_ST_DAMAGES_T,ALT_BILL_TO_PARTY_PHONE,STRING
rpt-network-plng,sitetracker_data,TMP_ST_DAMAGES_T,ALT_BILL_TO_PARTY_STATE,STRING
rpt-network-plng,sitetracker_data,TMP_ST_DAMAGES_T,ALT_BILL_TO_PARTY_ZIP,STRING
rpt-network-plng,sitetracker_data,TMP_ST_DAMAGES_T,CABLE_FIBER_COUNT_DESCRIPTION_1,STRING
rpt-network-plng,sitetracker_data,TMP_ST_DAMAGES_T,CABLE_FIBER_COUNT_DESCRIPTION_2,STRING
rpt-network-plng,sitetracker_data,TMP_ST_DAMAGES_T,CABLE_FIBER_COUNT_DESCRIPTION_3,STRING
rpt-network-plng,sitetracker_data,TMP_ST_DAMAGES_T,CABLE_FIBER_COUNT_DESCRIPTION_4,STRING
rpt-network-plng,sitetracker_data,TMP_ST_DAMAGES_T,CABLE_FIBER_COUNT_DESCRIPTION_5,STRING
rpt-network-plng,sitetracker_data,TMP_ST_DAMAGES_T,CLAIM_CLASS_TYPE,STRING
rpt-network-plng,sitetracker_data,TMP_ST_DAMAGES_T,CLAIM_STATUS,STRING
rpt-network-plng,sitetracker_data,TMP_ST_DAMAGES_T,CLOSE_DATE,TIMESTAMP
rpt-network-plng,sitetracker_data,TMP_ST_DAMAGES_T,CLOSED_DATE,TIMESTAMP
rpt-network-plng,sitetracker_data,TMP_ST_DAMAGES_T,CMS_CONTRACTOR_COST_FORMULA,NUMERIC
rpt-network-plng,sitetracker_data,TMP_ST_DAMAGES_T,CMS_BSW_CUPS_NUMBER_1,STRING
rpt-network-plng,sitetracker_data,TMP_ST_DAMAGES_T,CMS_BSW_CUPS_NUMBER_2,STRING
rpt-network-plng,sitetracker_data,TMP_ST_DAMAGES_T,CMS_NUM1_CLEAN,STRING
rpt-network-plng,sitetracker_data,TMP_ST_DAMAGES_T,CMS_NUM2_CLEAN,STRING
rpt-network-plng,sitetracker_data,TMP_ST_DAMAGES_T,CMS_NUM3_CLEAN,STRING
rpt-network-plng,sitetracker_data,TMP_ST_DAMAGES_T,CMSBSWCUPS_TOTAL_1,NUMERIC
rpt-network-plng,sitetracker_data,TMP_ST_DAMAGES_T,CMSBSWCUPS_TOTAL_2,NUMERIC
rpt-network-plng,sitetracker_data,TMP_ST_DAMAGES_T,CUPS_STATUS1,STRING
rpt-network-plng,sitetracker_data,TMP_ST_DAMAGES_T,CUPS_STATUS2,STRING
rpt-network-plng,sitetracker_data,TMP_ST_DAMAGES_T,CUPS_STATUS3,STRING
rpt-network-plng,sitetracker_data,TMP_ST_DAMAGES_T,CMS_CUPS1,NUMERIC
rpt-network-plng,sitetracker_data,TMP_ST_DAMAGES_T,CMS_CUPS2,NUMERIC
rpt-network-plng,sitetracker_data,TMP_ST_DAMAGES_T,CMS_CUPS3,NUMERIC
rpt-network-plng,sitetracker_data,TMP_ST_DAMAGES_T,COLLECTION_COMMISSION,NUMERIC
rpt-network-plng,sitetracker_data,TMP_ST_DAMAGES_T,COLLECTION_VENDOR_BILL_SENT,TIMESTAMP
rpt-network-plng,sitetracker_data,TMP_ST_DAMAGES_T,COMMISSION_AMOUNT,NUMERIC
rpt-network-plng,sitetracker_data,TMP_ST_DAMAGES_T,COMMISSION_OVERRIDE_REASON,STRING
rpt-network-plng,sitetracker_data,TMP_ST_DAMAGES_T,COMMISSION_PAID_DATE,TIMESTAMP
rpt-network-plng,sitetracker_data,TMP_ST_DAMAGES_T,COMMISSION_PERCENTAGE_CATEGORY,STRING
rpt-network-plng,sitetracker_data,TMP_ST_DAMAGES_T,COST_1,NUMERIC
rpt-network-plng,sitetracker_data,TMP_ST_DAMAGES_T,COST_2,NUMERIC
rpt-network-plng,sitetracker_data,TMP_ST_DAMAGES_T,COST_3,NUMERIC
rpt-network-plng,sitetracker_data,TMP_ST_DAMAGES_T,COST_4,NUMERIC
rpt-network-plng,sitetracker_data,TMP_ST_DAMAGES_T,COST_5,NUMERIC
rpt-network-plng,sitetracker_data,TMP_ST_DAMAGES_T,COST_CENTER,STRING
rpt-network-plng,sitetracker_data,TMP_ST_DAMAGES_T,COST_DISPUTE,STRING
rpt-network-plng,sitetracker_data,TMP_ST_DAMAGES_T,COST_RECOVERY_MOVED_BACK,NUMERIC
rpt-network-plng,sitetracker_data,TMP_ST_DAMAGES_T,COUNT_SIZE_1,NUMERIC
rpt-network-plng,sitetracker_data,TMP_ST_DAMAGES_T,COUNT_SIZE_2,NUMERIC
rpt-network-plng,sitetracker_data,TMP_ST_DAMAGES_T,COUNT_SIZE_3,NUMERIC
rpt-network-plng,sitetracker_data,TMP_ST_DAMAGES_T,COUNT_SIZE_4,NUMERIC
rpt-network-plng,sitetracker_data,TMP_ST_DAMAGES_T,COUNT_SIZE_5,NUMERIC
rpt-network-plng,sitetracker_data,TMP_ST_DAMAGES_T,DAMAGE_ADDRESS,STRING
rpt-network-plng,sitetracker_data,TMP_ST_DAMAGES_T,DAMAGE_CITY,STRING
rpt-network-plng,sitetracker_data,TMP_ST_DAMAGES_T,DAMAGE_CLAIMS_NUMBER_AUTO,STRING
rpt-network-plng,sitetracker_data,TMP_ST_DAMAGES_T,DAMAGE_COUNTY,STRING
rpt-network-plng,sitetracker_data,TMP_ST_DAMAGES_T,DAMAGE_DATE,TIMESTAMP
rpt-network-plng,sitetracker_data,TMP_ST_DAMAGES_T,AGING,STRING
rpt-network-plng,sitetracker_data,TMP_ST_DAMAGES_T,CURR_STATUS_AGING,STRING
rpt-network-plng,sitetracker_data,TMP_ST_DAMAGES_T,CURR_STATUS_AGE,INT64
rpt-network-plng,sitetracker_data,TMP_ST_DAMAGES_T,DAMAGE_INVESTIGATION_FEE,NUMERIC
rpt-network-plng,sitetracker_data,TMP_ST_DAMAGES_T,DAMAGE_INVESTIGATION_RECEIVED,TIMESTAMP
rpt-network-plng,sitetracker_data,TMP_ST_DAMAGES_T,DAMAGE_INVESTIGATION_RESPONSE,STRING
rpt-network-plng,sitetracker_data,TMP_ST_DAMAGES_T,DAMAGE_INVESTIGATION_SUB_RESPONSE,STRING
rpt-network-plng,sitetracker_data,TMP_ST_DAMAGES_T,DAMAGE_STATE,STRING
rpt-network-plng,sitetracker_data,TMP_ST_DAMAGES_T,DAMAGE_STATE_SOL_YEARS,NUMERIC
rpt-network-plng,sitetracker_data,TMP_ST_DAMAGES_T,DAMAGER_A_LUMEN_CUSTOMER,STRING
rpt-network-plng,sitetracker_data,TMP_ST_DAMAGES_T,DAMAGER_A_MUNI_OR_GOV_ENTITY,STRING
rpt-network-plng,sitetracker_data,TMP_ST_DAMAGES_T,DAMAGER_ADDRESS,STRING
rpt-network-plng,sitetracker_data,TMP_ST_DAMAGES_T,DAMAGER_CATEGORY,STRING
rpt-network-plng,sitetracker_data,TMP_ST_DAMAGES_T,DAMAGER_CATEGORY_OTHER,STRING
rpt-network-plng,sitetracker_data,TMP_ST_DAMAGES_T,DAMAGER_CITY,STRING
rpt-network-plng,sitetracker_data,TMP_ST_DAMAGES_T,DAMAGER_EMAIL,STRING
rpt-network-plng,sitetracker_data,TMP_ST_DAMAGES_T,DAMAGER_INSURANCE_CO,STRING
rpt-network-plng,sitetracker_data,TMP_ST_DAMAGES_T,DAMAGER_KNOWN,STRING
rpt-network-plng,sitetracker_data,TMP_ST_DAMAGES_T,DAMAGER_NAME,STRING
rpt-network-plng,sitetracker_data,TMP_ST_DAMAGES_T,DAMAGER_PHONE,STRING
rpt-network-plng,sitetracker_data,TMP_ST_DAMAGES_T,DAMAGER_STATE,STRING
rpt-network-plng,sitetracker_data,TMP_ST_DAMAGES_T,DAMAGER_WORKING_FOR_LUMEN,STRING
rpt-network-plng,sitetracker_data,TMP_ST_DAMAGES_T,DAMAGER_ZIP,STRING
rpt-network-plng,sitetracker_data,TMP_ST_DAMAGES_T,DAMAGING_COMPANY,STRING
rpt-network-plng,sitetracker_data,TMP_ST_DAMAGES_T,DATE_PAID,TIMESTAMP
rpt-network-plng,sitetracker_data,TMP_ST_DAMAGES_T,DATE_SENT_TO_ATTORNEY,TIMESTAMP
rpt-network-plng,sitetracker_data,TMP_ST_DAMAGES_T,DATE_WORK_STARTED_1,TIMESTAMP
rpt-network-plng,sitetracker_data,TMP_ST_DAMAGES_T,DATE_WORK_STARTED_2,TIMESTAMP
rpt-network-plng,sitetracker_data,TMP_ST_DAMAGES_T,DATE_WORK_STARTED_3,TIMESTAMP
rpt-network-plng,sitetracker_data,TMP_ST_DAMAGES_T,DATE_WORK_STARTED_4,TIMESTAMP
rpt-network-plng,sitetracker_data,TMP_ST_DAMAGES_T,DATE_WORK_STARTED_5,TIMESTAMP
rpt-network-plng,sitetracker_data,TMP_ST_DAMAGES_T,DATE_WORK_STOPPED_1,TIMESTAMP
rpt-network-plng,sitetracker_data,TMP_ST_DAMAGES_T,DATE_WORK_STOPPED_2,TIMESTAMP
rpt-network-plng,sitetracker_data,TMP_ST_DAMAGES_T,DATE_WORK_STOPPED_3,TIMESTAMP
rpt-network-plng,sitetracker_data,TMP_ST_DAMAGES_T,DATE_WORK_STOPPED_4,TIMESTAMP
rpt-network-plng,sitetracker_data,TMP_ST_DAMAGES_T,DATE_WORK_STOPPED_5,TIMESTAMP
rpt-network-plng,sitetracker_data,TMP_ST_DAMAGES_T,DAYS_IN_STATUS,NUMERIC
rpt-network-plng,sitetracker_data,TMP_ST_DAMAGES_T,DCT_NUMBER,STRING
rpt-network-plng,sitetracker_data,TMP_ST_DAMAGES_T,DENIAL_WRITE_OFF_REVIEW_DATE,TIMESTAMP
rpt-network-plng,sitetracker_data,TMP_ST_DAMAGES_T,DESCRIPTION_OF_EMERGENCY_REPAIR,STRING
rpt-network-plng,sitetracker_data,TMP_ST_DAMAGES_T,DIG_TICKET_FOR_LOCATION,STRING
rpt-network-plng,sitetracker_data,TMP_ST_DAMAGES_T,DISCOVERY_DATE,TIMESTAMP
rpt-network-plng,sitetracker_data,TMP_ST_DAMAGES_T,DISCOVERY_NEEDED,STRING
rpt-network-plng,sitetracker_data,TMP_ST_DAMAGES_T,DIVISION,STRING
rpt-network-plng,sitetracker_data,TMP_ST_DAMAGES_T,EMPLOYEE_NAME_1,STRING
rpt-network-plng,sitetracker_data,TMP_ST_DAMAGES_T,EMPLOYEE_NAME_2,STRING
rpt-network-plng,sitetracker_data,TMP_ST_DAMAGES_T,EMPLOYEE_NAME_3,STRING
rpt-network-plng,sitetracker_data,TMP_ST_DAMAGES_T,EMPLOYEE_NAME_4,STRING
rpt-network-plng,sitetracker_data,TMP_ST_DAMAGES_T,EMPLOYEE_NAME_5,STRING
rpt-network-plng,sitetracker_data,TMP_ST_DAMAGES_T,ENTERED_ON_MOBILE_OR_BROWSER,STRING
rpt-network-plng,sitetracker_data,TMP_ST_DAMAGES_T,EQUIPMENT_CAUSING_DAMAGE,STRING
rpt-network-plng,sitetracker_data,TMP_ST_DAMAGES_T,FACILITY_TYPE_1,STRING
rpt-network-plng,sitetracker_data,TMP_ST_DAMAGES_T,FACILITY_TYPE_2,STRING
rpt-network-plng,sitetracker_data,TMP_ST_DAMAGES_T,FACILITY_TYPE_3,STRING
rpt-network-plng,sitetracker_data,TMP_ST_DAMAGES_T,FACILITY_TYPE_4,STRING
rpt-network-plng,sitetracker_data,TMP_ST_DAMAGES_T,FACILITY_TYPE_5,STRING
rpt-network-plng,sitetracker_data,TMP_ST_DAMAGES_T,FINANCIAL_DOCUMENTS_ATTACHED,STRING
rpt-network-plng,sitetracker_data,TMP_ST_DAMAGES_T,FIREWORKS_ACTUALS,NUMERIC
rpt-network-plng,sitetracker_data,TMP_ST_DAMAGES_T,FIREWORKS_ADJUSTMENT,NUMERIC
rpt-network-plng,sitetracker_data,TMP_ST_DAMAGES_T,FIREWORKS_BILLED_FORMULA,NUMERIC
rpt-network-plng,sitetracker_data,TMP_ST_DAMAGES_T,FLAT_RATE_BILLING,STRING
rpt-network-plng,sitetracker_data,TMP_ST_DAMAGES_T,GA_FEE,NUMERIC
rpt-network-plng,sitetracker_data,TMP_ST_DAMAGES_T,HOURS_WORKED_1,NUMERIC
rpt-network-plng,sitetracker_data,TMP_ST_DAMAGES_T,HOURS_WORKED_2,NUMERIC
rpt-network-plng,sitetracker_data,TMP_ST_DAMAGES_T,HOURS_WORKED_3,NUMERIC
rpt-network-plng,sitetracker_data,TMP_ST_DAMAGES_T,HOURS_WORKED_4,NUMERIC
rpt-network-plng,sitetracker_data,TMP_ST_DAMAGES_T,HOURS_WORKED_5,NUMERIC
rpt-network-plng,sitetracker_data,TMP_ST_DAMAGES_T,HOW_DID_DAMAGE_OCCUR,STRING
rpt-network-plng,sitetracker_data,TMP_ST_DAMAGES_T,HOW_WAS_DAMAGER_IDENTIFIED,STRING
rpt-network-plng,sitetracker_data,TMP_ST_DAMAGES_T,HOW_WAS_THE_REPAIR_COMPLETED,STRING
rpt-network-plng,sitetracker_data,TMP_ST_DAMAGES_T,INTERNAL_ATTORNEY_ASSIGNED,STRING
rpt-network-plng,sitetracker_data,TMP_ST_DAMAGES_T,INTERNAL_MATERIALS_1,STRING
rpt-network-plng,sitetracker_data,TMP_ST_DAMAGES_T,INTERNAL_MATERIALS_2,STRING
rpt-network-plng,sitetracker_data,TMP_ST_DAMAGES_T,INTERNAL_MATERIALS_3,STRING
rpt-network-plng,sitetracker_data,TMP_ST_DAMAGES_T,INTERNAL_MATERIALS_4,STRING
rpt-network-plng,sitetracker_data,TMP_ST_DAMAGES_T,INTERNAL_MATERIALS_5,STRING
rpt-network-plng,sitetracker_data,TMP_ST_DAMAGES_T,IS_THIS_A_SERVICE_AFFECTING_DAMAGE,STRING
rpt-network-plng,sitetracker_data,TMP_ST_DAMAGES_T,JURISDICTION,STRING
rpt-network-plng,sitetracker_data,TMP_ST_DAMAGES_T,LABOR_COST_1,NUMERIC
rpt-network-plng,sitetracker_data,TMP_ST_DAMAGES_T,LABOR_COST_2,NUMERIC
rpt-network-plng,sitetracker_data,TMP_ST_DAMAGES_T,LABOR_COST_3,NUMERIC
rpt-network-plng,sitetracker_data,TMP_ST_DAMAGES_T,LABOR_COST_4,NUMERIC
rpt-network-plng,sitetracker_data,TMP_ST_DAMAGES_T,LABOR_COST_5,NUMERIC
rpt-network-plng,sitetracker_data,TMP_ST_DAMAGES_T,LABOR_RATE_1,NUMERIC
rpt-network-plng,sitetracker_data,TMP_ST_DAMAGES_T,LABOR_RATE_2,NUMERIC
rpt-network-plng,sitetracker_data,TMP_ST_DAMAGES_T,LABOR_RATE_3,NUMERIC
rpt-network-plng,sitetracker_data,TMP_ST_DAMAGES_T,LABOR_RATE_4,NUMERIC
rpt-network-plng,sitetracker_data,TMP_ST_DAMAGES_T,LABOR_RATE_5,NUMERIC
rpt-network-plng,sitetracker_data,TMP_ST_DAMAGES_T,LEGACY_COMPANY_1,STRING
rpt-network-plng,sitetracker_data,TMP_ST_DAMAGES_T,LEGACY_COMPANY_2,STRING
rpt-network-plng,sitetracker_data,TMP_ST_DAMAGES_T,LEGACY_COMPANY_3,STRING
rpt-network-plng,sitetracker_data,TMP_ST_DAMAGES_T,LEGACY_COMPANY_4,STRING
rpt-network-plng,sitetracker_data,TMP_ST_DAMAGES_T,LEGACY_COMPANY_5,STRING
rpt-network-plng,sitetracker_data,TMP_ST_DAMAGES_T,LEGAL_REVIEW_DATE,TIMESTAMP
rpt-network-plng,sitetracker_data,TMP_ST_DAMAGES_T,LIABILITY_ACCEPTED,STRING
rpt-network-plng,sitetracker_data,TMP_ST_DAMAGES_T,LITIGATION_NOTES,STRING
rpt-network-plng,sitetracker_data,TMP_ST_DAMAGES_T,LITIGATION_STATUS,STRING
rpt-network-plng,sitetracker_data,TMP_ST_DAMAGES_T,LOCATE_COMPANY,STRING
rpt-network-plng,sitetracker_data,TMP_ST_DAMAGES_T,LOCATE_INVESTIGATION_CODE,STRING
rpt-network-plng,sitetracker_data,TMP_ST_DAMAGES_T,LOCATE_INVESTIGATION_FEE,NUMERIC
rpt-network-plng,sitetracker_data,TMP_ST_DAMAGES_T,LOCATE_TICKET_NUMBER,STRING
rpt-network-plng,sitetracker_data,TMP_ST_DAMAGES_T,LOCATOR_NOTICE_SENT,TIMESTAMP
rpt-network-plng,sitetracker_data,TMP_ST_DAMAGES_T,LOSS_OF_USE,NUMERIC
rpt-network-plng,sitetracker_data,TMP_ST_DAMAGES_T,MATERIAL_TYPE_1,STRING
rpt-network-plng,sitetracker_data,TMP_ST_DAMAGES_T,MATERIAL_TYPE_2,STRING
rpt-network-plng,sitetracker_data,TMP_ST_DAMAGES_T,MATERIAL_TYPE_3,STRING
rpt-network-plng,sitetracker_data,TMP_ST_DAMAGES_T,MATERIAL_TYPE_4,STRING
rpt-network-plng,sitetracker_data,TMP_ST_DAMAGES_T,MATERIAL_TYPE_5,STRING
rpt-network-plng,sitetracker_data,TMP_ST_DAMAGES_T,MOBILE_CLAIM_NUMBER,STRING
rpt-network-plng,sitetracker_data,TMP_ST_DAMAGES_T,MOBILE_CREATE_DATE,TIMESTAMP
rpt-network-plng,sitetracker_data,TMP_ST_DAMAGES_T,NEAREST_INTERSECTION,STRING
rpt-network-plng,sitetracker_data,TMP_ST_DAMAGES_T,NO_BILL_CLOSURE_CODES,STRING
rpt-network-plng,sitetracker_data,TMP_ST_DAMAGES_T,NOTICE_LETTER,STRING
rpt-network-plng,sitetracker_data,TMP_ST_DAMAGES_T,NOTICE_LETTER_SENT_DATE,TIMESTAMP
rpt-network-plng,sitetracker_data,TMP_ST_DAMAGES_T,OTHERNO_BILL_DESCRIPTION,STRING
rpt-network-plng,sitetracker_data,TMP_ST_DAMAGES_T,OUTAGE_CREDITS,NUMERIC
rpt-network-plng,sitetracker_data,TMP_ST_DAMAGES_T,OVERRIDE_DAMAGE_INVESTIGATION,NUMERIC
rpt-network-plng,sitetracker_data,TMP_ST_DAMAGES_T,OVERRIDE_G_A_FEE,NUMERIC
rpt-network-plng,sitetracker_data,TMP_ST_DAMAGES_T,PAID_AMOUNT,NUMERIC
rpt-network-plng,sitetracker_data,TMP_ST_DAMAGES_T,PAID_DATE,TIMESTAMP
rpt-network-plng,sitetracker_data,TMP_ST_DAMAGES_T,PAYMENT_PLAN,STRING
rpt-network-plng,sitetracker_data,TMP_ST_DAMAGES_T,PAYMENT_PLAN_APPROVAL_DATE,TIMESTAMP
rpt-network-plng,sitetracker_data,TMP_ST_DAMAGES_T,PAYMENT_PLAN_TERMS,STRING
rpt-network-plng,sitetracker_data,TMP_ST_DAMAGES_T,PAYMENT_RELEASE_DOCUMENT_DATE,TIMESTAMP
rpt-network-plng,sitetracker_data,TMP_ST_DAMAGES_T,POLICE_REPORT_CALLED_IN,STRING
rpt-network-plng,sitetracker_data,TMP_ST_DAMAGES_T,POLICE_REPORT_RECEIVED,TIMESTAMP
rpt-network-plng,sitetracker_data,TMP_ST_DAMAGES_T,POLICE_REPORT_REQUESTED,TIMESTAMP
rpt-network-plng,sitetracker_data,TMP_ST_DAMAGES_T,PREVENTABLE_CLASS,STRING
rpt-network-plng,sitetracker_data,TMP_ST_DAMAGES_T,PREVENTABLE_DATE,TIMESTAMP
rpt-network-plng,sitetracker_data,TMP_ST_DAMAGES_T,REBILL_DATE,TIMESTAMP
rpt-network-plng,sitetracker_data,TMP_ST_DAMAGES_T,REBILLED_TO,STRING
rpt-network-plng,sitetracker_data,TMP_ST_DAMAGES_T,RECOVERED_BY,STRING
rpt-network-plng,sitetracker_data,TMP_ST_DAMAGES_T,RECOVERED_NET,NUMERIC
rpt-network-plng,sitetracker_data,TMP_ST_DAMAGES_T,REFERRED_TO,STRING
rpt-network-plng,sitetracker_data,TMP_ST_DAMAGES_T,REFERRED_TO_DATE,TIMESTAMP
rpt-network-plng,sitetracker_data,TMP_ST_DAMAGES_T,REGION,STRING
rpt-network-plng,sitetracker_data,TMP_ST_DAMAGES_T,RELATED_FW_OR_CMSCUPS_NUMBER,STRING
rpt-network-plng,sitetracker_data,TMP_ST_DAMAGES_T,REPAIR_TICKET_NUMBER,STRING
rpt-network-plng,sitetracker_data,TMP_ST_DAMAGES_T,REPORT_NUMBER,STRING
rpt-network-plng,sitetracker_data,TMP_ST_DAMAGES_T,REPORT_TYPE_1,STRING
rpt-network-plng,sitetracker_data,TMP_ST_DAMAGES_T,REPORT_TYPE_2,STRING
rpt-network-plng,sitetracker_data,TMP_ST_DAMAGES_T,REPORT_TYPE_3,STRING
rpt-network-plng,sitetracker_data,TMP_ST_DAMAGES_T,REPORT_TYPE_4,STRING
rpt-network-plng,sitetracker_data,TMP_ST_DAMAGES_T,REPORT_TYPE_5,STRING
rpt-network-plng,sitetracker_data,TMP_ST_DAMAGES_T,ROOT_CAUSE,STRING
rpt-network-plng,sitetracker_data,TMP_ST_DAMAGES_T,SETTLED_PAYMENT_IN_PROCESS_DATE,TIMESTAMP
rpt-network-plng,sitetracker_data,TMP_ST_DAMAGES_T,SETTLED_AMOUNT,NUMERIC
rpt-network-plng,sitetracker_data,TMP_ST_DAMAGES_T,SETTLED_DATE,TIMESTAMP
rpt-network-plng,sitetracker_data,TMP_ST_DAMAGES_T,SETTLEMENT_PERCENTAGE,NUMERIC
rpt-network-plng,sitetracker_data,TMP_ST_DAMAGES_T,SITETRACKER_LOCATOR,STRING
rpt-network-plng,sitetracker_data,TMP_ST_DAMAGES_T,SOL_DATE,TIMESTAMP
rpt-network-plng,sitetracker_data,TMP_ST_DAMAGES_T,STATUS_CODE,STRING
rpt-network-plng,sitetracker_data,TMP_ST_DAMAGES_T,STATUS_LAST_CHANGED_DATE,TIMESTAMP
rpt-network-plng,sitetracker_data,TMP_ST_DAMAGES_T,STB_FINANCIALLY_ACTIONABLE_DATE,TIMESTAMP
rpt-network-plng,sitetracker_data,TMP_ST_DAMAGES_T,STB_RETURN_TO_FIELD_DATE,TIMESTAMP
rpt-network-plng,sitetracker_data,TMP_ST_DAMAGES_T,STB_RETURN_TO_LOCATOR_DATE,TIMESTAMP
rpt-network-plng,sitetracker_data,TMP_ST_DAMAGES_T,SUIT_FILED_DATE,TIMESTAMP
rpt-network-plng,sitetracker_data,TMP_ST_DAMAGES_T,TOTAL_LABOR_COST,NUMERIC
rpt-network-plng,sitetracker_data,TMP_ST_DAMAGES_T,TOTAL_MATERIAL_COST,NUMERIC
rpt-network-plng,sitetracker_data,TMP_ST_DAMAGES_T,VENDOR_INVOICED_DATE,TIMESTAMP
rpt-network-plng,sitetracker_data,TMP_ST_DAMAGES_T,WHO_HIRED_DAMAGING_CONTRACTOR,STRING
rpt-network-plng,sitetracker_data,TMP_ST_DAMAGES_T,WHO_SHOULD_RECEIVE_BILL,STRING
rpt-network-plng,sitetracker_data,TMP_ST_DAMAGES_T,WITNESS_COMPANY,STRING
rpt-network-plng,sitetracker_data,TMP_ST_DAMAGES_T,WITNESS_NAME,STRING
rpt-network-plng,sitetracker_data,TMP_ST_DAMAGES_T,WITNESS_PHONE_NUMBER,STRING
rpt-network-plng,sitetracker_data,TMP_ST_DAMAGES_T,AGENCY_NAME,STRING
rpt-network-plng,sitetracker_data,TMP_ST_DAMAGES_T,AS_BUILT_TEAM_NAME,STRING
rpt-network-plng,sitetracker_data,TMP_ST_DAMAGES_T,AS_BUILT_TEAM_CUID,STRING
rpt-network-plng,sitetracker_data,TMP_ST_DAMAGES_T,CAPITAL_APPROVAL_CODE,STRING
rpt-network-plng,sitetracker_data,TMP_ST_DAMAGES_T,CITY,STRING
rpt-network-plng,sitetracker_data,TMP_ST_DAMAGES_T,CLOSE_FINANCIAL_TOOL_A,TIMESTAMP
rpt-network-plng,sitetracker_data,TMP_ST_DAMAGES_T,CLOSE_FINANCIAL_TOOL_F,TIMESTAMP
rpt-network-plng,sitetracker_data,TMP_ST_DAMAGES_T,COMPANY_CODE,STRING
rpt-network-plng,sitetracker_data,TMP_ST_DAMAGES_T,COMPLETE_SPLICING_CUTOVER_A,TIMESTAMP
rpt-network-plng,sitetracker_data,TMP_ST_DAMAGES_T,COMPLETE_SPLICING_CUTOVER_F,TIMESTAMP
rpt-network-plng,sitetracker_data,TMP_ST_DAMAGES_T,CONSTRUCTION_COORDINATOR_CUID,STRING
rpt-network-plng,sitetracker_data,TMP_ST_DAMAGES_T,CONSTRUCTION_COORDINATOR_NAME,STRING
rpt-network-plng,sitetracker_data,TMP_ST_DAMAGES_T,CREATE_PROJECT_A,TIMESTAMP
rpt-network-plng,sitetracker_data,TMP_ST_DAMAGES_T,CREATED_BY_CUID,STRING
rpt-network-plng,sitetracker_data,TMP_ST_DAMAGES_T,CREATED_BY_NAME,STRING
rpt-network-plng,sitetracker_data,TMP_ST_DAMAGES_T,CURRENT_OPEN_ACTIVITY,STRING
rpt-network-plng,sitetracker_data,TMP_ST_DAMAGES_T,DATE_AUDIT_COMPLETED,TIMESTAMP
rpt-network-plng,sitetracker_data,TMP_ST_DAMAGES_T,DATE_AUDIT_STARTED,TIMESTAMP
rpt-network-plng,sitetracker_data,TMP_ST_DAMAGES_T,EXCHANGE,STRING
rpt-network-plng,sitetracker_data,TMP_ST_DAMAGES_T,EXCHANGE_NAME,STRING
rpt-network-plng,sitetracker_data,TMP_ST_DAMAGES_T,FW_PROJECT_ID,STRING
rpt-network-plng,sitetracker_data,TMP_ST_DAMAGES_T,FW_PROJECT_URL,STRING
rpt-network-plng,sitetracker_data,TMP_ST_DAMAGES_T,FW_DATE_CREATED,DATE
rpt-network-plng,sitetracker_data,TMP_ST_DAMAGES_T,FW_DATE_RELEASED,DATE
rpt-network-plng,sitetracker_data,TMP_ST_DAMAGES_T,FW_DATE_ENG_RELEASED,DATE
rpt-network-plng,sitetracker_data,TMP_ST_DAMAGES_T,FW_DATE_TECOD,DATE
rpt-network-plng,sitetracker_data,TMP_ST_DAMAGES_T,FW_DATE_CLOSED,DATE
rpt-network-plng,sitetracker_data,TMP_ST_DAMAGES_T,FW_STATUS,STRING
rpt-network-plng,sitetracker_data,TMP_ST_DAMAGES_T,FW_STATUS_DT,DATE
rpt-network-plng,sitetracker_data,TMP_ST_DAMAGES_T,FW_PLAN_AMOUNT,NUMERIC
rpt-network-plng,sitetracker_data,TMP_ST_DAMAGES_T,FW_ACTUAL_PTD,NUMERIC
rpt-network-plng,sitetracker_data,TMP_ST_DAMAGES_T,FW_ENG_RESPONSIBLE_PERSON,STRING
rpt-network-plng,sitetracker_data,TMP_ST_DAMAGES_T,FW_RP_CUID,STRING
rpt-network-plng,sitetracker_data,TMP_ST_DAMAGES_T,FW_ENG_CREATE_PERSON,STRING
rpt-network-plng,sitetracker_data,TMP_ST_DAMAGES_T,FW_ENG_CONSTR_CORD,STRING
rpt-network-plng,sitetracker_data,TMP_ST_DAMAGES_T,ENG_EMP_STATUS,STRING
rpt-network-plng,sitetracker_data,TMP_ST_DAMAGES_T,ENG_SRO_NM,STRING
rpt-network-plng,sitetracker_data,TMP_ST_DAMAGES_T,ENG_MRO_NM,STRING
rpt-network-plng,sitetracker_data,TMP_ST_DAMAGES_T,ENG_DIR_NM,STRING
rpt-network-plng,sitetracker_data,TMP_ST_DAMAGES_T,ENG_VPO_NM,STRING
rpt-network-plng,sitetracker_data,TMP_ST_DAMAGES_T,ENG_RGN_NM,STRING
rpt-network-plng,sitetracker_data,TMP_ST_DAMAGES_T,TOTAL_INVOICED,NUMERIC
rpt-network-plng,sitetracker_data,TMP_ST_DAMAGES_T,ACTIONABLE_FLAG,STRING
rpt-network-plng,sitetracker_data,TMP_ST_DAMAGES_T,FLAG_FOR_DELETION,NUMERIC
rpt-network-plng,sitetracker_data,TMP_ST_DAMAGES_T,INVESTMENT_REASON,STRING
rpt-network-plng,sitetracker_data,TMP_ST_DAMAGES_T,MATERIALS_RECEIVED_A,TIMESTAMP
rpt-network-plng,sitetracker_data,TMP_ST_DAMAGES_T,MATERIALS_RECEIVED_F,TIMESTAMP
rpt-network-plng,sitetracker_data,TMP_ST_DAMAGES_T,ORDER_MATERIALS_A,TIMESTAMP
rpt-network-plng,sitetracker_data,TMP_ST_DAMAGES_T,ORDER_MATERIALS_F,TIMESTAMP
rpt-network-plng,sitetracker_data,TMP_ST_DAMAGES_T,OSP_ENG_DIRECTOR_NAME,STRING
rpt-network-plng,sitetracker_data,TMP_ST_DAMAGES_T,OSP_MANAGER_NAME,STRING
rpt-network-plng,sitetracker_data,TMP_ST_DAMAGES_T,PERMITTING_RIGHT_OF_WAY_DEPENDENCIES_A,TIMESTAMP
rpt-network-plng,sitetracker_data,TMP_ST_DAMAGES_T,PERMITTING_RIGHT_OF_WAY_DEPENDENCIES_F,TIMESTAMP
rpt-network-plng,sitetracker_data,TMP_ST_DAMAGES_T,PLACING_A,TIMESTAMP
rpt-network-plng,sitetracker_data,TMP_ST_DAMAGES_T,PLACING_F,TIMESTAMP
rpt-network-plng,sitetracker_data,TMP_ST_DAMAGES_T,PRIMARY_WIRE_CENTER_ID,STRING
rpt-network-plng,sitetracker_data,TMP_ST_DAMAGES_T,PRIMARY_WIRE_CENTER_NAME,STRING
rpt-network-plng,sitetracker_data,TMP_ST_DAMAGES_T,PROGRAM_NAME,STRING
rpt-network-plng,sitetracker_data,TMP_ST_DAMAGES_T,PROJECT_AUDIT_COMMENTS,STRING
rpt-network-plng,sitetracker_data,TMP_ST_DAMAGES_T,PROJECT_AUDIT_REQUESTED,NUMERIC
rpt-network-plng,sitetracker_data,TMP_ST_DAMAGES_T,PROJECT_DESCRIPTION,STRING
rpt-network-plng,sitetracker_data,TMP_ST_DAMAGES_T,PROJECT_NAME,STRING
rpt-network-plng,sitetracker_data,TMP_ST_DAMAGES_T,PROJECT_STATUS_OVERRIDE,NUMERIC
rpt-network-plng,sitetracker_data,TMP_ST_DAMAGES_T,PROJECT_STATUS_OVERRIDE_REASON,STRING
rpt-network-plng,sitetracker_data,TMP_ST_DAMAGES_T,RECORD_UPDATES_FINAL_POST_A,TIMESTAMP
rpt-network-plng,sitetracker_data,TMP_ST_DAMAGES_T,RECORD_UPDATES_FINAL_POST_F,TIMESTAMP
rpt-network-plng,sitetracker_data,TMP_ST_DAMAGES_T,RELEASED_TO_CONSTRUCTION_A,TIMESTAMP
rpt-network-plng,sitetracker_data,TMP_ST_DAMAGES_T,RELEASED_TO_CONSTRUCTION_F,TIMESTAMP
rpt-network-plng,sitetracker_data,TMP_ST_DAMAGES_T,RESPONSIBLE_PERSON_NAME,STRING
rpt-network-plng,sitetracker_data,TMP_ST_DAMAGES_T,SAP_SYSTEM_STATUS,STRING
rpt-network-plng,sitetracker_data,TMP_ST_DAMAGES_T,SERVICE_AREA,STRING
rpt-network-plng,sitetracker_data,TMP_ST_DAMAGES_T,PROJECT_STATUS,STRING
rpt-network-plng,sitetracker_data,TMP_ST_DAMAGES_T,SOW_FORM,STRING
rpt-network-plng,sitetracker_data,TMP_ST_DAMAGES_T,ST_PROJECT_URL,STRING
rpt-network-plng,sitetracker_data,TMP_ST_DAMAGES_T,PROJECT_TYPE,STRING
rpt-network-plng,sitetracker_data,TMP_ST_DAMAGES_T,STATE,STRING
rpt-network-plng,sitetracker_data,TMP_ST_DAMAGES_T,SUBMIT_SPLICING_CUTOVER_A,TIMESTAMP
rpt-network-plng,sitetracker_data,TMP_ST_DAMAGES_T,SUBMIT_SPLICING_CUTOVER_F,TIMESTAMP
rpt-network-plng,sitetracker_data,TMP_ST_DAMAGES_T,TECHNICALLY_COMPLETE_A,TIMESTAMP
rpt-network-plng,sitetracker_data,TMP_ST_DAMAGES_T,TECHNICALLY_COMPLETE_F,TIMESTAMP
rpt-network-plng,sitetracker_data,TMP_ST_DAMAGES_T,UPLOAD_ASBUILTS_A,TIMESTAMP
rpt-network-plng,sitetracker_data,TMP_ST_DAMAGES_T,UPLOAD_ASBUILTS_F,TIMESTAMP
rpt-network-plng,sitetracker_data,TMP_ST_DAMAGES_T,VENDOR_CONTRACT_ASSIGNMENT,STRING
rpt-network-plng,sitetracker_data,TMP_ST_DAMAGES_T,VERB_CODE_AND_DESCRIPTION,STRING
rpt-network-plng,sitetracker_data,TMP_ST_DAMAGES_T,VERIFY_ACTUALS_A,TIMESTAMP
rpt-network-plng,sitetracker_data,TMP_ST_DAMAGES_T,VERIFY_ACTUALS_F,TIMESTAMP
rpt-network-plng,sitetracker_data,TMP_ST_DAMAGES_T,WRECKING_RESTORAL_A,TIMESTAMP
rpt-network-plng,sitetracker_data,TMP_ST_DAMAGES_T,WRECKING_RESTORAL_F,TIMESTAMP
rpt-network-plng,sitetracker_data,TMP_ST_DAMAGES_T,FUNDING_REQUEST_RECEIVED_A,TIMESTAMP
rpt-network-plng,sitetracker_data,TMP_ST_DAMAGES_T,FUNDING_REQUEST_RECEIVED_F,TIMESTAMP
rpt-network-plng,sitetracker_data,TMP_ST_DAMAGES_T,FUNDING_REQUEST_SUBMITTED_A,TIMESTAMP
rpt-network-plng,sitetracker_data,TMP_ST_DAMAGES_T,FUNDING_REQUEST_SUBMITTED_F,TIMESTAMP
rpt-network-plng,sitetracker_data,TMP_ST_DAMAGES_T,FURTHEST_COMPLETED_ACTIVITY,STRING
rpt-network-plng,sitetracker_data,TMP_ST_DAMAGES_T,FINALIZE_ALL_VENDOR_INVOICING_A,TIMESTAMP
rpt-network-plng,sitetracker_data,TMP_ST_DAMAGES_T,FINALIZE_ALL_VENDOR_INVOICING_F,TIMESTAMP
rpt-network-plng,sitetracker_data,Test_T,st_project_id,STRING
rpt-network-plng,sitetracker_data,Test_T,claims_jumper_number,STRING
rpt-network-plng,sitetracker_data,Test_T,network,STRING
rpt-network-plng,sitetracker_data,Test_T,event_ticket_number,STRING
rpt-network-plng,sitetracker_data,Test_T,collection_manager,STRING
rpt-network-plng,sitetracker_data,Test_T,collection_vendor_pm_assigned,STRING
rpt-network-plng,sitetracker_data,Test_T,contractor_services_used,STRING
rpt-network-plng,sitetracker_data,Test_T,cr_vendor_invoiced_a,TIMESTAMP
rpt-network-plng,sitetracker_data,Test_T,cr_vendor_invoiced_f,TIMESTAMP
rpt-network-plng,sitetracker_data,Test_T,cup_sheet_received_from_contractor_a,TIMESTAMP
rpt-network-plng,sitetracker_data,Test_T,cup_sheet_received_from_contractor_f,TIMESTAMP
rpt-network-plng,sitetracker_data,Test_T,damage_date_a,TIMESTAMP
rpt-network-plng,sitetracker_data,Test_T,damage_date_f,TIMESTAMP
rpt-network-plng,sitetracker_data,Test_T,emergency_record_updates_a,TIMESTAMP
rpt-network-plng,sitetracker_data,Test_T,emergency_record_updates_f,TIMESTAMP
rpt-network-plng,sitetracker_data,Test_T,emergency_vendor_invoicing_a,TIMESTAMP
rpt-network-plng,sitetracker_data,Test_T,emergency_vendor_invoicing_f,TIMESTAMP
rpt-network-plng,sitetracker_data,Test_T,engineering_completed_a,TIMESTAMP
rpt-network-plng,sitetracker_data,Test_T,engineering_completed_f,TIMESTAMP
rpt-network-plng,sitetracker_data,Test_T,financial_project_creation_deploy_a,TIMESTAMP
rpt-network-plng,sitetracker_data,Test_T,financial_project_creation_deploy_f,TIMESTAMP
rpt-network-plng,sitetracker_data,Test_T,postbill,STRING
rpt-network-plng,sitetracker_data,Test_T,prebill,STRING
rpt-network-plng,sitetracker_data,Test_T,prebill_manager,STRING
rpt-network-plng,sitetracker_data,Test_T,stb_financially_actionable_a,TIMESTAMP
rpt-network-plng,sitetracker_data,Test_T,stb_financially_actionable_f,TIMESTAMP
rpt-network-plng,sitetracker_data,Test_T,x3rd_party_invoiced_date,TIMESTAMP
rpt-network-plng,sitetracker_data,Test_T,xrd_party_fees,NUMERIC
rpt-network-plng,sitetracker_data,Test_T,activity_causing_damage,STRING
rpt-network-plng,sitetracker_data,Test_T,arbitration_date,TIMESTAMP
rpt-network-plng,sitetracker_data,Test_T,arbitration_decision,STRING
rpt-network-plng,sitetracker_data,Test_T,arbitration_request_date,TIMESTAMP
rpt-network-plng,sitetracker_data,Test_T,assigned_to,STRING
rpt-network-plng,sitetracker_data,Test_T,ops_sro_name,STRING
rpt-network-plng,sitetracker_data,Test_T,ops_sroemail,STRING
rpt-network-plng,sitetracker_data,Test_T,ops_mro_nm,STRING
rpt-network-plng,sitetracker_data,Test_T,ops_dir_nm,STRING
rpt-network-plng,sitetracker_data,Test_T,ops_vpo_nm,STRING
rpt-network-plng,sitetracker_data,Test_T,ops_rgn_nm,STRING
rpt-network-plng,sitetracker_data,Test_T,attorney_assigned,STRING
rpt-network-plng,sitetracker_data,Test_T,bill_to,STRING
rpt-network-plng,sitetracker_data,Test_T,alt_bill_to_email,STRING
rpt-network-plng,sitetracker_data,Test_T,bill_to_other,STRING
rpt-network-plng,sitetracker_data,Test_T,alt_bill_to_party,STRING
rpt-network-plng,sitetracker_data,Test_T,alt_bill_to_party_address,STRING
rpt-network-plng,sitetracker_data,Test_T,alt_bill_to_party_city,STRING
rpt-network-plng,sitetracker_data,Test_T,alt_bill_to_party_insurance_company,STRING
rpt-network-plng,sitetracker_data,Test_T,alt_bill_to_party_phone,STRING
rpt-network-plng,sitetracker_data,Test_T,alt_bill_to_party_state,STRING
rpt-network-plng,sitetracker_data,Test_T,alt_bill_to_party_zip,STRING
rpt-network-plng,sitetracker_data,Test_T,cable_fiber_count_description_1,STRING
rpt-network-plng,sitetracker_data,Test_T,cable_fiber_count_description_2,STRING
rpt-network-plng,sitetracker_data,Test_T,cable_fiber_count_description_3,STRING
rpt-network-plng,sitetracker_data,Test_T,cable_fiber_count_description_4,STRING
rpt-network-plng,sitetracker_data,Test_T,cable_fiber_count_description_5,STRING
rpt-network-plng,sitetracker_data,Test_T,claim_class_type,STRING
rpt-network-plng,sitetracker_data,Test_T,claim_status,STRING
rpt-network-plng,sitetracker_data,Test_T,close_date,TIMESTAMP
rpt-network-plng,sitetracker_data,Test_T,closed_date,TIMESTAMP
rpt-network-plng,sitetracker_data,Test_T,cms_contractor_cost_formula,NUMERIC
rpt-network-plng,sitetracker_data,Test_T,cms_bsw_cups_number_1,STRING
rpt-network-plng,sitetracker_data,Test_T,cms_bsw_cups_number_2,STRING
rpt-network-plng,sitetracker_data,Test_T,cms_num1_clean,STRING
rpt-network-plng,sitetracker_data,Test_T,cms_num2_clean,STRING
rpt-network-plng,sitetracker_data,Test_T,cms_num3_clean,STRING
rpt-network-plng,sitetracker_data,Test_T,cmsbswcups_total_1,NUMERIC
rpt-network-plng,sitetracker_data,Test_T,cmsbswcups_total_2,NUMERIC
rpt-network-plng,sitetracker_data,Test_T,cups_status1,STRING
rpt-network-plng,sitetracker_data,Test_T,cups_status2,STRING
rpt-network-plng,sitetracker_data,Test_T,cups_status3,STRING
rpt-network-plng,sitetracker_data,Test_T,cms_cups1,NUMERIC
rpt-network-plng,sitetracker_data,Test_T,cms_cups2,NUMERIC
rpt-network-plng,sitetracker_data,Test_T,cms_cups3,NUMERIC
rpt-network-plng,sitetracker_data,Test_T,collection_commission,NUMERIC
rpt-network-plng,sitetracker_data,Test_T,collection_vendor_bill_sent,TIMESTAMP
rpt-network-plng,sitetracker_data,Test_T,commission_amount,NUMERIC
rpt-network-plng,sitetracker_data,Test_T,commission_override_reason,STRING
rpt-network-plng,sitetracker_data,Test_T,commission_paid_date,TIMESTAMP
rpt-network-plng,sitetracker_data,Test_T,commission_percentage_category,STRING
rpt-network-plng,sitetracker_data,Test_T,cost_1,NUMERIC
rpt-network-plng,sitetracker_data,Test_T,cost_2,NUMERIC
rpt-network-plng,sitetracker_data,Test_T,cost_3,NUMERIC
rpt-network-plng,sitetracker_data,Test_T,cost_4,NUMERIC
rpt-network-plng,sitetracker_data,Test_T,cost_5,NUMERIC
rpt-network-plng,sitetracker_data,Test_T,cost_center,STRING
rpt-network-plng,sitetracker_data,Test_T,cost_dispute,STRING
rpt-network-plng,sitetracker_data,Test_T,cost_recovery_moved_back,NUMERIC
rpt-network-plng,sitetracker_data,Test_T,count_size_1,NUMERIC
rpt-network-plng,sitetracker_data,Test_T,count_size_2,NUMERIC
rpt-network-plng,sitetracker_data,Test_T,count_size_3,NUMERIC
rpt-network-plng,sitetracker_data,Test_T,count_size_4,NUMERIC
rpt-network-plng,sitetracker_data,Test_T,count_size_5,NUMERIC
rpt-network-plng,sitetracker_data,Test_T,damage_address,STRING
rpt-network-plng,sitetracker_data,Test_T,damage_city,STRING
rpt-network-plng,sitetracker_data,Test_T,damage_claims_number_auto,STRING
rpt-network-plng,sitetracker_data,Test_T,damage_county,STRING
rpt-network-plng,sitetracker_data,Test_T,damage_date,TIMESTAMP
rpt-network-plng,sitetracker_data,Test_T,aging,STRING
rpt-network-plng,sitetracker_data,Test_T,curr_status_aging,STRING
rpt-network-plng,sitetracker_data,Test_T,curr_status_age,INT64
rpt-network-plng,sitetracker_data,Test_T,damage_investigation_fee,NUMERIC
rpt-network-plng,sitetracker_data,Test_T,damage_investigation_received,TIMESTAMP
rpt-network-plng,sitetracker_data,Test_T,damage_investigation_response,STRING
rpt-network-plng,sitetracker_data,Test_T,damage_investigation_sub_response,STRING
rpt-network-plng,sitetracker_data,Test_T,damage_state,STRING
rpt-network-plng,sitetracker_data,Test_T,damage_state_sol_years,NUMERIC
rpt-network-plng,sitetracker_data,Test_T,damager_a_lumen_customer,STRING
rpt-network-plng,sitetracker_data,Test_T,damager_a_muni_or_gov_entity,STRING
rpt-network-plng,sitetracker_data,Test_T,damager_address,STRING
rpt-network-plng,sitetracker_data,Test_T,damager_category,STRING
rpt-network-plng,sitetracker_data,Test_T,damager_category_other,STRING
rpt-network-plng,sitetracker_data,Test_T,damager_city,STRING
rpt-network-plng,sitetracker_data,Test_T,damager_email,STRING
rpt-network-plng,sitetracker_data,Test_T,damager_insurance_co,STRING
rpt-network-plng,sitetracker_data,Test_T,damager_known,STRING
rpt-network-plng,sitetracker_data,Test_T,damager_name,STRING
rpt-network-plng,sitetracker_data,Test_T,damager_phone,STRING
rpt-network-plng,sitetracker_data,Test_T,damager_state,STRING
rpt-network-plng,sitetracker_data,Test_T,damager_working_for_lumen,STRING
rpt-network-plng,sitetracker_data,Test_T,damager_zip,STRING
rpt-network-plng,sitetracker_data,Test_T,damaging_company,STRING
rpt-network-plng,sitetracker_data,Test_T,date_paid,TIMESTAMP
rpt-network-plng,sitetracker_data,Test_T,date_sent_to_attorney,TIMESTAMP
rpt-network-plng,sitetracker_data,Test_T,date_work_started_1,TIMESTAMP
rpt-network-plng,sitetracker_data,Test_T,date_work_started_2,TIMESTAMP
rpt-network-plng,sitetracker_data,Test_T,date_work_started_3,TIMESTAMP
rpt-network-plng,sitetracker_data,Test_T,date_work_started_4,TIMESTAMP
rpt-network-plng,sitetracker_data,Test_T,date_work_started_5,TIMESTAMP
rpt-network-plng,sitetracker_data,Test_T,date_work_stopped_1,TIMESTAMP
rpt-network-plng,sitetracker_data,Test_T,date_work_stopped_2,TIMESTAMP
rpt-network-plng,sitetracker_data,Test_T,date_work_stopped_3,TIMESTAMP
rpt-network-plng,sitetracker_data,Test_T,date_work_stopped_4,TIMESTAMP
rpt-network-plng,sitetracker_data,Test_T,date_work_stopped_5,TIMESTAMP
rpt-network-plng,sitetracker_data,Test_T,days_in_status,NUMERIC
rpt-network-plng,sitetracker_data,Test_T,dct_number,STRING
rpt-network-plng,sitetracker_data,Test_T,denial_write_off_review_date,TIMESTAMP
rpt-network-plng,sitetracker_data,Test_T,description_of_emergency_repair,STRING
rpt-network-plng,sitetracker_data,Test_T,dig_ticket_for_location,STRING
rpt-network-plng,sitetracker_data,Test_T,discovery_date,TIMESTAMP
rpt-network-plng,sitetracker_data,Test_T,discovery_needed,STRING
rpt-network-plng,sitetracker_data,Test_T,division,STRING
rpt-network-plng,sitetracker_data,Test_T,employee_name_1,STRING
rpt-network-plng,sitetracker_data,Test_T,employee_name_2,STRING
rpt-network-plng,sitetracker_data,Test_T,employee_name_3,STRING
rpt-network-plng,sitetracker_data,Test_T,employee_name_4,STRING
rpt-network-plng,sitetracker_data,Test_T,employee_name_5,STRING
rpt-network-plng,sitetracker_data,Test_T,entered_on_mobile_or_browser,STRING
rpt-network-plng,sitetracker_data,Test_T,equipment_causing_damage,STRING
rpt-network-plng,sitetracker_data,Test_T,facility_type_1,STRING
rpt-network-plng,sitetracker_data,Test_T,facility_type_2,STRING
rpt-network-plng,sitetracker_data,Test_T,facility_type_3,STRING
rpt-network-plng,sitetracker_data,Test_T,facility_type_4,STRING
rpt-network-plng,sitetracker_data,Test_T,facility_type_5,STRING
rpt-network-plng,sitetracker_data,Test_T,financial_documents_attached,STRING
rpt-network-plng,sitetracker_data,Test_T,fireworks_actuals,NUMERIC
rpt-network-plng,sitetracker_data,Test_T,fireworks_adjustment,NUMERIC
rpt-network-plng,sitetracker_data,Test_T,fireworks_billed_formula,NUMERIC
rpt-network-plng,sitetracker_data,Test_T,flat_rate_billing,STRING
rpt-network-plng,sitetracker_data,Test_T,ga_fee,NUMERIC
rpt-network-plng,sitetracker_data,Test_T,hours_worked_1,NUMERIC
rpt-network-plng,sitetracker_data,Test_T,hours_worked_2,NUMERIC
rpt-network-plng,sitetracker_data,Test_T,hours_worked_3,NUMERIC
rpt-network-plng,sitetracker_data,Test_T,hours_worked_4,NUMERIC
rpt-network-plng,sitetracker_data,Test_T,hours_worked_5,NUMERIC
rpt-network-plng,sitetracker_data,Test_T,how_did_damage_occur,STRING
rpt-network-plng,sitetracker_data,Test_T,how_was_damager_identified,STRING
rpt-network-plng,sitetracker_data,Test_T,how_was_the_repair_completed,STRING
rpt-network-plng,sitetracker_data,Test_T,internal_attorney_assigned,STRING
rpt-network-plng,sitetracker_data,Test_T,internal_materials_1,STRING
rpt-network-plng,sitetracker_data,Test_T,internal_materials_2,STRING
rpt-network-plng,sitetracker_data,Test_T,internal_materials_3,STRING
rpt-network-plng,sitetracker_data,Test_T,internal_materials_4,STRING
rpt-network-plng,sitetracker_data,Test_T,internal_materials_5,STRING
rpt-network-plng,sitetracker_data,Test_T,is_this_a_service_affecting_damage,STRING
rpt-network-plng,sitetracker_data,Test_T,jurisdiction,STRING
rpt-network-plng,sitetracker_data,Test_T,labor_cost_1,NUMERIC
rpt-network-plng,sitetracker_data,Test_T,labor_cost_2,NUMERIC
rpt-network-plng,sitetracker_data,Test_T,labor_cost_3,NUMERIC
rpt-network-plng,sitetracker_data,Test_T,labor_cost_4,NUMERIC
rpt-network-plng,sitetracker_data,Test_T,labor_cost_5,NUMERIC
rpt-network-plng,sitetracker_data,Test_T,labor_rate_1,NUMERIC
rpt-network-plng,sitetracker_data,Test_T,labor_rate_2,NUMERIC
rpt-network-plng,sitetracker_data,Test_T,labor_rate_3,NUMERIC
rpt-network-plng,sitetracker_data,Test_T,labor_rate_4,NUMERIC
rpt-network-plng,sitetracker_data,Test_T,labor_rate_5,NUMERIC
rpt-network-plng,sitetracker_data,Test_T,legacy_company_1,STRING
rpt-network-plng,sitetracker_data,Test_T,legacy_company_2,STRING
rpt-network-plng,sitetracker_data,Test_T,legacy_company_3,STRING
rpt-network-plng,sitetracker_data,Test_T,legacy_company_4,STRING
rpt-network-plng,sitetracker_data,Test_T,legacy_company_5,STRING
rpt-network-plng,sitetracker_data,Test_T,legal_review_date,TIMESTAMP
rpt-network-plng,sitetracker_data,Test_T,liability_accepted,STRING
rpt-network-plng,sitetracker_data,Test_T,litigation_notes,STRING
rpt-network-plng,sitetracker_data,Test_T,litigation_status,STRING
rpt-network-plng,sitetracker_data,Test_T,locate_company,STRING
rpt-network-plng,sitetracker_data,Test_T,locate_investigation_code,STRING
rpt-network-plng,sitetracker_data,Test_T,locate_investigation_fee,NUMERIC
rpt-network-plng,sitetracker_data,Test_T,locate_ticket_number,STRING
rpt-network-plng,sitetracker_data,Test_T,locator_notice_sent,TIMESTAMP
rpt-network-plng,sitetracker_data,Test_T,loss_of_use,NUMERIC
rpt-network-plng,sitetracker_data,Test_T,material_type_1,STRING
rpt-network-plng,sitetracker_data,Test_T,material_type_2,STRING
rpt-network-plng,sitetracker_data,Test_T,material_type_3,STRING
rpt-network-plng,sitetracker_data,Test_T,material_type_4,STRING
rpt-network-plng,sitetracker_data,Test_T,material_type_5,STRING
rpt-network-plng,sitetracker_data,Test_T,mobile_claim_number,STRING
rpt-network-plng,sitetracker_data,Test_T,mobile_create_date,TIMESTAMP
rpt-network-plng,sitetracker_data,Test_T,nearest_intersection,STRING
rpt-network-plng,sitetracker_data,Test_T,no_bill_closure_codes,STRING
rpt-network-plng,sitetracker_data,Test_T,notice_letter,STRING
rpt-network-plng,sitetracker_data,Test_T,notice_letter_sent_date,TIMESTAMP
rpt-network-plng,sitetracker_data,Test_T,otherno_bill_description,STRING
rpt-network-plng,sitetracker_data,Test_T,outage_credits,NUMERIC
rpt-network-plng,sitetracker_data,Test_T,override_damage_investigation,NUMERIC
rpt-network-plng,sitetracker_data,Test_T,override_g_a_fee,NUMERIC
rpt-network-plng,sitetracker_data,Test_T,paid_amount,NUMERIC
rpt-network-plng,sitetracker_data,Test_T,paid_date,TIMESTAMP
rpt-network-plng,sitetracker_data,Test_T,payment_plan,STRING
rpt-network-plng,sitetracker_data,Test_T,payment_plan_approval_date,TIMESTAMP
rpt-network-plng,sitetracker_data,Test_T,payment_plan_terms,STRING
rpt-network-plng,sitetracker_data,Test_T,payment_release_document_date,TIMESTAMP
rpt-network-plng,sitetracker_data,Test_T,police_report_called_in,STRING
rpt-network-plng,sitetracker_data,Test_T,police_report_received,TIMESTAMP
rpt-network-plng,sitetracker_data,Test_T,police_report_requested,TIMESTAMP
rpt-network-plng,sitetracker_data,Test_T,preventable_class,STRING
rpt-network-plng,sitetracker_data,Test_T,preventable_date,TIMESTAMP
rpt-network-plng,sitetracker_data,Test_T,rebill_date,TIMESTAMP
rpt-network-plng,sitetracker_data,Test_T,rebilled_to,STRING
rpt-network-plng,sitetracker_data,Test_T,recovered_by,STRING
rpt-network-plng,sitetracker_data,Test_T,recovered_net,NUMERIC
rpt-network-plng,sitetracker_data,Test_T,referred_to,STRING
rpt-network-plng,sitetracker_data,Test_T,referred_to_date,TIMESTAMP
rpt-network-plng,sitetracker_data,Test_T,region,STRING
rpt-network-plng,sitetracker_data,Test_T,related_fw_or_cmscups_number,STRING
rpt-network-plng,sitetracker_data,Test_T,repair_ticket_number,STRING
rpt-network-plng,sitetracker_data,Test_T,report_number,STRING
rpt-network-plng,sitetracker_data,Test_T,report_type_1,STRING
rpt-network-plng,sitetracker_data,Test_T,report_type_2,STRING
rpt-network-plng,sitetracker_data,Test_T,report_type_3,STRING
rpt-network-plng,sitetracker_data,Test_T,report_type_4,STRING
rpt-network-plng,sitetracker_data,Test_T,report_type_5,STRING
rpt-network-plng,sitetracker_data,Test_T,root_cause,STRING
rpt-network-plng,sitetracker_data,Test_T,settled_payment_in_process_date,TIMESTAMP
rpt-network-plng,sitetracker_data,Test_T,settled_amount,NUMERIC
rpt-network-plng,sitetracker_data,Test_T,settled_date,TIMESTAMP
rpt-network-plng,sitetracker_data,Test_T,settlement_percentage,NUMERIC
rpt-network-plng,sitetracker_data,Test_T,sitetracker_locator,STRING
rpt-network-plng,sitetracker_data,Test_T,sol_date,TIMESTAMP
rpt-network-plng,sitetracker_data,Test_T,status_code,STRING
rpt-network-plng,sitetracker_data,Test_T,status_last_changed_date,TIMESTAMP
rpt-network-plng,sitetracker_data,Test_T,stb_financially_actionable_date,TIMESTAMP
rpt-network-plng,sitetracker_data,Test_T,stb_return_to_field_date,TIMESTAMP
rpt-network-plng,sitetracker_data,Test_T,stb_return_to_locator_date,TIMESTAMP
rpt-network-plng,sitetracker_data,Test_T,suit_filed_date,TIMESTAMP
rpt-network-plng,sitetracker_data,Test_T,total_labor_cost,NUMERIC
rpt-network-plng,sitetracker_data,Test_T,total_material_cost,NUMERIC
rpt-network-plng,sitetracker_data,Test_T,vendor_invoiced_date,TIMESTAMP
rpt-network-plng,sitetracker_data,Test_T,who_hired_damaging_contractor,STRING
rpt-network-plng,sitetracker_data,Test_T,who_should_receive_bill,STRING
rpt-network-plng,sitetracker_data,Test_T,witness_company,STRING
rpt-network-plng,sitetracker_data,Test_T,witness_name,STRING
rpt-network-plng,sitetracker_data,Test_T,witness_phone_number,STRING
rpt-network-plng,sitetracker_data,Test_T,agency_name,STRING
rpt-network-plng,sitetracker_data,Test_T,as_built_team_name,STRING
rpt-network-plng,sitetracker_data,Test_T,as_built_team_cuid,STRING
rpt-network-plng,sitetracker_data,Test_T,capital_approval_code,STRING
rpt-network-plng,sitetracker_data,Test_T,city,STRING
rpt-network-plng,sitetracker_data,Test_T,close_financial_tool_a,TIMESTAMP
rpt-network-plng,sitetracker_data,Test_T,close_financial_tool_f,TIMESTAMP
rpt-network-plng,sitetracker_data,Test_T,company_code,STRING
rpt-network-plng,sitetracker_data,Test_T,complete_splicing_cutover_a,TIMESTAMP
rpt-network-plng,sitetracker_data,Test_T,complete_splicing_cutover_f,TIMESTAMP
rpt-network-plng,sitetracker_data,Test_T,construction_coordinator_cuid,STRING
rpt-network-plng,sitetracker_data,Test_T,construction_coordinator_name,STRING
rpt-network-plng,sitetracker_data,Test_T,create_project_a,TIMESTAMP
rpt-network-plng,sitetracker_data,Test_T,created_by_cuid,STRING
rpt-network-plng,sitetracker_data,Test_T,created_by_name,STRING
rpt-network-plng,sitetracker_data,Test_T,current_open_activity,STRING
rpt-network-plng,sitetracker_data,Test_T,date_audit_completed,TIMESTAMP
rpt-network-plng,sitetracker_data,Test_T,date_audit_started,TIMESTAMP
rpt-network-plng,sitetracker_data,Test_T,exchange,STRING
rpt-network-plng,sitetracker_data,Test_T,exchange_name,STRING
rpt-network-plng,sitetracker_data,Test_T,fw_project_id,STRING
rpt-network-plng,sitetracker_data,Test_T,fw_project_url,STRING
rpt-network-plng,sitetracker_data,Test_T,fw_date_created,DATE
rpt-network-plng,sitetracker_data,Test_T,fw_date_released,DATE
rpt-network-plng,sitetracker_data,Test_T,fw_date_eng_released,DATE
rpt-network-plng,sitetracker_data,Test_T,fw_date_tecod,DATE
rpt-network-plng,sitetracker_data,Test_T,fw_date_closed,DATE
rpt-network-plng,sitetracker_data,Test_T,fw_status,STRING
rpt-network-plng,sitetracker_data,Test_T,fw_status_dt,DATE
rpt-network-plng,sitetracker_data,Test_T,fw_plan_amount,NUMERIC
rpt-network-plng,sitetracker_data,Test_T,fw_actual_ptd,NUMERIC
rpt-network-plng,sitetracker_data,Test_T,fw_eng_responsible_person,STRING
rpt-network-plng,sitetracker_data,Test_T,fw_rp_cuid,STRING
rpt-network-plng,sitetracker_data,Test_T,fw_eng_create_person,STRING
rpt-network-plng,sitetracker_data,Test_T,fw_eng_constr_cord,STRING
rpt-network-plng,sitetracker_data,Test_T,eng_emp_status,STRING
rpt-network-plng,sitetracker_data,Test_T,eng_sro_nm,STRING
rpt-network-plng,sitetracker_data,Test_T,eng_mro_nm,STRING
rpt-network-plng,sitetracker_data,Test_T,eng_dir_nm,STRING
rpt-network-plng,sitetracker_data,Test_T,eng_vpo_nm,STRING
rpt-network-plng,sitetracker_data,Test_T,eng_rgn_nm,STRING
rpt-network-plng,sitetracker_data,Test_T,total_invoiced,NUMERIC
rpt-network-plng,sitetracker_data,Test_T,actionable_flag,STRING
rpt-network-plng,sitetracker_data,Test_T,flag_for_deletion,NUMERIC
rpt-network-plng,sitetracker_data,Test_T,investment_reason,STRING
rpt-network-plng,sitetracker_data,Test_T,materials_received_a,TIMESTAMP
rpt-network-plng,sitetracker_data,Test_T,materials_received_f,TIMESTAMP
rpt-network-plng,sitetracker_data,Test_T,order_materials_a,TIMESTAMP
rpt-network-plng,sitetracker_data,Test_T,order_materials_f,TIMESTAMP
rpt-network-plng,sitetracker_data,Test_T,osp_eng_director_name,STRING
rpt-network-plng,sitetracker_data,Test_T,osp_manager_name,STRING
rpt-network-plng,sitetracker_data,Test_T,permitting_right_of_way_dependencies_a,TIMESTAMP
rpt-network-plng,sitetracker_data,Test_T,permitting_right_of_way_dependencies_f,TIMESTAMP
rpt-network-plng,sitetracker_data,Test_T,placing_a,TIMESTAMP
rpt-network-plng,sitetracker_data,Test_T,placing_f,TIMESTAMP
rpt-network-plng,sitetracker_data,Test_T,primary_wire_center_id,STRING
rpt-network-plng,sitetracker_data,Test_T,primary_wire_center_name,STRING
rpt-network-plng,sitetracker_data,Test_T,program_name,STRING
rpt-network-plng,sitetracker_data,Test_T,project_audit_comments,STRING
rpt-network-plng,sitetracker_data,Test_T,project_audit_requested,NUMERIC
rpt-network-plng,sitetracker_data,Test_T,project_description,STRING
rpt-network-plng,sitetracker_data,Test_T,project_name,STRING
rpt-network-plng,sitetracker_data,Test_T,project_status_override,NUMERIC
rpt-network-plng,sitetracker_data,Test_T,project_status_override_reason,STRING
rpt-network-plng,sitetracker_data,Test_T,record_updates_final_post_a,TIMESTAMP
rpt-network-plng,sitetracker_data,Test_T,record_updates_final_post_f,TIMESTAMP
rpt-network-plng,sitetracker_data,Test_T,released_to_construction_a,TIMESTAMP
rpt-network-plng,sitetracker_data,Test_T,released_to_construction_f,TIMESTAMP
rpt-network-plng,sitetracker_data,Test_T,responsible_person_name,STRING
rpt-network-plng,sitetracker_data,Test_T,sap_system_status,STRING
rpt-network-plng,sitetracker_data,Test_T,service_area,STRING
rpt-network-plng,sitetracker_data,Test_T,project_status,STRING
rpt-network-plng,sitetracker_data,Test_T,sow_form,STRING
rpt-network-plng,sitetracker_data,Test_T,st_project_url,STRING
rpt-network-plng,sitetracker_data,Test_T,project_type,STRING
rpt-network-plng,sitetracker_data,Test_T,state,STRING
rpt-network-plng,sitetracker_data,Test_T,submit_splicing_cutover_a,TIMESTAMP
rpt-network-plng,sitetracker_data,Test_T,submit_splicing_cutover_f,TIMESTAMP
rpt-network-plng,sitetracker_data,Test_T,technically_complete_a,TIMESTAMP
rpt-network-plng,sitetracker_data,Test_T,technically_complete_f,TIMESTAMP
rpt-network-plng,sitetracker_data,Test_T,upload_asbuilts_a,TIMESTAMP
rpt-network-plng,sitetracker_data,Test_T,upload_asbuilts_f,TIMESTAMP
rpt-network-plng,sitetracker_data,Test_T,vendor_contract_assignment,STRING
rpt-network-plng,sitetracker_data,Test_T,verb_code_and_description,STRING
rpt-network-plng,sitetracker_data,Test_T,verify_actuals_a,TIMESTAMP
rpt-network-plng,sitetracker_data,Test_T,verify_actuals_f,TIMESTAMP
rpt-network-plng,sitetracker_data,Test_T,wrecking_restoral_a,TIMESTAMP
rpt-network-plng,sitetracker_data,Test_T,wrecking_restoral_f,TIMESTAMP
rpt-network-plng,sitetracker_data,Test_T,funding_request_received_a,TIMESTAMP
rpt-network-plng,sitetracker_data,Test_T,funding_request_received_f,TIMESTAMP
rpt-network-plng,sitetracker_data,Test_T,funding_request_submitted_a,TIMESTAMP
rpt-network-plng,sitetracker_data,Test_T,funding_request_submitted_f,TIMESTAMP
rpt-network-plng,sitetracker_data,Test_T,furthest_completed_activity,STRING
rpt-network-plng,sitetracker_data,Test_T,finalize_all_vendor_invoicing_a,TIMESTAMP
rpt-network-plng,sitetracker_data,Test_T,finalize_all_vendor_invoicing_f,TIMESTAMP
rpt-network-plng,sitetracker_data,ST_FXP_NRMA_CUSTOM_V,st_project_id,STRING
rpt-network-plng,sitetracker_data,ST_FXP_NRMA_CUSTOM_V,site_st_project_id,STRING
rpt-network-plng,sitetracker_data,ST_FXP_NRMA_CUSTOM_V,phase_number_of_build_lus,NUMERIC
rpt-network-plng,sitetracker_data,ST_FXP_NRMA_CUSTOM_V,phase_number_of_constructed_service_locations,NUMERIC
rpt-network-plng,sitetracker_data,ST_FXP_NRMA_CUSTOM_V,phase_number_of_inventoried_service_locations,NUMERIC
rpt-network-plng,sitetracker_data,ST_FXP_NRMA_CUSTOM_V,phase_num_of_lus,NUMERIC
rpt-network-plng,sitetracker_data,ST_FXP_NRMA_CUSTOM_V,planning_handoff_age_bucket,STRING
rpt-network-plng,sitetracker_data,ST_FXP_NRMA_CUSTOM_V,sitewalk_handed_off_age_bucket,STRING
rpt-network-plng,sitetracker_data,ST_FXP_NRMA_CUSTOM_V,sitewalk_start_age_bucket,STRING
rpt-network-plng,sitetracker_data,ST_FXP_NRMA_CUSTOM_V,sitewalk_completed_age_bucket,STRING
rpt-network-plng,sitetracker_data,ST_FXP_NRMA_CUSTOM_V,project_redlines_completed_age_bucket,STRING
rpt-network-plng,sitetracker_data,ST_FXP_NRMA_CUSTOM_V,cad_design_started_age_bucket,STRING
rpt-network-plng,sitetracker_data,ST_FXP_NRMA_CUSTOM_V,cad_design_completed_age_bucket,STRING
rpt-network-plng,sitetracker_data,ST_FXP_NRMA_CUSTOM_V,permits_submitted_age_bucket,STRING
rpt-network-plng,sitetracker_data,ST_FXP_NRMA_CUSTOM_V,permits_received_age_bucket,STRING
rpt-network-plng,sitetracker_data,ST_FXP_NRMA_CUSTOM_V,permits_row_age_bucket,STRING
rpt-network-plng,sitetracker_data,ST_FXP_NRMA_CUSTOM_V,easement_row_request_age_bucket,STRING
rpt-network-plng,sitetracker_data,ST_FXP_NRMA_CUSTOM_V,easement_row_received_age_bucket,STRING
rpt-network-plng,sitetracker_data,ST_FXP_NRMA_CUSTOM_V,pta_pole_application_submitted_aging_bucket,STRING
rpt-network-plng,sitetracker_data,ST_FXP_NRMA_CUSTOM_V,pta_received_from_pole_owner_age_bucket,STRING
rpt-network-plng,sitetracker_data,ST_FXP_NRMA_CUSTOM_V,make_ready_estimate_received_age_bucket,STRING
rpt-network-plng,sitetracker_data,ST_FXP_NRMA_CUSTOM_V,make_ready_payment_submitted_age_bucket,STRING
rpt-network-plng,sitetracker_data,ST_FXP_NRMA_CUSTOM_V,finalize_network_design_age_bucket,STRING
rpt-network-plng,sitetracker_data,ST_FXP_NRMA_CUSTOM_V,order_materials_age_bucket,STRING
rpt-network-plng,sitetracker_data,ST_FXP_NRMA_CUSTOM_V,qf_automation_posted_to_top_aging_bucket,STRING
rpt-network-plng,sitetracker_data,ST_FXP_NRMA_CUSTOM_V,vendor_assignment_age_bucket,STRING
rpt-network-plng,sitetracker_data,ST_FXP_NRMA_CUSTOM_V,osp_construction_start_age_bucket,STRING
rpt-network-plng,sitetracker_data,ST_FXP_NRMA_CUSTOM_V,vendor_commitment_confirmed_age_bucket,STRING
rpt-network-plng,sitetracker_data,ST_FXP_NRMA_CUSTOM_V,vendor_materials_ordered_age_bucket,STRING
rpt-network-plng,sitetracker_data,ST_FXP_NRMA_CUSTOM_V,vendor_materials_received_age_bucket,STRING
rpt-network-plng,sitetracker_data,ST_FXP_NRMA_CUSTOM_V,materials_received_age_bucket,STRING
rpt-network-plng,sitetracker_data,ST_FXP_NRMA_CUSTOM_V,x3rd_party_make_ready_complete_age_bucket,STRING
rpt-network-plng,sitetracker_data,ST_FXP_NRMA_CUSTOM_V,engineering_complete_age_bucket,STRING
rpt-network-plng,sitetracker_data,ST_FXP_NRMA_CUSTOM_V,accepted_by_construction_age_bucket,STRING
rpt-network-plng,sitetracker_data,ST_FXP_NRMA_CUSTOM_V,placing_age_bucket,STRING
rpt-network-plng,sitetracker_data,ST_FXP_NRMA_CUSTOM_V,splicing_age_bucket,STRING
rpt-network-plng,sitetracker_data,ST_FXP_NRMA_CUSTOM_V,premise_equipment_installed_age_bucket,STRING
rpt-network-plng,sitetracker_data,ST_FXP_NRMA_CUSTOM_V,OSP_Construction_Complete_age_bucket,STRING
rpt-network-plng,sitetracker_data,ST_FXP_NRMA_CUSTOM_V,provisioning_complete_age_bucket,STRING
rpt-network-plng,sitetracker_data,ST_FXP_NRMA_CUSTOM_V,Inventory_complete_age_bucket,STRING
rpt-network-plng,sitetracker_data,ST_FXP_NRMA_CUSTOM_V,market_launch_age_bucket,STRING
rpt-network-plng,sitetracker_data,ST_FXP_NRMA_CUSTOM_V,MILESTONE_STEP,INT64
rpt-network-plng,sitetracker_data,ST_FXP_NRMA_CUSTOM_V,Opp_Create_Dt,TIMESTAMP
rpt-network-plng,sitetracker_data,ST_FXP_NRMA_CUSTOM_V,T2_CapRequest,INT64
rpt-network-plng,sitetracker_data,ST_FXP_NRMA_CUSTOM_V,T2_CapComplete,INT64
rpt-network-plng,sitetracker_data,ST_FXP_NRMA_CUSTOM_V,T2_Handoff2Planning,INT64
rpt-network-plng,sitetracker_data,ST_FXP_NRMA_CUSTOM_V,T2_AcceptHandoff,INT64
rpt-network-plng,sitetracker_data,ST_FXP_NRMA_CUSTOM_V,T2_CapReview,INT64
rpt-network-plng,sitetracker_data,ST_FXP_NRMA_CUSTOM_V,T2_CapAssess,INT64
rpt-network-plng,sitetracker_data,ST_FXP_NRMA_CUSTOM_V,T2_PomReview,INT64
rpt-network-plng,sitetracker_data,ST_FXP_NRMA_CUSTOM_V,T2_PomDecision,INT64
rpt-network-plng,sitetracker_data,ST_FXP_NRMA_CUSTOM_V,T2_Submit2Developer,INT64
rpt-network-plng,sitetracker_data,ST_FXP_NRMA_CUSTOM_V,T2_Confirmation,INT64
rpt-network-plng,sitetracker_data,ST_FXP_NRMA_CUSTOM_V,T2_ReviewDecision,INT64
rpt-network-plng,sitetracker_data,ST_FXP_NRMA_CUSTOM_V,T2_ProjectInitiated,INT64
rpt-network-plng,sitetracker_data,ST_FXP_NRMA_CUSTOM_V,T2_PlanningHandoff,INT64
rpt-network-plng,sitetracker_data,ST_FXP_NRMA_CUSTOM_V,T2_NIAcceptHandOff,INT64
rpt-network-plng,sitetracker_data,ST_FXP_NRMA_CUSTOM_V,T2_FinalPlats,INT64
rpt-network-plng,sitetracker_data,ST_FXP_NRMA_CUSTOM_V,T2_LandbasedRequest,INT64
rpt-network-plng,sitetracker_data,ST_FXP_NRMA_CUSTOM_V,T2_SitewalkHandOff,INT64
rpt-network-plng,sitetracker_data,ST_FXP_NRMA_CUSTOM_V,T2_SitewalkStarted,INT64
rpt-network-plng,sitetracker_data,ST_FXP_NRMA_CUSTOM_V,T2_SitewalkCompleted,INT64
rpt-network-plng,sitetracker_data,ST_FXP_NRMA_CUSTOM_V,T2_Redlines,INT64
rpt-network-plng,sitetracker_data,ST_FXP_NRMA_CUSTOM_V,T2_Handed2Engineer,INT64
rpt-network-plng,sitetracker_data,ST_FXP_NRMA_CUSTOM_V,T2_CADStart,INT64
rpt-network-plng,sitetracker_data,ST_FXP_NRMA_CUSTOM_V,T2_CADComplete,INT64
rpt-network-plng,sitetracker_data,ST_FXP_NRMA_CUSTOM_V,T2_PermittingROW,INT64
rpt-network-plng,sitetracker_data,ST_FXP_NRMA_CUSTOM_V,T2_FinalizeNetworkDesign,INT64
rpt-network-plng,sitetracker_data,ST_FXP_NRMA_CUSTOM_V,T2_OrderMaterials,INT64
rpt-network-plng,sitetracker_data,ST_FXP_NRMA_CUSTOM_V,T2_DNSQFCleanup,INT64
rpt-network-plng,sitetracker_data,ST_FXP_NRMA_CUSTOM_V,T2_QFAutoPosted,INT64
rpt-network-plng,sitetracker_data,ST_FXP_NRMA_CUSTOM_V,T2_TIRKSFiber,INT64
rpt-network-plng,sitetracker_data,ST_FXP_NRMA_CUSTOM_V,T2_TIRKSCircuits,INT64
rpt-network-plng,sitetracker_data,ST_FXP_NRMA_CUSTOM_V,T2_VendorAssignment,INT64
rpt-network-plng,sitetracker_data,ST_FXP_NRMA_CUSTOM_V,T2_OSPConstruction,INT64
rpt-network-plng,sitetracker_data,ST_FXP_NRMA_CUSTOM_V,T2_Submitted2Staging,INT64
rpt-network-plng,sitetracker_data,ST_FXP_NRMA_CUSTOM_V,T2_CMSReview,INT64
rpt-network-plng,sitetracker_data,ST_FXP_NRMA_CUSTOM_V,T2_ReviewinStaging,INT64
rpt-network-plng,sitetracker_data,ST_FXP_NRMA_CUSTOM_V,T2_Submitted2Prod,INT64
rpt-network-plng,sitetracker_data,ST_FXP_NRMA_CUSTOM_V,T2_SuccessinProd,INT64
rpt-network-plng,sitetracker_data,ST_FXP_NRMA_CUSTOM_V,T2_Odinlayer1,INT64
rpt-network-plng,sitetracker_data,ST_FXP_NRMA_CUSTOM_V,T2_Odinlayer23Info,INT64
rpt-network-plng,sitetracker_data,ST_FXP_NRMA_CUSTOM_V,T2_Odinlayer23,INT64
rpt-network-plng,sitetracker_data,ST_FXP_NRMA_CUSTOM_V,T2_PHASECreatePolygon,INT64
rpt-network-plng,sitetracker_data,ST_FXP_NRMA_CUSTOM_V,T2_SITECreatePolygon,INT64
rpt-network-plng,sitetracker_data,ST_FXP_NRMA_CUSTOM_V,T2_ValidatePhasePolygon,INT64
rpt-network-plng,sitetracker_data,ST_FXP_NRMA_CUSTOM_V,T2_ValidateSitePolygon,INT64
rpt-network-plng,sitetracker_data,ST_FXP_NRMA_CUSTOM_V,T2_PolygoninProduction,INT64
rpt-network-plng,sitetracker_data,ST_FXP_NRMA_CUSTOM_V,T2_ValidateinQFPortal,INT64
rpt-network-plng,sitetracker_data,ST_FXP_NRMA_CUSTOM_V,T2_LoadKMZFile,INT64
rpt-network-plng,sitetracker_data,ST_FXP_NRMA_CUSTOM_V,T2_NotifyMarketing,INT64
rpt-network-plng,sitetracker_data,ST_FXP_NRMA_CUSTOM_V,T2_GoogleAddress,INT64
rpt-network-plng,sitetracker_data,ST_FXP_NRMA_CUSTOM_V,T2_GoogleUpdate,INT64
rpt-network-plng,sitetracker_data,ST_FXP_NRMA_CUSTOM_V,T2_VendorCommitment,INT64
rpt-network-plng,sitetracker_data,ST_FXP_NRMA_CUSTOM_V,T2_VendorMatsOrdered,INT64
rpt-network-plng,sitetracker_data,ST_FXP_NRMA_CUSTOM_V,T2_VendorMatsReceived,INT64
rpt-network-plng,sitetracker_data,ST_FXP_NRMA_CUSTOM_V,T2_EngineeringComplete,INT64
rpt-network-plng,sitetracker_data,ST_FXP_NRMA_CUSTOM_V,T2_Splicing,INT64
rpt-network-plng,sitetracker_data,ST_FXP_NRMA_CUSTOM_V,T2_EquipmentInstalled,INT64
rpt-network-plng,sitetracker_data,ST_FXP_NRMA_CUSTOM_V,T2_OPSConstructComplete,INT64
rpt-network-plng,sitetracker_data,ST_FXP_NRMA_CUSTOM_V,T2_ProvisioningComplete,INT64
rpt-network-plng,sitetracker_data,ST_FXP_NRMA_CUSTOM_V,T2_InventoryComplete,INT64
rpt-network-plng,sitetracker_data,ST_FXP_NRMA_CUSTOM_V,T2_MarketLaunch,INT64
rpt-network-plng,sitetracker_data,ST_FXP_NRMA_CUSTOM_V,T2_PhaseSImplemet,INT64
rpt-network-plng,sitetracker_data,ST_FXP_NRMA_CUSTOM_V,T2_Implementation,INT64
rpt-network-plng,sitetracker_data,ST_FXP_NRMA_CUSTOM_V,T2_UploadAsbuilts,INT64
rpt-network-plng,sitetracker_data,ST_FXP_NRMA_CUSTOM_V,T2_RecordUpdates,INT64
rpt-network-plng,sitetracker_data,ST_FXP_NRMA_CUSTOM_V,T2_Finalize,INT64
rpt-network-plng,sitetracker_data,ST_FXP_NRMA_CUSTOM_V,I_PROJECT_INTAKE,INT64
rpt-network-plng,sitetracker_data,ST_FXP_NRMA_CUSTOM_V,I_PRE_ENGINEERING,INT64
rpt-network-plng,sitetracker_data,ST_FXP_NRMA_CUSTOM_V,I_ENGINEERING,INT64
rpt-network-plng,sitetracker_data,ST_FXP_NRMA_CUSTOM_V,I_QF_INVENTORY,INT64
rpt-network-plng,sitetracker_data,ST_FXP_NRMA_CUSTOM_V,I_POLYGON,INT64
rpt-network-plng,sitetracker_data,ST_FXP_NRMA_CUSTOM_V,I_MAPS,INT64
rpt-network-plng,sitetracker_data,ST_FXP_NRMA_CUSTOM_V,I_CONSTRUCTION,INT64
rpt-network-plng,sitetracker_data,ST_FXP_NRMA_CUSTOM_V,I_TURNED_UP,INT64
rpt-network-plng,sitetracker_data,ST_FXP_NRMA_CUSTOM_V,I_PROJECT_COMPLETION,INT64
rpt-network-plng,sitetracker_data,ST_FXP_NRMA_CUSTOM_V,OPP_CREATE_COUNT,INT64
rpt-network-plng,sitetracker_data,ST_FXP_NRMA_CUSTOM_V,CAP_DESIGN_REQUEST_COUNT,INT64
rpt-network-plng,sitetracker_data,ST_FXP_NRMA_CUSTOM_V,CAP_DESIGN_COMPLETE_COUNT,INT64
rpt-network-plng,sitetracker_data,ST_FXP_NRMA_CUSTOM_V,HANDOFF_2PLANNING_COUNT,INT64
rpt-network-plng,sitetracker_data,ST_FXP_NRMA_CUSTOM_V,PLANNING_ACCEPTS_HANDOFF_COUNT,INT64
rpt-network-plng,sitetracker_data,ST_FXP_NRMA_CUSTOM_V,REVIEW_ADDF1COS_COUNT,INT64
rpt-network-plng,sitetracker_data,ST_FXP_NRMA_CUSTOM_V,SUBMIT_CAP_4ASSESS_COUNT,INT64
rpt-network-plng,sitetracker_data,ST_FXP_NRMA_CUSTOM_V,POM_REVIEW_COUNT,INT64
rpt-network-plng,sitetracker_data,ST_FXP_NRMA_CUSTOM_V,SUBMIT_PROPOSAL_2DEVELOP_COUNT,INT64
rpt-network-plng,sitetracker_data,ST_FXP_NRMA_CUSTOM_V,OFFER_CONFIRMATION_COUNT,INT64
rpt-network-plng,sitetracker_data,ST_FXP_NRMA_CUSTOM_V,PLANNER_REVIEWS_OFFER_COUNT,INT64
rpt-network-plng,sitetracker_data,ST_FXP_NRMA_CUSTOM_V,PROJ_INITIATED_SAP_COUNT,INT64
rpt-network-plng,sitetracker_data,ST_FXP_NRMA_CUSTOM_V,PLANNING_HANDOFF_COMPLETE_COUNT,INT64
rpt-network-plng,sitetracker_data,ST_FXP_NRMA_CUSTOM_V,DEVELOP_PLATS_COUNT,INT64
rpt-network-plng,sitetracker_data,ST_FXP_NRMA_CUSTOM_V,LANDBASED_REQUEST_COUNT,INT64
rpt-network-plng,sitetracker_data,ST_FXP_NRMA_CUSTOM_V,SITEWALK_HANDOFF_COUNT,INT64
rpt-network-plng,sitetracker_data,ST_FXP_NRMA_CUSTOM_V,SITEWALK_START_COUNT,INT64
rpt-network-plng,sitetracker_data,ST_FXP_NRMA_CUSTOM_V,STIEWALK_COMPLETED_COUNT,INT64
rpt-network-plng,sitetracker_data,ST_FXP_NRMA_CUSTOM_V,REDLINES_COUNT,INT64
rpt-network-plng,sitetracker_data,ST_FXP_NRMA_CUSTOM_V,HANDOFF_2ENGINEER_COUNT,INT64
rpt-network-plng,sitetracker_data,ST_FXP_NRMA_CUSTOM_V,CAD_STARTED_COUNT,INT64
rpt-network-plng,sitetracker_data,ST_FXP_NRMA_CUSTOM_V,CAD_COMPLETED_COUNT,INT64
rpt-network-plng,sitetracker_data,ST_FXP_NRMA_CUSTOM_V,PERMITTING_ROW_COUNT,INT64
rpt-network-plng,sitetracker_data,ST_FXP_NRMA_CUSTOM_V,FINALIZE_NETWORK_DESIGN_COUNT,INT64
rpt-network-plng,sitetracker_data,ST_FXP_NRMA_CUSTOM_V,ORDER_MATERIALS_COUNT,INT64
rpt-network-plng,sitetracker_data,ST_FXP_NRMA_CUSTOM_V,NDS_OF_QM_ERROR_COUNT,INT64
rpt-network-plng,sitetracker_data,ST_FXP_NRMA_CUSTOM_V,QF_AUOTMATION_COUNT,INT64
rpt-network-plng,sitetracker_data,ST_FXP_NRMA_CUSTOM_V,TIRKS_FIBER_F1_COUNT,INT64
rpt-network-plng,sitetracker_data,ST_FXP_NRMA_CUSTOM_V,TIRKS_CIRCUITS_COUNT,INT64
rpt-network-plng,sitetracker_data,ST_FXP_NRMA_CUSTOM_V,VENDOR_ASSIGNMENT_COUNT,INT64
rpt-network-plng,sitetracker_data,ST_FXP_NRMA_CUSTOM_V,OSP_CONSTRUCTION_START_COUNT,INT64
rpt-network-plng,sitetracker_data,ST_FXP_NRMA_CUSTOM_V,SUBMITTED_TO_STAGING_COUNT,INT64
rpt-network-plng,sitetracker_data,ST_FXP_NRMA_CUSTOM_V,CMS_REVIEW_E72_COUNT,INT64
rpt-network-plng,sitetracker_data,ST_FXP_NRMA_CUSTOM_V,REVIEW_IN_STAGING_COUNT,INT64
rpt-network-plng,sitetracker_data,ST_FXP_NRMA_CUSTOM_V,SUBMITTED_2_PROD_COUNT,INT64
rpt-network-plng,sitetracker_data,ST_FXP_NRMA_CUSTOM_V,SUCCESS_IN_PROD_COUNT,INT64
rpt-network-plng,sitetracker_data,ST_FXP_NRMA_CUSTOM_V,ODIN_LAYER_1A_COUNT,INT64
rpt-network-plng,sitetracker_data,ST_FXP_NRMA_CUSTOM_V,ODIN_LAYER_23TA_COUNT,INT64
rpt-network-plng,sitetracker_data,ST_FXP_NRMA_CUSTOM_V,ODIN_LAYER_SASKTEL_COUNT,INT64
rpt-network-plng,sitetracker_data,ST_FXP_NRMA_CUSTOM_V,PHASE_CREATE_POLYGON_COUNT,INT64
rpt-network-plng,sitetracker_data,ST_FXP_NRMA_CUSTOM_V,SITE_CREATE_POLYGON_COUNT,INT64
rpt-network-plng,sitetracker_data,ST_FXP_NRMA_CUSTOM_V,VALIDATE_QUAL_TYPE_QF_COUNT,INT64
rpt-network-plng,sitetracker_data,ST_FXP_NRMA_CUSTOM_V,POLYGON_IN_PRODUCTION_COUNT,INT64
rpt-network-plng,sitetracker_data,ST_FXP_NRMA_CUSTOM_V,LOAD_KMZ_INTERVAL_COUNT,INT64
rpt-network-plng,sitetracker_data,ST_FXP_NRMA_CUSTOM_V,NOTIFY_MARKETING_COUNT,INT64
rpt-network-plng,sitetracker_data,ST_FXP_NRMA_CUSTOM_V,GOOGLE_ADDRESS_COUNT,INT64
rpt-network-plng,sitetracker_data,ST_FXP_NRMA_CUSTOM_V,GOOGLE_UPDATE_COUNT,INT64
rpt-network-plng,sitetracker_data,ST_FXP_NRMA_CUSTOM_V,VENDOR_COMMITMENT_COUNT,INT64
rpt-network-plng,sitetracker_data,ST_FXP_NRMA_CUSTOM_V,VENDOR_MATERIALS_ORDERED_COUNT,INT64
rpt-network-plng,sitetracker_data,ST_FXP_NRMA_CUSTOM_V,VENDOR_MATERIALS_RECEIVED_COUNT,INT64
rpt-network-plng,sitetracker_data,ST_FXP_NRMA_CUSTOM_V,ENGINEERING_COMPLETE_COUNT,INT64
rpt-network-plng,sitetracker_data,ST_FXP_NRMA_CUSTOM_V,SPLICING_COUNT,INT64
rpt-network-plng,sitetracker_data,ST_FXP_NRMA_CUSTOM_V,PREMISE_EQUIPMENT_COUNT,INT64
rpt-network-plng,sitetracker_data,ST_FXP_NRMA_CUSTOM_V,OSP_CONSTRUCTION_COMPLETE_COUNT,INT64
rpt-network-plng,sitetracker_data,ST_FXP_NRMA_CUSTOM_V,PROVISIONING_COMPLETE_COUNT,INT64
rpt-network-plng,sitetracker_data,ST_FXP_NRMA_CUSTOM_V,INVENTORY_COMPLETE_COUNT,INT64
rpt-network-plng,sitetracker_data,ST_FXP_NRMA_CUSTOM_V,TURNED_UP_MARKET_COUNT,INT64
rpt-network-plng,sitetracker_data,ST_FXP_NRMA_CUSTOM_V,PHASE_IMPLENTATION_COUNT,INT64
rpt-network-plng,sitetracker_data,ST_FXP_NRMA_CUSTOM_V,SITE_IMPLENTATION_COUNT,INT64
rpt-network-plng,sitetracker_data,ST_FXP_NRMA_CUSTOM_V,UPLOAD_ASBUILTS_COUNT,INT64
rpt-network-plng,sitetracker_data,ST_FXP_NRMA_CUSTOM_V,RECORD_UPDATES_COUNT,INT64
rpt-network-plng,sitetracker_data,ST_FXP_NRMA_CUSTOM_V,FINALIZE_VENDOR_INVOICING_COUNT,INT64
rpt-network-plng,sitetracker_data,ST_FXP_NRMA_CUSTOM_V,APO_AUDIT_COUNT,INT64
rpt-network-plng,sitetracker_data,ST_FXP_NRMA_CUSTOM_V,TECHNICALLY_COMPLETE_COUNT,INT64
rpt-network-plng,sitetracker_data,ST_FXP_NRMA_CUSTOM_V,VERIFY_ACTUALS_COUNT,INT64
rpt-network-plng,sitetracker_data,ST_FXP_NRMA_CUSTOM_V,CLOSE_FINANCE_TOOLS_COUNT,INT64
rpt-network-plng,sitetracker_data,ST_FXP_NRMA_CUSTOM_V,PROCESS_STEP,INT64
rpt-network-plng,sitetracker_data,ST_FXP_NRMA_CUSTOM_V,Sitewalk_Handed_Off_Jeopardy,STRING
rpt-network-plng,sitetracker_data,ST_FXP_NRMA_CUSTOM_V,Sitewalk_Start_Jeopardy,STRING
rpt-network-plng,sitetracker_data,ST_FXP_NRMA_CUSTOM_V,Sitewalk_Completed_Jeopardy,STRING
rpt-network-plng,sitetracker_data,ST_FXP_NRMA_CUSTOM_V,Project_Redlines_Completed_Jeopardy,STRING
rpt-network-plng,sitetracker_data,ST_FXP_NRMA_CUSTOM_V,CAD_Design_Started_Jeopardy,STRING
rpt-network-plng,sitetracker_data,ST_FXP_NRMA_CUSTOM_V,CAD_Design_Completed_Jeopardy,STRING
rpt-network-plng,sitetracker_data,ST_FXP_NRMA_CUSTOM_V,Permits_Submitted_Jeopardy,STRING
rpt-network-plng,sitetracker_data,ST_FXP_NRMA_CUSTOM_V,Permits_Received_Jeopardy,STRING
rpt-network-plng,sitetracker_data,ST_FXP_NRMA_CUSTOM_V,Permitting_ROW_Dependencies_Jeopardy,STRING
rpt-network-plng,sitetracker_data,ST_FXP_NRMA_CUSTOM_V,Easement_ROW_Requested_Jeopardy,STRING
rpt-network-plng,sitetracker_data,ST_FXP_NRMA_CUSTOM_V,Easement_ROW_Received_Jeopardy,STRING
rpt-network-plng,sitetracker_data,ST_FXP_NRMA_CUSTOM_V,PTA_Application_Submitted_Jeopardy,STRING
rpt-network-plng,sitetracker_data,ST_FXP_NRMA_CUSTOM_V,PTA_Received_from_Pole_Owner_Jeopardy,STRING
rpt-network-plng,sitetracker_data,ST_FXP_NRMA_CUSTOM_V,Make_Ready_Estimate_Received_Jeopardy,STRING
rpt-network-plng,sitetracker_data,ST_FXP_NRMA_CUSTOM_V,Make_Ready_Payment_Submitted_Jeopardy,STRING
rpt-network-plng,sitetracker_data,ST_FXP_NRMA_CUSTOM_V,Finalize_Network_Design_Jeopardy,STRING
rpt-network-plng,sitetracker_data,ST_FXP_NRMA_CUSTOM_V,Materials_Ordered_Jeopardy,STRING
rpt-network-plng,sitetracker_data,ST_FXP_NRMA_CUSTOM_V,QF_Automation_Posted_To_Top_Jeopardy,STRING
rpt-network-plng,sitetracker_data,ST_FXP_NRMA_CUSTOM_V,Vendor_Assignment_Jeopardy,STRING
rpt-network-plng,sitetracker_data,ST_FXP_NRMA_CUSTOM_V,OSP_Construction_Start_Jeopardy,STRING
rpt-network-plng,sitetracker_data,ST_FXP_NRMA_CUSTOM_V,Vendor_Commitment_Confirmed_Jeopardy,STRING
rpt-network-plng,sitetracker_data,ST_FXP_NRMA_CUSTOM_V,Vendor_Materials_Ordered_Jeopardy,STRING
rpt-network-plng,sitetracker_data,ST_FXP_NRMA_CUSTOM_V,Vendor_Materials_Received_Jeopardy,STRING
rpt-network-plng,sitetracker_data,ST_FXP_NRMA_CUSTOM_V,Materials_Received_Jeopardy,STRING
rpt-network-plng,sitetracker_data,ST_FXP_NRMA_CUSTOM_V,Xrd_Party_Make_Ready_Jeopardy,STRING
rpt-network-plng,sitetracker_data,ST_FXP_NRMA_CUSTOM_V,Engineering_Complete_Jeopardy,STRING
rpt-network-plng,sitetracker_data,ST_FXP_NRMA_CUSTOM_V,Accepted_By_Construction_Jeopardy,STRING
rpt-network-plng,sitetracker_data,ST_FXP_NRMA_CUSTOM_V,Placing_Jeopardy,STRING
rpt-network-plng,sitetracker_data,ST_FXP_NRMA_CUSTOM_V,Splicing_Jeopardy,STRING
rpt-network-plng,sitetracker_data,ST_FXP_NRMA_CUSTOM_V,Premise_Equipment_Installed_Jeopardy,STRING
rpt-network-plng,sitetracker_data,ST_FXP_NRMA_CUSTOM_V,OSP_Construction_Complete_Jeopardy,STRING
rpt-network-plng,sitetracker_data,ST_FXP_NRMA_CUSTOM_V,Provisioning_Complete_Jeopardy,STRING
rpt-network-plng,sitetracker_data,ST_FXP_NRMA_CUSTOM_V,Inventory_Complete_Jeopardy,STRING
rpt-network-plng,sitetracker_data,ST_FXP_NRMA_CUSTOM_V,Turned_Up_Market_Launch_Jeopardy,STRING
rpt-network-plng,sitetracker_data,ST_ALL_PROJECTS_T,ST_PROJECT_ID,STRING
rpt-network-plng,sitetracker_data,ST_ALL_PROJECTS_T,PROJECT_NAME,STRING
rpt-network-plng,sitetracker_data,ST_ALL_PROJECTS_T,PROJECT_DESCRIPTION,STRING
rpt-network-plng,sitetracker_data,ST_ALL_PROJECTS_T,PROJECT_TYPE,STRING
rpt-network-plng,sitetracker_data,ST_ALL_PROJECTS_T,PROJECT_STAGE,STRING
rpt-network-plng,sitetracker_data,ST_ALL_PROJECTS_T,PLANNING_STAGE,STRING
rpt-network-plng,sitetracker_data,ST_ALL_PROJECTS_T,ENGINEERING_STAGE,STRING
rpt-network-plng,sitetracker_data,ST_ALL_PROJECTS_T,BUILD_CATEGORY,STRING
rpt-network-plng,sitetracker_data,ST_ALL_PROJECTS_T,PROJECT_STATUS,STRING
rpt-network-plng,sitetracker_data,ST_ALL_PROJECTS_T,PROJECT_STATUS_OVERRIDE,NUMERIC
rpt-network-plng,sitetracker_data,ST_ALL_PROJECTS_T,PROJECT_STATUS_OVERRIDE_REASON,STRING
rpt-network-plng,sitetracker_data,ST_ALL_PROJECTS_T,PROJECT_COMMENTS,STRING
rpt-network-plng,sitetracker_data,ST_ALL_PROJECTS_T,PROJECT_COMMENTS_HISTORY,STRING
rpt-network-plng,sitetracker_data,ST_ALL_PROJECTS_T,PROJECT_COMMENTS_HISTORY_LONG,STRING
rpt-network-plng,sitetracker_data,ST_ALL_PROJECTS_T,PROJECT_COMMENTS_LONG_TEXT,STRING
rpt-network-plng,sitetracker_data,ST_ALL_PROJECTS_T,PROJECT_NOTE,STRING
rpt-network-plng,sitetracker_data,ST_ALL_PROJECTS_T,PROJECT_SCOPE,STRING
rpt-network-plng,sitetracker_data,ST_ALL_PROJECTS_T,AREA_VP,STRING
rpt-network-plng,sitetracker_data,ST_ALL_PROJECTS_T,AREA_DIRECTOR,STRING
rpt-network-plng,sitetracker_data,ST_ALL_PROJECTS_T,AREA_MANAGER,STRING
rpt-network-plng,sitetracker_data,ST_ALL_PROJECTS_T,REGION,STRING
rpt-network-plng,sitetracker_data,ST_ALL_PROJECTS_T,STATE,STRING
rpt-network-plng,sitetracker_data,ST_ALL_PROJECTS_T,CITY,STRING
rpt-network-plng,sitetracker_data,ST_ALL_PROJECTS_T,COUNTY,STRING
rpt-network-plng,sitetracker_data,ST_ALL_PROJECTS_T,EXCHANGE,STRING
rpt-network-plng,sitetracker_data,ST_ALL_PROJECTS_T,EXCHANGE_NAME,STRING
rpt-network-plng,sitetracker_data,ST_ALL_PROJECTS_T,COMPANY_CODE,STRING
rpt-network-plng,sitetracker_data,ST_ALL_PROJECTS_T,COMPANY_NAME,STRING
rpt-network-plng,sitetracker_data,ST_ALL_PROJECTS_T,MARKET,STRING
rpt-network-plng,sitetracker_data,ST_ALL_PROJECTS_T,MARKET_CLUSTER,STRING
rpt-network-plng,sitetracker_data,ST_ALL_PROJECTS_T,WIRE_CENTER,STRING
rpt-network-plng,sitetracker_data,ST_ALL_PROJECTS_T,WIRE_CENTER_NAME,STRING
rpt-network-plng,sitetracker_data,ST_ALL_PROJECTS_T,PRIMARY_WIRE_CENTER_ID,STRING
rpt-network-plng,sitetracker_data,ST_ALL_PROJECTS_T,PRIMARY_WIRE_CENTER_NAME,STRING
rpt-network-plng,sitetracker_data,ST_ALL_PROJECTS_T,LEGACY_COMPANY,STRING
rpt-network-plng,sitetracker_data,ST_ALL_PROJECTS_T,LEGACY_COMPANY_NAMES,STRING
rpt-network-plng,sitetracker_data,ST_ALL_PROJECTS_T,BUSINESS_CASE,STRING
rpt-network-plng,sitetracker_data,ST_ALL_PROJECTS_T,DEV_TYPE,STRING
rpt-network-plng,sitetracker_data,ST_ALL_PROJECTS_T,SERVICE_DELIVERY,STRING
rpt-network-plng,sitetracker_data,ST_ALL_PROJECTS_T,FIELD_TYPE,STRING
rpt-network-plng,sitetracker_data,ST_ALL_PROJECTS_T,BUILD_OR_NO_BUILD,STRING
rpt-network-plng,sitetracker_data,ST_ALL_PROJECTS_T,FW_PROJECT_ID,STRING
rpt-network-plng,sitetracker_data,ST_ALL_PROJECTS_T,FW_PROJECT_URL,STRING
rpt-network-plng,sitetracker_data,ST_ALL_PROJECTS_T,CATEGORY,STRING
rpt-network-plng,sitetracker_data,ST_ALL_PROJECTS_T,INVESTMENT_REASON,STRING
rpt-network-plng,sitetracker_data,ST_ALL_PROJECTS_T,VERB_CODE_AND_DESCRIPTION,STRING
rpt-network-plng,sitetracker_data,ST_ALL_PROJECTS_T,PROGRAM,STRING
rpt-network-plng,sitetracker_data,ST_ALL_PROJECTS_T,PROGRAM_NAME,STRING
rpt-network-plng,sitetracker_data,ST_ALL_PROJECTS_T,ST_PROGRAM_NAME,STRING
rpt-network-plng,sitetracker_data,ST_ALL_PROJECTS_T,ST_PROGRAM_NUMBER,STRING
rpt-network-plng,sitetracker_data,ST_ALL_PROJECTS_T,SIMPLE_CODE,STRING
rpt-network-plng,sitetracker_data,ST_ALL_PROJECTS_T,OWNER_NAME,STRING
rpt-network-plng,sitetracker_data,ST_ALL_PROJECTS_T,OWNER_CUID,STRING
rpt-network-plng,sitetracker_data,ST_ALL_PROJECTS_T,CREATED_DATE,TIMESTAMP
rpt-network-plng,sitetracker_data,ST_ALL_PROJECTS_T,CREATED_BY_NAME,STRING
rpt-network-plng,sitetracker_data,ST_ALL_PROJECTS_T,CREATED_BY_CUID,STRING
rpt-network-plng,sitetracker_data,ST_ALL_PROJECTS_T,LAST_MODIFIED_DATE,TIMESTAMP
rpt-network-plng,sitetracker_data,ST_ALL_PROJECTS_T,LAST_MODIFIED_BY_NAME,STRING
rpt-network-plng,sitetracker_data,ST_ALL_PROJECTS_T,LAST_MODIFIED_BY_CUID,STRING
rpt-network-plng,sitetracker_data,ST_ALL_PROJECTS_T,RESPONSIBLE_PERSON_NAME,STRING
rpt-network-plng,sitetracker_data,ST_ALL_PROJECTS_T,RESPONSIBLE_PERSON_CUID,STRING
rpt-network-plng,sitetracker_data,ST_ALL_PROJECTS_T,ENGINEER_NAME,STRING
rpt-network-plng,sitetracker_data,ST_ALL_PROJECTS_T,ENGINEER_CUID,STRING
rpt-network-plng,sitetracker_data,ST_ALL_PROJECTS_T,OSP_NATL_ENGR_NAME,STRING
rpt-network-plng,sitetracker_data,ST_ALL_PROJECTS_T,OSP_NATL_ENGR_CUID,STRING
rpt-network-plng,sitetracker_data,ST_ALL_PROJECTS_T,OSP_ENGINEER_NAME,STRING
rpt-network-plng,sitetracker_data,ST_ALL_PROJECTS_T,OSP_ENGINEER_CUID,STRING
rpt-network-plng,sitetracker_data,ST_ALL_PROJECTS_T,OSP_ENG_LOCAL_NAME,STRING
rpt-network-plng,sitetracker_data,ST_ALL_PROJECTS_T,OSP_ENG_LOCAL_CUID,STRING
rpt-network-plng,sitetracker_data,ST_ALL_PROJECTS_T,OSP_MANAGER_NAME,STRING
rpt-network-plng,sitetracker_data,ST_ALL_PROJECTS_T,OSP_MANAGER_CUID,STRING
rpt-network-plng,sitetracker_data,ST_ALL_PROJECTS_T,OSP_ENG_DIRECTOR_NAME,STRING
rpt-network-plng,sitetracker_data,ST_ALL_PROJECTS_T,OSP_ENG_DIRECTOR_CUID,STRING
rpt-network-plng,sitetracker_data,ST_ALL_PROJECTS_T,VENDOR_PM_NAME,STRING
rpt-network-plng,sitetracker_data,ST_ALL_PROJECTS_T,VENDOR_PM_CUID,STRING
rpt-network-plng,sitetracker_data,ST_ALL_PROJECTS_T,ENGINEERING_VENDOR_NAME,STRING
rpt-network-plng,sitetracker_data,ST_ALL_PROJECTS_T,ENGINEERING_VENDOR_CUID,STRING
rpt-network-plng,sitetracker_data,ST_ALL_PROJECTS_T,ST_ADVANCED_REPORTING_NAME,STRING
rpt-network-plng,sitetracker_data,ST_ALL_PROJECTS_T,ST_ADVANCED_REPORTING_CUID,STRING
rpt-network-plng,sitetracker_data,ST_ALL_PROJECTS_T,ORIGINAL_ECD_NCD,TIMESTAMP
rpt-network-plng,sitetracker_data,ST_ALL_PROJECTS_T,ECD,TIMESTAMP
rpt-network-plng,sitetracker_data,ST_ALL_PROJECTS_T,MODIFIED_ECD,TIMESTAMP
rpt-network-plng,sitetracker_data,ST_ALL_PROJECTS_T,ECDMCD_LATER_THAN_EXPECTED,NUMERIC
rpt-network-plng,sitetracker_data,ST_ALL_PROJECTS_T,ACTUAL_LAUNCH,TIMESTAMP
rpt-network-plng,sitetracker_data,ST_ALL_PROJECTS_T,FORECAST_LAUNCH,STRING
rpt-network-plng,sitetracker_data,ST_ALL_PROJECTS_T,LATITUDE,STRING
rpt-network-plng,sitetracker_data,ST_ALL_PROJECTS_T,LONGITUDE,STRING
rpt-network-plng,sitetracker_data,ST_ALL_PROJECTS_T,ABANDON_FACILITY_IN_PLACE,STRING
rpt-network-plng,sitetracker_data,ST_ALL_PROJECTS_T,ABANDON_FACILITY_IN_PLACE_COMMENTS,STRING
rpt-network-plng,sitetracker_data,ST_ALL_PROJECTS_T,ABANDON_FACILITY_IN_PLACE_COMMENTS_N,STRING
rpt-network-plng,sitetracker_data,ST_ALL_PROJECTS_T,ABANDON_FACILITY_IN_PLACE_N,STRING
rpt-network-plng,sitetracker_data,ST_ALL_PROJECTS_T,ABANDON_OR_REMOVE,STRING
rpt-network-plng,sitetracker_data,ST_ALL_PROJECTS_T,ABANDON_SERVICE_DUE_TO_LONG_PAYBACK,STRING
rpt-network-plng,sitetracker_data,ST_ALL_PROJECTS_T,ABANDON_SERVICE_DUE_TO_LONG_PAYBACK_N,STRING
rpt-network-plng,sitetracker_data,ST_ALL_PROJECTS_T,ACCOUNT_MANAGER_CET_SUBMITTAL_TO_POM_A,TIMESTAMP
rpt-network-plng,sitetracker_data,ST_ALL_PROJECTS_T,ACCOUNT_MANAGER_CET_SUBMITTAL_TO_POM_F,TIMESTAMP
rpt-network-plng,sitetracker_data,ST_ALL_PROJECTS_T,ACCOUNT_MANAGER_SUBMITS_CET_A,TIMESTAMP
rpt-network-plng,sitetracker_data,ST_ALL_PROJECTS_T,ACCOUNT_MANAGER_SUBMITS_CET_F,TIMESTAMP
rpt-network-plng,sitetracker_data,ST_ALL_PROJECTS_T,ADD_POLYGON_ID_IN_MAPS_TILE_A,TIMESTAMP
rpt-network-plng,sitetracker_data,ST_ALL_PROJECTS_T,ADD_POLYGON_ID_IN_MAPS_TILE_F,TIMESTAMP
rpt-network-plng,sitetracker_data,ST_ALL_PROJECTS_T,ADDRESS,STRING
rpt-network-plng,sitetracker_data,ST_ALL_PROJECTS_T,ADDRESS_QUALIFICATION,STRING
rpt-network-plng,sitetracker_data,ST_ALL_PROJECTS_T,AERIAL_ATTACHMENT_REQUIRED,STRING
rpt-network-plng,sitetracker_data,ST_ALL_PROJECTS_T,AGENCY_CONTACT,STRING
rpt-network-plng,sitetracker_data,ST_ALL_PROJECTS_T,AGENCY_EMAIL,STRING
rpt-network-plng,sitetracker_data,ST_ALL_PROJECTS_T,AGENCY_NAME,STRING
rpt-network-plng,sitetracker_data,ST_ALL_PROJECTS_T,AGENCY_PHONE,STRING
rpt-network-plng,sitetracker_data,ST_ALL_PROJECTS_T,AGREEMENT_SIGNED_PRE_PAY_A,TIMESTAMP
rpt-network-plng,sitetracker_data,ST_ALL_PROJECTS_T,AGREEMENT_SIGNED_PRE_PAY_F,TIMESTAMP
rpt-network-plng,sitetracker_data,ST_ALL_PROJECTS_T,AID_TO_CONSTRUCTION_REQUIRED,STRING
rpt-network-plng,sitetracker_data,ST_ALL_PROJECTS_T,ANY_OTHER_PROGRAM_IMPACT,STRING
rpt-network-plng,sitetracker_data,ST_ALL_PROJECTS_T,APO_AUDIT_A,TIMESTAMP
rpt-network-plng,sitetracker_data,ST_ALL_PROJECTS_T,APO_AUDIT_F,TIMESTAMP
rpt-network-plng,sitetracker_data,ST_ALL_PROJECTS_T,APPROVAL,STRING
rpt-network-plng,sitetracker_data,ST_ALL_PROJECTS_T,APPROX_CONSTRUCTION_FOOTAGE,STRING
rpt-network-plng,sitetracker_data,ST_ALL_PROJECTS_T,AS_BUILT_TEAM_NAME,STRING
rpt-network-plng,sitetracker_data,ST_ALL_PROJECTS_T,AS_BUILT_TEAM_CUID,STRING
rpt-network-plng,sitetracker_data,ST_ALL_PROJECTS_T,ATC_ACCEPTED_A,TIMESTAMP
rpt-network-plng,sitetracker_data,ST_ALL_PROJECTS_T,ATC_ACCEPTED_F,TIMESTAMP
rpt-network-plng,sitetracker_data,ST_ALL_PROJECTS_T,ATC_COST_SENT_TO_DEVELOPER_A,TIMESTAMP
rpt-network-plng,sitetracker_data,ST_ALL_PROJECTS_T,ATC_COST_SENT_TO_DEVELOPER_F,TIMESTAMP
rpt-network-plng,sitetracker_data,ST_ALL_PROJECTS_T,AVAILABLE_FUNDING,NUMERIC
rpt-network-plng,sitetracker_data,ST_ALL_PROJECTS_T,AWARD_BID_A,TIMESTAMP
rpt-network-plng,sitetracker_data,ST_ALL_PROJECTS_T,AWARD_BID_F,TIMESTAMP
rpt-network-plng,sitetracker_data,ST_ALL_PROJECTS_T,BA_INTAKE_NOTES,STRING
rpt-network-plng,sitetracker_data,ST_ALL_PROJECTS_T,BA_INTAKE_STATUS,STRING
rpt-network-plng,sitetracker_data,ST_ALL_PROJECTS_T,BAA_BEA_RECEIVED_A,TIMESTAMP
rpt-network-plng,sitetracker_data,ST_ALL_PROJECTS_T,BAA_BEA_RECEIVED_F,TIMESTAMP
rpt-network-plng,sitetracker_data,ST_ALL_PROJECTS_T,BAA_BEA_TRIGGERED_A,TIMESTAMP
rpt-network-plng,sitetracker_data,ST_ALL_PROJECTS_T,BAA_BEA_TRIGGERED_F,TIMESTAMP
rpt-network-plng,sitetracker_data,ST_ALL_PROJECTS_T,BID_ACCEPTANCE_A,TIMESTAMP
rpt-network-plng,sitetracker_data,ST_ALL_PROJECTS_T,BID_ACCEPTANCE_F,TIMESTAMP
rpt-network-plng,sitetracker_data,ST_ALL_PROJECTS_T,BID_CREATION_A,TIMESTAMP
rpt-network-plng,sitetracker_data,ST_ALL_PROJECTS_T,BID_CREATION_F,TIMESTAMP
rpt-network-plng,sitetracker_data,ST_ALL_PROJECTS_T,BID_POSTING_A,TIMESTAMP
rpt-network-plng,sitetracker_data,ST_ALL_PROJECTS_T,BID_POSTING_F,TIMESTAMP
rpt-network-plng,sitetracker_data,ST_ALL_PROJECTS_T,BID_VS_LEC_VENDOR_ASSIGNMENT,STRING
rpt-network-plng,sitetracker_data,ST_ALL_PROJECTS_T,BUDGET_NAME,STRING
rpt-network-plng,sitetracker_data,ST_ALL_PROJECTS_T,BUDGET_ACTIVE,NUMERIC
rpt-network-plng,sitetracker_data,ST_ALL_PROJECTS_T,BUDGET_AMOUNT,NUMERIC
rpt-network-plng,sitetracker_data,ST_ALL_PROJECTS_T,BUDGET_CONSUMPTION,NUMERIC
rpt-network-plng,sitetracker_data,ST_ALL_PROJECTS_T,BUILD_CIRCUITS_A,TIMESTAMP
rpt-network-plng,sitetracker_data,ST_ALL_PROJECTS_T,BUILD_CIRCUITS_F,TIMESTAMP
rpt-network-plng,sitetracker_data,ST_ALL_PROJECTS_T,BUILD_IMPACT_BUSINESS_OR_RES,STRING
rpt-network-plng,sitetracker_data,ST_ALL_PROJECTS_T,BUILD_TYPE_CHANGE_REASON,STRING
rpt-network-plng,sitetracker_data,ST_ALL_PROJECTS_T,BUILDER_EMAIL,STRING
rpt-network-plng,sitetracker_data,ST_ALL_PROJECTS_T,BUILDER_NAME_SITE_NAME,STRING
rpt-network-plng,sitetracker_data,ST_ALL_PROJECTS_T,BUILDER_PHONE,STRING
rpt-network-plng,sitetracker_data,ST_ALL_PROJECTS_T,BUILDER_SITE_CONTACT_INFO,STRING
rpt-network-plng,sitetracker_data,ST_ALL_PROJECTS_T,BURIED_AERIAL_CONDUIT,STRING
rpt-network-plng,sitetracker_data,ST_ALL_PROJECTS_T,BUSINESS_OPERATIONS_NAME,STRING
rpt-network-plng,sitetracker_data,ST_ALL_PROJECTS_T,BUSINESS_OPERATIONS_CUID,STRING
rpt-network-plng,sitetracker_data,ST_ALL_PROJECTS_T,CABLE_TYPE,STRING
rpt-network-plng,sitetracker_data,ST_ALL_PROJECTS_T,CAN_CABLES_SIZED_BE_REDUCED,STRING
rpt-network-plng,sitetracker_data,ST_ALL_PROJECTS_T,CANCELLED_REASON,STRING
rpt-network-plng,sitetracker_data,ST_ALL_PROJECTS_T,CAP_ID_AMOUNT,NUMERIC
rpt-network-plng,sitetracker_data,ST_ALL_PROJECTS_T,CAP_ID_AVAILABLE_FUNDING,NUMERIC
rpt-network-plng,sitetracker_data,ST_ALL_PROJECTS_T,CAP_ID_AVAILABLE_FUNDING_IS_NEGATIVE,NUMERIC
rpt-network-plng,sitetracker_data,ST_ALL_PROJECTS_T,CAP_REQUEST_MATCHES_QTR_CAP_IMPACT,STRING
rpt-network-plng,sitetracker_data,ST_ALL_PROJECTS_T,CAP_REQUIREMENT_AFTER_REIMBURSEMENT_N,NUMERIC
rpt-network-plng,sitetracker_data,ST_ALL_PROJECTS_T,CAPITAL_APPROVAL_CODE,STRING
rpt-network-plng,sitetracker_data,ST_ALL_PROJECTS_T,CAPITAL_APPROVAL_CODE_EXTERNAL,STRING
rpt-network-plng,sitetracker_data,ST_ALL_PROJECTS_T,CAPITAL_REQUIREMENT_AFTER_REIMBURSEMENT,NUMERIC
rpt-network-plng,sitetracker_data,ST_ALL_PROJECTS_T,CAPITAL_REQUIREMENT_N,NUMERIC
rpt-network-plng,sitetracker_data,ST_ALL_PROJECTS_T,CCID,STRING
rpt-network-plng,sitetracker_data,ST_ALL_PROJECTS_T,CET_OPPORTUNITY_ID,STRING
rpt-network-plng,sitetracker_data,ST_ALL_PROJECTS_T,CHANGE_REQUEST_NUMBER,STRING
rpt-network-plng,sitetracker_data,ST_ALL_PROJECTS_T,CHANGE_REQUEST_NUMBER_ISSUED_A,TIMESTAMP
rpt-network-plng,sitetracker_data,ST_ALL_PROJECTS_T,CHANGE_REQUEST_NUMBER_ISSUED_F,TIMESTAMP
rpt-network-plng,sitetracker_data,ST_ALL_PROJECTS_T,CIRCUIT_DESIGN_COMP_DSC_ASP_LARGE_A,TIMESTAMP
rpt-network-plng,sitetracker_data,ST_ALL_PROJECTS_T,CIRCUIT_DESIGN_COMP_DSC_ASP_LARGE_F,TIMESTAMP
rpt-network-plng,sitetracker_data,ST_ALL_PROJECTS_T,CIRCUIT_DESIGN_COMP_DSC_ASP_SIMPLE_A,TIMESTAMP
rpt-network-plng,sitetracker_data,ST_ALL_PROJECTS_T,CIRCUIT_DESIGN_COMP_DSC_ASP_SMALL_A,TIMESTAMP
rpt-network-plng,sitetracker_data,ST_ALL_PROJECTS_T,CIRCUIT_DESIGN_COMP_DSC_ASP_SPECIAL_A,TIMESTAMP
rpt-network-plng,sitetracker_data,ST_ALL_PROJECTS_T,CIRCUIT_DESIGN_COMP_DSC_ASP_SIMPLE_F,TIMESTAMP
rpt-network-plng,sitetracker_data,ST_ALL_PROJECTS_T,CIRCUIT_DESIGN_COMP_DSC_ASP_SMALL_F,TIMESTAMP
rpt-network-plng,sitetracker_data,ST_ALL_PROJECTS_T,CIRCUIT_DESIGN_COMP_DSC_ASP_SPECIAL_F,TIMESTAMP
rpt-network-plng,sitetracker_data,ST_ALL_PROJECTS_T,CLOSE_FINANCIAL_TOOL_A,TIMESTAMP
rpt-network-plng,sitetracker_data,ST_ALL_PROJECTS_T,CLOSE_FINANCIAL_TOOL_F,TIMESTAMP
rpt-network-plng,sitetracker_data,ST_ALL_PROJECTS_T,CLOSE_PROJECT_A,TIMESTAMP
rpt-network-plng,sitetracker_data,ST_ALL_PROJECTS_T,CLOSE_PROJECT_F,TIMESTAMP
rpt-network-plng,sitetracker_data,ST_ALL_PROJECTS_T,CMS_REVIEW_E7_2_SHELVES_ONLY_A,TIMESTAMP
rpt-network-plng,sitetracker_data,ST_ALL_PROJECTS_T,CMS_REVIEW_E7_2_SHELVES_ONLY_F,TIMESTAMP
rpt-network-plng,sitetracker_data,ST_ALL_PROJECTS_T,CNU_PROCESS_TRIGGERED_A,TIMESTAMP
rpt-network-plng,sitetracker_data,ST_ALL_PROJECTS_T,CNU_PROCESS_TRIGGERED_F,TIMESTAMP
rpt-network-plng,sitetracker_data,ST_ALL_PROJECTS_T,CNU_RECEIVED_A,TIMESTAMP
rpt-network-plng,sitetracker_data,ST_ALL_PROJECTS_T,CNU_RECEIVED_F,TIMESTAMP
rpt-network-plng,sitetracker_data,ST_ALL_PROJECTS_T,CO_ADDRESS,STRING
rpt-network-plng,sitetracker_data,ST_ALL_PROJECTS_T,CO_CLLI,STRING
rpt-network-plng,sitetracker_data,ST_ALL_PROJECTS_T,CO_EQUIP_CLLI,STRING
rpt-network-plng,sitetracker_data,ST_ALL_PROJECTS_T,COMM_PH,STRING
rpt-network-plng,sitetracker_data,ST_ALL_PROJECTS_T,COMMUNITY,STRING
rpt-network-plng,sitetracker_data,ST_ALL_PROJECTS_T,COMMUNITY_NAME,STRING
rpt-network-plng,sitetracker_data,ST_ALL_PROJECTS_T,COMMUNITY_OR_SERVING_AREA_NAME,STRING
rpt-network-plng,sitetracker_data,ST_ALL_PROJECTS_T,COMPLETE_AUDIT_AND_INVOICE_A,TIMESTAMP
rpt-network-plng,sitetracker_data,ST_ALL_PROJECTS_T,COMPLETE_AUDIT_AND_INVOICE_F,TIMESTAMP
rpt-network-plng,sitetracker_data,ST_ALL_PROJECTS_T,COMPETITOR,STRING
rpt-network-plng,sitetracker_data,ST_ALL_PROJECTS_T,COMPLETE_CYCLE,NUMERIC
rpt-network-plng,sitetracker_data,ST_ALL_PROJECTS_T,COMPLETE_LATE,STRING
rpt-network-plng,sitetracker_data,ST_ALL_PROJECTS_T,COMPLETE_SLA,NUMERIC
rpt-network-plng,sitetracker_data,ST_ALL_PROJECTS_T,COMPLETE_SPLICING_CUTOVER_A,TIMESTAMP
rpt-network-plng,sitetracker_data,ST_ALL_PROJECTS_T,COMPLETE_SPLICING_CUTOVER_F,TIMESTAMP
rpt-network-plng,sitetracker_data,ST_ALL_PROJECTS_T,CONDUIT_CONFIGURATION,STRING
rpt-network-plng,sitetracker_data,ST_ALL_PROJECTS_T,CONFLICT_MITIGATION_A,TIMESTAMP
rpt-network-plng,sitetracker_data,ST_ALL_PROJECTS_T,CONFLICT_MITIGATION_F,TIMESTAMP
rpt-network-plng,sitetracker_data,ST_ALL_PROJECTS_T,CONSTRUCTION_COMPLETE,TIMESTAMP
rpt-network-plng,sitetracker_data,ST_ALL_PROJECTS_T,CONSTRUCTION_COMPLETE_A,TIMESTAMP
rpt-network-plng,sitetracker_data,ST_ALL_PROJECTS_T,CONSTRUCTION_COMPLETE_F,TIMESTAMP
rpt-network-plng,sitetracker_data,ST_ALL_PROJECTS_T,CONSTRUCTION_COMPLETE_LARGE_A,TIMESTAMP
rpt-network-plng,sitetracker_data,ST_ALL_PROJECTS_T,CONSTRUCTION_COMPLETE_LARGE_F,TIMESTAMP
rpt-network-plng,sitetracker_data,ST_ALL_PROJECTS_T,CONSTRUCTION_COMPLETE_SMALL_A,TIMESTAMP
rpt-network-plng,sitetracker_data,ST_ALL_PROJECTS_T,CONSTRUCTION_COMPLETE_SMALL_F,TIMESTAMP
rpt-network-plng,sitetracker_data,ST_ALL_PROJECTS_T,CONSTRUCTION_COMPLETE_SPECIAL_F,TIMESTAMP
rpt-network-plng,sitetracker_data,ST_ALL_PROJECTS_T,CONSTRUCTION_COMPLETE_SPECIAL_A,TIMESTAMP
rpt-network-plng,sitetracker_data,ST_ALL_PROJECTS_T,CONSTRUCTION_COORDINATOR_NAME,STRING
rpt-network-plng,sitetracker_data,ST_ALL_PROJECTS_T,CONSTRUCTION_COORDINATOR_CUID,STRING
rpt-network-plng,sitetracker_data,ST_ALL_PROJECTS_T,CONSTRUCTION_COORD_SPLICING_SUPERVISOR,NUMERIC
rpt-network-plng,sitetracker_data,ST_ALL_PROJECTS_T,CONSTRUCTION_START_DATE,TIMESTAMP
rpt-network-plng,sitetracker_data,ST_ALL_PROJECTS_T,CONTRACT_ADMIN_NAME,STRING
rpt-network-plng,sitetracker_data,ST_ALL_PROJECTS_T,CONTRACT_ADMIN_CUID,STRING
rpt-network-plng,sitetracker_data,ST_ALL_PROJECTS_T,CONTRACT_AGREEMENT_STATUS,STRING
rpt-network-plng,sitetracker_data,ST_ALL_PROJECTS_T,CONVERT_TO_TEMPLATE,STRING
rpt-network-plng,sitetracker_data,ST_ALL_PROJECTS_T,COPPER_SPECIAL_CKTS_AMOUNT,NUMERIC
rpt-network-plng,sitetracker_data,ST_ALL_PROJECTS_T,CORE_TRANSPORT_FIBERS,NUMERIC
rpt-network-plng,sitetracker_data,ST_ALL_PROJECTS_T,CORE_TRANSPORT_FIBERS_AMOUNT,NUMERIC
rpt-network-plng,sitetracker_data,ST_ALL_PROJECTS_T,COST_ESTIMATE_A,TIMESTAMP
rpt-network-plng,sitetracker_data,ST_ALL_PROJECTS_T,COST_ESTIMATE_F,TIMESTAMP
rpt-network-plng,sitetracker_data,ST_ALL_PROJECTS_T,COSTING_APPROVAL_UPLOADED,NUMERIC
rpt-network-plng,sitetracker_data,ST_ALL_PROJECTS_T,CREATE_NEW_QF_PROJECT_A,TIMESTAMP
rpt-network-plng,sitetracker_data,ST_ALL_PROJECTS_T,CREATE_NEW_QF_PROJECT_F,TIMESTAMP
rpt-network-plng,sitetracker_data,ST_ALL_PROJECTS_T,CREATE_POLYGON_A,TIMESTAMP
rpt-network-plng,sitetracker_data,ST_ALL_PROJECTS_T,CREATE_POLYGON_F,TIMESTAMP
rpt-network-plng,sitetracker_data,ST_ALL_PROJECTS_T,CREATE_PROJECT_A,TIMESTAMP
rpt-network-plng,sitetracker_data,ST_ALL_PROJECTS_T,CREATE_PROJECT_F,TIMESTAMP
rpt-network-plng,sitetracker_data,ST_ALL_PROJECTS_T,CREATED_FROM_SCREEN_FLOW,NUMERIC
rpt-network-plng,sitetracker_data,ST_ALL_PROJECTS_T,CREATES_OPPORTUNITY_IN_SALESFORCE_A,TIMESTAMP
rpt-network-plng,sitetracker_data,ST_ALL_PROJECTS_T,CREATES_OPPORTUNITY_IN_SALESFORCE_F,TIMESTAMP
rpt-network-plng,sitetracker_data,ST_ALL_PROJECTS_T,CURRENT_CAPITAL_REQUEST,NUMERIC
rpt-network-plng,sitetracker_data,ST_ALL_PROJECTS_T,CURRENT_OPEN_ACTIVITY,STRING
rpt-network-plng,sitetracker_data,ST_ALL_PROJECTS_T,CX_IMPLEMENTATION,NUMERIC
rpt-network-plng,sitetracker_data,ST_ALL_PROJECTS_T,CYCLE_TIME_CX_START_TO_CX_COMPLETE,NUMERIC
rpt-network-plng,sitetracker_data,ST_ALL_PROJECTS_T,CYCLE_TIME_EMAIL_RECEIVED_TO_INITIATED,NUMERIC
rpt-network-plng,sitetracker_data,ST_ALL_PROJECTS_T,DATA_COLLECTION_A,TIMESTAMP
rpt-network-plng,sitetracker_data,ST_ALL_PROJECTS_T,DATA_COLLECTION_F,TIMESTAMP
rpt-network-plng,sitetracker_data,ST_ALL_PROJECTS_T,DATA_COLLECTION_SLA_TIME,NUMERIC
rpt-network-plng,sitetracker_data,ST_ALL_PROJECTS_T,DATA_TO_SCOPE_TIME,NUMERIC
rpt-network-plng,sitetracker_data,ST_ALL_PROJECTS_T,DATE_AUDIT_COMPLETED,TIMESTAMP
rpt-network-plng,sitetracker_data,ST_ALL_PROJECTS_T,DATE_AUDIT_STARTED,TIMESTAMP
rpt-network-plng,sitetracker_data,ST_ALL_PROJECTS_T,DESIGN_ISSUE_CONSTRUCTION_PRINTS_A,TIMESTAMP
rpt-network-plng,sitetracker_data,ST_ALL_PROJECTS_T,DESIGN_ISSUE_CONSTRUCTION_PRINTS_F,TIMESTAMP
rpt-network-plng,sitetracker_data,ST_ALL_PROJECTS_T,DETAILED_DESCRIPTION_OF_PROJECT,STRING
rpt-network-plng,sitetracker_data,ST_ALL_PROJECTS_T,DEVELOPER_CONTACT_INFO,STRING
rpt-network-plng,sitetracker_data,ST_ALL_PROJECTS_T,DEVELOPER_EMAIL,STRING
rpt-network-plng,sitetracker_data,ST_ALL_PROJECTS_T,DEVELOPER_FINAL_PLATS_RECEIVED_A,TIMESTAMP
rpt-network-plng,sitetracker_data,ST_ALL_PROJECTS_T,DEVELOPER_FINAL_PLATS_RECEIVED_F,TIMESTAMP
rpt-network-plng,sitetracker_data,ST_ALL_PROJECTS_T,DEVELOPER_NAME,STRING
rpt-network-plng,sitetracker_data,ST_ALL_PROJECTS_T,DEVELOPER_NOTIFICATION_RECEIVED_A,TIMESTAMP
rpt-network-plng,sitetracker_data,ST_ALL_PROJECTS_T,DEVELOPER_NOTIFICATION_RECEIVED_F,TIMESTAMP
rpt-network-plng,sitetracker_data,ST_ALL_PROJECTS_T,DEVELOPER_PHONE,STRING
rpt-network-plng,sitetracker_data,ST_ALL_PROJECTS_T,DEVELOPMENT_ADDRESS,STRING
rpt-network-plng,sitetracker_data,ST_ALL_PROJECTS_T,DOES_THIS_IMPACT_CAF,STRING
rpt-network-plng,sitetracker_data,ST_ALL_PROJECTS_T,DOES_THIS_IMPACT_GPON,STRING
rpt-network-plng,sitetracker_data,ST_ALL_PROJECTS_T,DOES_THIS_IMPACT_GRANT_PROJECT,STRING
rpt-network-plng,sitetracker_data,ST_ALL_PROJECTS_T,DSR,STRING
rpt-network-plng,sitetracker_data,ST_ALL_PROJECTS_T,DUPLICATE_FW_PROJECT_NUMBER,NUMERIC
rpt-network-plng,sitetracker_data,ST_ALL_PROJECTS_T,ECD_NCD_FOC_DATE_SET_A,TIMESTAMP
rpt-network-plng,sitetracker_data,ST_ALL_PROJECTS_T,ECD_NCD_FOC_DATE_SET_F,TIMESTAMP
rpt-network-plng,sitetracker_data,ST_ALL_PROJECTS_T,EASEMENT_REQUIRED,STRING
rpt-network-plng,sitetracker_data,ST_ALL_PROJECTS_T,ELECTRONIC_SOLUTION_COMMENTS,STRING
rpt-network-plng,sitetracker_data,ST_ALL_PROJECTS_T,ENG_COMP_DATE,TIMESTAMP
rpt-network-plng,sitetracker_data,ST_ALL_PROJECTS_T,ENGINEER_REVIEWS_POLYGON_COMPLETE_A,TIMESTAMP
rpt-network-plng,sitetracker_data,ST_ALL_PROJECTS_T,ENGINEER_REVIEWS_POLYGON_COMPLETE_F,TIMESTAMP
rpt-network-plng,sitetracker_data,ST_ALL_PROJECTS_T,ENGINEERING_TO_CX,NUMERIC
rpt-network-plng,sitetracker_data,ST_ALL_PROJECTS_T,EQUIP_INVENTORY_IN_DATABASE_ACCEPTED,STRING
rpt-network-plng,sitetracker_data,ST_ALL_PROJECTS_T,EXCHANGE_EXCHANGE_MISMATCH,NUMERIC
rpt-network-plng,sitetracker_data,ST_ALL_PROJECTS_T,EXTERNAL_CONTRACT_RESOURCES,STRING
rpt-network-plng,sitetracker_data,ST_ALL_PROJECTS_T,FACILITY_ENVIRONMENT,STRING
rpt-network-plng,sitetracker_data,ST_ALL_PROJECTS_T,FEED_FIBER_NAME_AND_COUNT,STRING
rpt-network-plng,sitetracker_data,ST_ALL_PROJECTS_T,FEEDER_PLANNING_A,TIMESTAMP
rpt-network-plng,sitetracker_data,ST_ALL_PROJECTS_T,FEEDER_PLANNING_F,TIMESTAMP
rpt-network-plng,sitetracker_data,ST_ALL_PROJECTS_T,FIBER_DB_LOSS,STRING
rpt-network-plng,sitetracker_data,ST_ALL_PROJECTS_T,FIBER_CHAR_FQA_ACCEPTED_LARGE_F,TIMESTAMP
rpt-network-plng,sitetracker_data,ST_ALL_PROJECTS_T,FIBER_CHAR_FQA_ACCEPTED_LARGE_A,TIMESTAMP
rpt-network-plng,sitetracker_data,ST_ALL_PROJECTS_T,FIBER_CHAR_FQA_ACCEPTED_SMALL_F,TIMESTAMP
rpt-network-plng,sitetracker_data,ST_ALL_PROJECTS_T,FIBER_CHAR_FQA_ACCEPTED_SMALL_A,TIMESTAMP
rpt-network-plng,sitetracker_data,ST_ALL_PROJECTS_T,FIBER_CHAR_FQA_ACCEPTED_SPECIAL_A,TIMESTAMP
rpt-network-plng,sitetracker_data,ST_ALL_PROJECTS_T,FIBER_CHAR_FQA_ACCEPTED_SPECIAL_F,TIMESTAMP
rpt-network-plng,sitetracker_data,ST_ALL_PROJECTS_T,FIBER_CHAR_FQA_SUBMITTED_LARGE_A,TIMESTAMP
rpt-network-plng,sitetracker_data,ST_ALL_PROJECTS_T,FIBER_CHAR_FQA_SUBMITTED_LARGE_F,TIMESTAMP
rpt-network-plng,sitetracker_data,ST_ALL_PROJECTS_T,FIBER_CHAR_FQA_SUBMITTED_SMALL_A,TIMESTAMP
rpt-network-plng,sitetracker_data,ST_ALL_PROJECTS_T,FIBER_CHAR_FQA_SUBMITTED_SMALL_F,TIMESTAMP
rpt-network-plng,sitetracker_data,ST_ALL_PROJECTS_T,FIBER_CHAR_FQA_SUBMITTED_SPECIAL_A,TIMESTAMP
rpt-network-plng,sitetracker_data,ST_ALL_PROJECTS_T,FIBER_CHAR_FQA_SUBMITTED_SPECIAL_F,TIMESTAMP
rpt-network-plng,sitetracker_data,ST_ALL_PROJECTS_T,FIBER_DENSIFICATION_REVIEW_COMPLETE,STRING
rpt-network-plng,sitetracker_data,ST_ALL_PROJECTS_T,FIBER_DISTANCE,STRING
rpt-network-plng,sitetracker_data,ST_ALL_PROJECTS_T,FIBER_INVENTORY_BUILT_A,TIMESTAMP
rpt-network-plng,sitetracker_data,ST_ALL_PROJECTS_T,FIBER_INVENTORY_BUILT_F,TIMESTAMP
rpt-network-plng,sitetracker_data,ST_ALL_PROJECTS_T,FIBER_INVENTORY_IN_DATABASE_ACCEPTED,STRING
rpt-network-plng,sitetracker_data,ST_ALL_PROJECTS_T,FIELD_CONSTRUCTION_START_A,TIMESTAMP
rpt-network-plng,sitetracker_data,ST_ALL_PROJECTS_T,FIELD_CONSTRUCTION_START_F,TIMESTAMP
rpt-network-plng,sitetracker_data,ST_ALL_PROJECTS_T,FINALIZE_ALL_VENDOR_INVOICING_A,TIMESTAMP
rpt-network-plng,sitetracker_data,ST_ALL_PROJECTS_T,FINALIZE_ALL_VENDOR_INVOICING_F,TIMESTAMP
rpt-network-plng,sitetracker_data,ST_ALL_PROJECTS_T,FINALIZE_ALL_VENDOR_INVOICING_LARGE_A,DATE
rpt-network-plng,sitetracker_data,ST_ALL_PROJECTS_T,FINALIZE_ALL_VENDOR_INVOICING_LARGE_F,DATE
rpt-network-plng,sitetracker_data,ST_ALL_PROJECTS_T,FINALIZE_ALL_VENDOR_INVOICING_SIMPLE_A,DATE
rpt-network-plng,sitetracker_data,ST_ALL_PROJECTS_T,FINALIZE_ALL_VENDOR_INVOICING_SIMPLE_F,DATE
rpt-network-plng,sitetracker_data,ST_ALL_PROJECTS_T,FINALIZE_ALL_VENDOR_INVOICING_SMALL_A,DATE
rpt-network-plng,sitetracker_data,ST_ALL_PROJECTS_T,FINALIZE_ALL_VENDOR_INVOICING_SMALL_F,DATE
rpt-network-plng,sitetracker_data,ST_ALL_PROJECTS_T,FINALIZE_ALL_VENDOR_INVOICING_SPECIA_A,DATE
rpt-network-plng,sitetracker_data,ST_ALL_PROJECTS_T,FINALIZE_ALL_VENDOR_INVOICING_SPECIA_F,DATE
rpt-network-plng,sitetracker_data,ST_ALL_PROJECTS_T,FINALIZE_NETWORK_DESIGN_A,TIMESTAMP
rpt-network-plng,sitetracker_data,ST_ALL_PROJECTS_T,FINALIZE_NETWORK_DESIGN_F,TIMESTAMP
rpt-network-plng,sitetracker_data,ST_ALL_PROJECTS_T,FINANCE_FUNDING_RESPONSE_A,TIMESTAMP
rpt-network-plng,sitetracker_data,ST_ALL_PROJECTS_T,FINANCE_FUNDING_RESPONSE_F,TIMESTAMP
rpt-network-plng,sitetracker_data,ST_ALL_PROJECTS_T,FIREWORKS_SYSTEM_STATUS,STRING
rpt-network-plng,sitetracker_data,ST_ALL_PROJECTS_T,FIRST_OCC,NUMERIC
rpt-network-plng,sitetracker_data,ST_ALL_PROJECTS_T,FIRST_OCC_OUT_OF_SYNC_WITH_SALESFORCE,NUMERIC
rpt-network-plng,sitetracker_data,ST_ALL_PROJECTS_T,FIRST_OCCUPANCY_TGT_DT,TIMESTAMP
rpt-network-plng,sitetracker_data,ST_ALL_PROJECTS_T,FIRST_SERVICE_FIRE_ALARM_ELEVATOR,STRING
rpt-network-plng,sitetracker_data,ST_ALL_PROJECTS_T,FRAME,STRING
rpt-network-plng,sitetracker_data,ST_ALL_PROJECTS_T,FSAI_ADDRESS,STRING
rpt-network-plng,sitetracker_data,ST_ALL_PROJECTS_T,FSAI_CLLI,STRING
rpt-network-plng,sitetracker_data,ST_ALL_PROJECTS_T,FSAI_MANUFACTURER,STRING
rpt-network-plng,sitetracker_data,ST_ALL_PROJECTS_T,FSAI_SIZE,STRING
rpt-network-plng,sitetracker_data,ST_ALL_PROJECTS_T,FSAI_TAPER_DA_CODE,STRING
rpt-network-plng,sitetracker_data,ST_ALL_PROJECTS_T,FSAI_TO_ONT_S,STRING
rpt-network-plng,sitetracker_data,ST_ALL_PROJECTS_T,FTHGN_NAME_AND_COUNT,STRING
rpt-network-plng,sitetracker_data,ST_ALL_PROJECTS_T,FUNDING_REQUEST_RECEIVED_A,TIMESTAMP
rpt-network-plng,sitetracker_data,ST_ALL_PROJECTS_T,FUNDING_REQUEST_RECEIVED_F,TIMESTAMP
rpt-network-plng,sitetracker_data,ST_ALL_PROJECTS_T,FUNDING_REQUEST_SUBMITTED_A,TIMESTAMP
rpt-network-plng,sitetracker_data,ST_ALL_PROJECTS_T,FUNDING_REQUEST_SUBMITTED_F,TIMESTAMP
rpt-network-plng,sitetracker_data,ST_ALL_PROJECTS_T,FUNDREC_CX,NUMERIC
rpt-network-plng,sitetracker_data,ST_ALL_PROJECTS_T,FUNDREQ_FUNDREC,NUMERIC
rpt-network-plng,sitetracker_data,ST_ALL_PROJECTS_T,FUNDS_REMAINING,NUMERIC
rpt-network-plng,sitetracker_data,ST_ALL_PROJECTS_T,FURTHEST_COMPLETED_ACTIVITY,STRING
rpt-network-plng,sitetracker_data,ST_ALL_PROJECTS_T,GATHER_SOW_DETAILS_DETERMINE_IMPACTS_A,TIMESTAMP
rpt-network-plng,sitetracker_data,ST_ALL_PROJECTS_T,GATHER_SOW_DETAILS_DETERMINE_IMPACTS_F,TIMESTAMP
rpt-network-plng,sitetracker_data,ST_ALL_PROJECTS_T,GOOGLE_ADDRESS_VALIDATION_FALLOUT_A,TIMESTAMP
rpt-network-plng,sitetracker_data,ST_ALL_PROJECTS_T,GOOGLE_ADDRESS_VALIDATION_FALLOUT_F,TIMESTAMP
rpt-network-plng,sitetracker_data,ST_ALL_PROJECTS_T,GOOGLE_UPDATE_REQUEST_A,TIMESTAMP
rpt-network-plng,sitetracker_data,ST_ALL_PROJECTS_T,GOOGLE_UPDATE_REQUEST_F,TIMESTAMP
rpt-network-plng,sitetracker_data,ST_ALL_PROJECTS_T,GPON_PM_NAME,STRING
rpt-network-plng,sitetracker_data,ST_ALL_PROJECTS_T,GPON_PM_CUID,STRING
rpt-network-plng,sitetracker_data,ST_ALL_PROJECTS_T,GPON_POSTED_TO_TOP_A,TIMESTAMP
rpt-network-plng,sitetracker_data,ST_ALL_PROJECTS_T,GPON_POSTED_TO_TOP_F,TIMESTAMP
rpt-network-plng,sitetracker_data,ST_ALL_PROJECTS_T,GRATIS,STRING
rpt-network-plng,sitetracker_data,ST_ALL_PROJECTS_T,GRATIS_ORDER,STRING
rpt-network-plng,sitetracker_data,ST_ALL_PROJECTS_T,HAS_BEEN_MODIFIED,NUMERIC
rpt-network-plng,sitetracker_data,ST_ALL_PROJECTS_T,HELD_ORDER_ID,STRING
rpt-network-plng,sitetracker_data,ST_ALL_PROJECTS_T,HERMES_ID,STRING
rpt-network-plng,sitetracker_data,ST_ALL_PROJECTS_T,HIGH_LEVEL_OVERVIEW,STRING
rpt-network-plng,sitetracker_data,ST_ALL_PROJECTS_T,HSI_AMOUNT,NUMERIC
rpt-network-plng,sitetracker_data,ST_ALL_PROJECTS_T,IMPACT_REV_COMPLETE_RELO_PLAN_STARTS_F,TIMESTAMP
rpt-network-plng,sitetracker_data,ST_ALL_PROJECTS_T,IMP_LUS_OUT_OF_SYNC_WITH_SALESFORCE,NUMERIC
rpt-network-plng,sitetracker_data,ST_ALL_PROJECTS_T,IMP_PM_OUT_OF_SYNC_WITH_SALESFORCE,NUMERIC
rpt-network-plng,sitetracker_data,ST_ALL_PROJECTS_T,IMPLEMENT_CLOSE,NUMERIC
rpt-network-plng,sitetracker_data,ST_ALL_PROJECTS_T,IMPLEMENT_SLA,NUMERIC
rpt-network-plng,sitetracker_data,ST_ALL_PROJECTS_T,IMPLEMENT_VENINV,NUMERIC
rpt-network-plng,sitetracker_data,ST_ALL_PROJECTS_T,IMPLEMENTATION_PM_NAME,STRING
rpt-network-plng,sitetracker_data,ST_ALL_PROJECTS_T,IMPLEMENTATION_PM_CUID,STRING
rpt-network-plng,sitetracker_data,ST_ALL_PROJECTS_T,IMPLEMENTATION_A,TIMESTAMP
rpt-network-plng,sitetracker_data,ST_ALL_PROJECTS_T,IMPLEMENTATION_F,TIMESTAMP
rpt-network-plng,sitetracker_data,ST_ALL_PROJECTS_T,IMPORTANT,STRING
rpt-network-plng,sitetracker_data,ST_ALL_PROJECTS_T,INITIAL_BUDGET_PLAN_AMOUNT,NUMERIC
rpt-network-plng,sitetracker_data,ST_ALL_PROJECTS_T,INITIAL_CONFLICT_REVIEW_LOCAL_A,TIMESTAMP
rpt-network-plng,sitetracker_data,ST_ALL_PROJECTS_T,INITIAL_CONFLICT_REVIEW_LOCAL_F,TIMESTAMP
rpt-network-plng,sitetracker_data,ST_ALL_PROJECTS_T,INITIAL_CONFLICT_REVIEW_NATIONAL_A,TIMESTAMP
rpt-network-plng,sitetracker_data,ST_ALL_PROJECTS_T,INITIAL_CONFLICT_REVIEW_NATIONAL_F,TIMESTAMP
rpt-network-plng,sitetracker_data,ST_ALL_PROJECTS_T,INITIAL_PLANNING_REVIEW_WITH_OSP_ENG_A,TIMESTAMP
rpt-network-plng,sitetracker_data,ST_ALL_PROJECTS_T,INITIAL_PLANNING_REVIEW_WITH_OSP_ENG_F,TIMESTAMP
rpt-network-plng,sitetracker_data,ST_ALL_PROJECTS_T,INTEGRATION_STATUS,STRING
rpt-network-plng,sitetracker_data,ST_ALL_PROJECTS_T,INTEGRATION_TRIGGER,NUMERIC
rpt-network-plng,sitetracker_data,ST_ALL_PROJECTS_T,INVENTORY_STACK,STRING
rpt-network-plng,sitetracker_data,ST_ALL_PROJECTS_T,INVENTORY_STACK_A,TIMESTAMP
rpt-network-plng,sitetracker_data,ST_ALL_PROJECTS_T,INVENTORY_STACK_F,TIMESTAMP
rpt-network-plng,sitetracker_data,ST_ALL_PROJECTS_T,INVESTIGATE_FOR_DARK_FIBER_BILLING_A,TIMESTAMP
rpt-network-plng,sitetracker_data,ST_ALL_PROJECTS_T,INVESTIGATE_FOR_DARK_FIBER_BILLING_F,TIMESTAMP
rpt-network-plng,sitetracker_data,ST_ALL_PROJECTS_T,IRU_PM_NAME,STRING
rpt-network-plng,sitetracker_data,ST_ALL_PROJECTS_T,IRU_PM_CUID,STRING
rpt-network-plng,sitetracker_data,ST_ALL_PROJECTS_T,IS_BACK_HAUL_NEEDED,STRING
rpt-network-plng,sitetracker_data,ST_ALL_PROJECTS_T,IRU_DARK_FIBER_ON_CABLE,STRING
rpt-network-plng,sitetracker_data,ST_ALL_PROJECTS_T,IS_FIBER_CHARACTERIZATION_FQA_NEEDED,STRING
rpt-network-plng,sitetracker_data,ST_ALL_PROJECTS_T,IS_THERE_A_REROUTE_OR_REFEED_OPTION,STRING
rpt-network-plng,sitetracker_data,ST_ALL_PROJECTS_T,IS_THERE_A_REROUTE_OR_REFEED_OPTION_N,STRING
rpt-network-plng,sitetracker_data,ST_ALL_PROJECTS_T,ISSUE_PRINTS_A,TIMESTAMP
rpt-network-plng,sitetracker_data,ST_ALL_PROJECTS_T,ISSUE_PRINTS_F,TIMESTAMP
rpt-network-plng,sitetracker_data,ST_ALL_PROJECTS_T,ISSUE_PRINTS_LEEP_E1F1_COMPLETE_A,TIMESTAMP
rpt-network-plng,sitetracker_data,ST_ALL_PROJECTS_T,ISSUE_PRINTS_LEEP_E1F1_COMPLETE_F,TIMESTAMP
rpt-network-plng,sitetracker_data,ST_ALL_PROJECTS_T,JEOP_REASON,STRING
rpt-network-plng,sitetracker_data,ST_ALL_PROJECTS_T,JOB_READY_TO_SUBMIT_TO_STAGING,STRING
rpt-network-plng,sitetracker_data,ST_ALL_PROJECTS_T,JOB_READY_TO_SUBMIT_TO_STAGING_COMMENTS,STRING
rpt-network-plng,sitetracker_data,ST_ALL_PROJECTS_T,JOINT_TRENCH_READY_DATE,TIMESTAMP
rpt-network-plng,sitetracker_data,ST_ALL_PROJECTS_T,KICK_OFF_ISP_ELECTRONIC_ENGINEERING_A,TIMESTAMP
rpt-network-plng,sitetracker_data,ST_ALL_PROJECTS_T,KICK_OFF_ISP_ELECTRONIC_ENGINEERING_F,TIMESTAMP
rpt-network-plng,sitetracker_data,ST_ALL_PROJECTS_T,KICK_OUT_OSP_WO_A,TIMESTAMP
rpt-network-plng,sitetracker_data,ST_ALL_PROJECTS_T,KICK_OUT_OSP_WO_F,TIMESTAMP
rpt-network-plng,sitetracker_data,ST_ALL_PROJECTS_T,KNOWN_REIMBURSEMENT,STRING
rpt-network-plng,sitetracker_data,ST_ALL_PROJECTS_T,LANDBASE_REQUEST_COMPLETED_A,TIMESTAMP
rpt-network-plng,sitetracker_data,ST_ALL_PROJECTS_T,LANDBASE_REQUEST_COMPLETED_F,TIMESTAMP
rpt-network-plng,sitetracker_data,ST_ALL_PROJECTS_T,LATE_OR_ON_TIME,STRING
rpt-network-plng,sitetracker_data,ST_ALL_PROJECTS_T,LCON,STRING
rpt-network-plng,sitetracker_data,ST_ALL_PROJECTS_T,LCON_EMAIL,STRING
rpt-network-plng,sitetracker_data,ST_ALL_PROJECTS_T,LCON_PHONE,STRING
rpt-network-plng,sitetracker_data,ST_ALL_PROJECTS_T,LEEP_F1_PORTION_A,TIMESTAMP
rpt-network-plng,sitetracker_data,ST_ALL_PROJECTS_T,LEEP_F1_PORTION_F,TIMESTAMP
rpt-network-plng,sitetracker_data,ST_ALL_PROJECTS_T,LEEP_F2_PORTION_A,TIMESTAMP
rpt-network-plng,sitetracker_data,ST_ALL_PROJECTS_T,LEEP_F2_PORTION_F,TIMESTAMP
rpt-network-plng,sitetracker_data,ST_ALL_PROJECTS_T,LEN_ASSIGNMENTS,STRING
rpt-network-plng,sitetracker_data,ST_ALL_PROJECTS_T,LETTING_DATE,TIMESTAMP
rpt-network-plng,sitetracker_data,ST_ALL_PROJECTS_T,LIKE_FOR_LIKE_SOLUTION,STRING
rpt-network-plng,sitetracker_data,ST_ALL_PROJECTS_T,LIKE_FOR_LIKE_SOLUTION_COMMENTS,STRING
rpt-network-plng,sitetracker_data,ST_ALL_PROJECTS_T,LIKE_FOR_LIKE_SOLUTION_COMMENTS_N,STRING
rpt-network-plng,sitetracker_data,ST_ALL_PROJECTS_T,LIKE_FOR_LIKE_SOLUTION_N,STRING
rpt-network-plng,sitetracker_data,ST_ALL_PROJECTS_T,LOAD_KMZ_FILE_INTERVAL_TABLES_A,TIMESTAMP
rpt-network-plng,sitetracker_data,ST_ALL_PROJECTS_T,LOAD_KMZ_FILE_INTERVAL_TABLES_F,TIMESTAMP
rpt-network-plng,sitetracker_data,ST_ALL_PROJECTS_T,LOAD_ROUTE_A,TIMESTAMP
rpt-network-plng,sitetracker_data,ST_ALL_PROJECTS_T,LOAD_ROUTE_F,TIMESTAMP
rpt-network-plng,sitetracker_data,ST_ALL_PROJECTS_T,LOAD_ROUTE_SPECIAL_A,TIMESTAMP
rpt-network-plng,sitetracker_data,ST_ALL_PROJECTS_T,LOAD_ROUTE_SPECIAL_F,TIMESTAMP
rpt-network-plng,sitetracker_data,ST_ALL_PROJECTS_T,LU_MISSED_ON_COMPLETE,NUMERIC
rpt-network-plng,sitetracker_data,ST_ALL_PROJECTS_T,MAKE_READY_ESTIMATE_RECEIVED_A,TIMESTAMP
rpt-network-plng,sitetracker_data,ST_ALL_PROJECTS_T,MAKE_READY_ESTIMATE_RECEIVED_F,TIMESTAMP
rpt-network-plng,sitetracker_data,ST_ALL_PROJECTS_T,MAKE_READY_PAYMENT_SUBMITTED_A,TIMESTAMP
rpt-network-plng,sitetracker_data,ST_ALL_PROJECTS_T,MAKE_READY_PAYMENT_SUBMITTED_F,TIMESTAMP
rpt-network-plng,sitetracker_data,ST_ALL_PROJECTS_T,MANUAL_OLS_LOAD_TEAM_NAME,STRING
rpt-network-plng,sitetracker_data,ST_ALL_PROJECTS_T,MANUAL_OLS_LOAD_TEAM_CUID,STRING
rpt-network-plng,sitetracker_data,ST_ALL_PROJECTS_T,MANUAL_OLS_LOAD_LAYER_1_A,TIMESTAMP
rpt-network-plng,sitetracker_data,ST_ALL_PROJECTS_T,MANUAL_OLS_LOAD_LAYER_1_F,TIMESTAMP
rpt-network-plng,sitetracker_data,ST_ALL_PROJECTS_T,MANUAL_OLS_RECEIVED,TIMESTAMP
rpt-network-plng,sitetracker_data,ST_ALL_PROJECTS_T,MANUAL_OLS_SUBMITTED,TIMESTAMP
rpt-network-plng,sitetracker_data,ST_ALL_PROJECTS_T,MAPPING_RECORD_CORRECTION_COMMENTS,STRING
rpt-network-plng,sitetracker_data,ST_ALL_PROJECTS_T,MAPPING_RECORDS_NEED_A_CORRECTION,STRING
rpt-network-plng,sitetracker_data,ST_ALL_PROJECTS_T,MATERIALS_RECEIVED_A,TIMESTAMP
rpt-network-plng,sitetracker_data,ST_ALL_PROJECTS_T,MATERIALS_RECEIVED_F,TIMESTAMP
rpt-network-plng,sitetracker_data,ST_ALL_PROJECTS_T,MATERIALS_RECEIVED_ELECTRONICS_A,TIMESTAMP
rpt-network-plng,sitetracker_data,ST_ALL_PROJECTS_T,MATERIALS_RECEIVED_ELECTRONICS_F,TIMESTAMP
rpt-network-plng,sitetracker_data,ST_ALL_PROJECTS_T,MARKETING_PM_NAME,STRING
rpt-network-plng,sitetracker_data,ST_ALL_PROJECTS_T,MARKETING_PM_CUID,STRING
rpt-network-plng,sitetracker_data,ST_ALL_PROJECTS_T,MET_OR_MISSED,STRING
rpt-network-plng,sitetracker_data,ST_ALL_PROJECTS_T,MODEL_THE_OSP_PANEL_IN_PRO_A,TIMESTAMP
rpt-network-plng,sitetracker_data,ST_ALL_PROJECTS_T,MODEL_THE_OSP_PANEL_IN_PRO_F,TIMESTAMP
rpt-network-plng,sitetracker_data,ST_ALL_PROJECTS_T,MONTH_CAPGOV_SUBMITTED,STRING
rpt-network-plng,sitetracker_data,ST_ALL_PROJECTS_T,MY_ASSIGNED_PROJECT,NUMERIC
rpt-network-plng,sitetracker_data,ST_ALL_PROJECTS_T,NA_PRE_SALE_ORDERS,STRING
rpt-network-plng,sitetracker_data,ST_ALL_PROJECTS_T,NA_PRIORITY,STRING
rpt-network-plng,sitetracker_data,ST_ALL_PROJECTS_T,NA_SITE_STATUS,STRING
rpt-network-plng,sitetracker_data,ST_ALL_PROJECTS_T,NATIONAL_ACTIVE_FIBER_COUNT,NUMERIC
rpt-network-plng,sitetracker_data,ST_ALL_PROJECTS_T,NDS_A,TIMESTAMP
rpt-network-plng,sitetracker_data,ST_ALL_PROJECTS_T,NDS_F,TIMESTAMP
rpt-network-plng,sitetracker_data,ST_ALL_PROJECTS_T,NDS_PROJECT_NUMBER,STRING
rpt-network-plng,sitetracker_data,ST_ALL_PROJECTS_T,NDS_QF_QM_ERROR_CLEANUP_A,TIMESTAMP
rpt-network-plng,sitetracker_data,ST_ALL_PROJECTS_T,NDS_QF_QM_ERROR_CLEANUP_F,TIMESTAMP
rpt-network-plng,sitetracker_data,ST_ALL_PROJECTS_T,NI_ENGINEER,STRING
rpt-network-plng,sitetracker_data,ST_ALL_PROJECTS_T,NI_ENGINEER_CUID,STRING
rpt-network-plng,sitetracker_data,ST_ALL_PROJECTS_T,NETWORK_SYSTEMS_IMPLEMENTATION_NAME,STRING
rpt-network-plng,sitetracker_data,ST_ALL_PROJECTS_T,NETWORK_SYSTEMS_IMPLEMENTATION_CUID,STRING
rpt-network-plng,sitetracker_data,ST_ALL_PROJECTS_T,NEW_OR_EXISTING_FSAI,STRING
rpt-network-plng,sitetracker_data,ST_ALL_PROJECTS_T,NO_BUILD_COMMENTS,STRING
rpt-network-plng,sitetracker_data,ST_ALL_PROJECTS_T,NO_BUILD_NOTIFICATION_A,TIMESTAMP
rpt-network-plng,sitetracker_data,ST_ALL_PROJECTS_T,NO_BUILD_NOTIFICATION_F,TIMESTAMP
rpt-network-plng,sitetracker_data,ST_ALL_PROJECTS_T,NO_BUILD_PUN_FORM_SUBMITTED_A,TIMESTAMP
rpt-network-plng,sitetracker_data,ST_ALL_PROJECTS_T,NO_BUILD_PUN_FORM_SUBMITTED_F,TIMESTAMP
rpt-network-plng,sitetracker_data,ST_ALL_PROJECTS_T,NON_REIMB_PORTION_NON_PROFITABLE_A,TIMESTAMP
rpt-network-plng,sitetracker_data,ST_ALL_PROJECTS_T,NON_REIMB_PORTION_NON_PROFITABLE_F,TIMESTAMP
rpt-network-plng,sitetracker_data,ST_ALL_PROJECTS_T,NON_REIMBURSABLE_PORTION_PROFITABLE,STRING
rpt-network-plng,sitetracker_data,ST_ALL_PROJECTS_T,NOTIFY_MARKETING_A,TIMESTAMP
rpt-network-plng,sitetracker_data,ST_ALL_PROJECTS_T,NOTIFY_MARKETING_F,TIMESTAMP
rpt-network-plng,sitetracker_data,ST_ALL_PROJECTS_T,NUM_ACTIVE_ACTIVITY_HOLDS,NUMERIC
rpt-network-plng,sitetracker_data,ST_ALL_PROJECTS_T,NUM_ACTIVE_PROJECT_HOLDS,NUMERIC
rpt-network-plng,sitetracker_data,ST_ALL_PROJECTS_T,NUM_COPPER_SPECIAL_CKTS,NUMERIC
rpt-network-plng,sitetracker_data,ST_ALL_PROJECTS_T,NUM_OF_ACTIVITIES,NUMERIC
rpt-network-plng,sitetracker_data,ST_ALL_PROJECTS_T,NUM_OF_COMPLETED_PHASE_PROJECTS,NUMERIC
rpt-network-plng,sitetracker_data,ST_ALL_PROJECTS_T,NUM_OF_HSI,NUMERIC
rpt-network-plng,sitetracker_data,ST_ALL_PROJECTS_T,NUM_OF_IMP_PHASES,NUMERIC
rpt-network-plng,sitetracker_data,ST_ALL_PROJECTS_T,NUM_OF_LUS,NUMERIC
rpt-network-plng,sitetracker_data,ST_ALL_PROJECTS_T,NUM_OF_LUS_SOW,NUMERIC
rpt-network-plng,sitetracker_data,ST_ALL_PROJECTS_T,NUM_OF_PHASE_RECORDS,NUMERIC
rpt-network-plng,sitetracker_data,ST_ALL_PROJECTS_T,NUM_OF_POTS,NUMERIC
rpt-network-plng,sitetracker_data,ST_ALL_PROJECTS_T,NUM_OF_QF_PROJECTS,NUMERIC
rpt-network-plng,sitetracker_data,ST_ALL_PROJECTS_T,NUM_OF_RELATED_PROJECTS,NUMERIC
rpt-network-plng,sitetracker_data,ST_ALL_PROJECTS_T,NUM_OF_SPLITTERS_BEING_PLACED,NUMERIC
rpt-network-plng,sitetracker_data,ST_ALL_PROJECTS_T,NUM_OF_WORKING_NATIONAL_FIBERS,NUMERIC
rpt-network-plng,sitetracker_data,ST_ALL_PROJECTS_T,NUM_OF_WORKING_SUBS_ON_FIBER,NUMERIC
rpt-network-plng,sitetracker_data,ST_ALL_PROJECTS_T,NUM_PAYBACK_MONTHS_GREATER_THAN_60,STRING
rpt-network-plng,sitetracker_data,ST_ALL_PROJECTS_T,OBLIGATED_AMOUNT,NUMERIC
rpt-network-plng,sitetracker_data,ST_ALL_PROJECTS_T,ODIN_LAYER_2_3_TA_PATH_DEVICE_A,TIMESTAMP
rpt-network-plng,sitetracker_data,ST_ALL_PROJECTS_T,ODIN_LAYER_2_3_TA_PATH_DEVICE_F,TIMESTAMP
rpt-network-plng,sitetracker_data,ST_ALL_PROJECTS_T,ODIN_LOAD_LAYER_1,STRING
rpt-network-plng,sitetracker_data,ST_ALL_PROJECTS_T,ODIN_LOAD_LAYER_1_A,TIMESTAMP
rpt-network-plng,sitetracker_data,ST_ALL_PROJECTS_T,ODIN_LOAD_LAYER_1_COMPLETE_A,TIMESTAMP
rpt-network-plng,sitetracker_data,ST_ALL_PROJECTS_T,ODIN_LOAD_LAYER_1_COMPLETE_F,TIMESTAMP
rpt-network-plng,sitetracker_data,ST_ALL_PROJECTS_T,ODIN_LOAD_LAYER_1_F,TIMESTAMP
rpt-network-plng,sitetracker_data,ST_ALL_PROJECTS_T,ODIN_LOAD_LAYER_2_3_SASKTEL_LOAD_A,TIMESTAMP
rpt-network-plng,sitetracker_data,ST_ALL_PROJECTS_T,ODIN_LOAD_LAYER_2_3_SASKTEL_LOAD_F,TIMESTAMP
rpt-network-plng,sitetracker_data,ST_ALL_PROJECTS_T,OLT,STRING
rpt-network-plng,sitetracker_data,ST_ALL_PROJECTS_T,OLT_ADDRESS,STRING
rpt-network-plng,sitetracker_data,ST_ALL_PROJECTS_T,OLT_CARD,STRING
rpt-network-plng,sitetracker_data,ST_ALL_PROJECTS_T,OLT_CLLI,STRING
rpt-network-plng,sitetracker_data,ST_ALL_PROJECTS_T,OLT_CONFIGURATION,STRING
rpt-network-plng,sitetracker_data,ST_ALL_PROJECTS_T,OLT_COUNT,STRING
rpt-network-plng,sitetracker_data,ST_ALL_PROJECTS_T,OLT_F1_FIBER_SPLITTER_ASSIGNMENT,STRING
rpt-network-plng,sitetracker_data,ST_ALL_PROJECTS_T,OLT_LOCATION,STRING
rpt-network-plng,sitetracker_data,ST_ALL_PROJECTS_T,OLT_MANUFACTURER_TYPE,STRING
rpt-network-plng,sitetracker_data,ST_ALL_PROJECTS_T,OLT_PORTS,STRING
rpt-network-plng,sitetracker_data,ST_ALL_PROJECTS_T,OLT_SHELF,STRING
rpt-network-plng,sitetracker_data,ST_ALL_PROJECTS_T,OLT_TO_FSAI,STRING
rpt-network-plng,sitetracker_data,ST_ALL_PROJECTS_T,OLT_TYPE,STRING
rpt-network-plng,sitetracker_data,ST_ALL_PROJECTS_T,ON_TIME,STRING
rpt-network-plng,sitetracker_data,ST_ALL_PROJECTS_T,ONA,STRING
rpt-network-plng,sitetracker_data,ST_ALL_PROJECTS_T,ONA_PROVISIONING_RECORDS_A,TIMESTAMP
rpt-network-plng,sitetracker_data,ST_ALL_PROJECTS_T,ONA_PROVISIONING_RECORDS_F,TIMESTAMP
rpt-network-plng,sitetracker_data,ST_ALL_PROJECTS_T,ONT_TYPE,STRING
rpt-network-plng,sitetracker_data,ST_ALL_PROJECTS_T,OPEN_WORK_ORDERS_BIDS,STRING
rpt-network-plng,sitetracker_data,ST_ALL_PROJECTS_T,OPERATIONS_SUPPORT_NAME,STRING
rpt-network-plng,sitetracker_data,ST_ALL_PROJECTS_T,OPERATIONS_SUPPORT_CUID,STRING
rpt-network-plng,sitetracker_data,ST_ALL_PROJECTS_T,OO_LOAD_TEAM_NAME,STRING
rpt-network-plng,sitetracker_data,ST_ALL_PROJECTS_T,OO_LOAD_TEAM_CUID,STRING
rpt-network-plng,sitetracker_data,ST_ALL_PROJECTS_T,ORDER_INFO,STRING
rpt-network-plng,sitetracker_data,ST_ALL_PROJECTS_T,ORDER_MATERIALS_A,TIMESTAMP
rpt-network-plng,sitetracker_data,ST_ALL_PROJECTS_T,ORDER_MATERIALS_F,TIMESTAMP
rpt-network-plng,sitetracker_data,ST_ALL_PROJECTS_T,OVER_BUDGET,NUMERIC
rpt-network-plng,sitetracker_data,ST_ALL_PROJECTS_T,PARTIAL_RFS_RECEIVED,TIMESTAMP
rpt-network-plng,sitetracker_data,ST_ALL_PROJECTS_T,PATH_TO_LAYER_1,STRING
rpt-network-plng,sitetracker_data,ST_ALL_PROJECTS_T,PAYBACK_MONTHS_AFTER_REIMBURSEMENT,NUMERIC
rpt-network-plng,sitetracker_data,ST_ALL_PROJECTS_T,PAYBACK_MONTHS_AFTER_REIMBURSEMENT_N,NUMERIC
rpt-network-plng,sitetracker_data,ST_ALL_PROJECTS_T,PENDING_REVIEW_IN_STAGING_A,TIMESTAMP
rpt-network-plng,sitetracker_data,ST_ALL_PROJECTS_T,PENDING_REVIEW_IN_STAGING_F,TIMESTAMP
rpt-network-plng,sitetracker_data,ST_ALL_PROJECTS_T,PERCENT_PLANS_COMPLETE,STRING
rpt-network-plng,sitetracker_data,ST_ALL_PROJECTS_T,PERMITTING_RIGHT_OF_WAY_DEPENDENCIES_A,TIMESTAMP
rpt-network-plng,sitetracker_data,ST_ALL_PROJECTS_T,PERMITTING_RIGHT_OF_WAY_DEPENDENCIES_F,TIMESTAMP
rpt-network-plng,sitetracker_data,ST_ALL_PROJECTS_T,PERMITTING_RIGHT_OF_WAY_LARGE_F,TIMESTAMP
rpt-network-plng,sitetracker_data,ST_ALL_PROJECTS_T,PERMITTING_RIGHT_OF_WAY_LARGE_A,TIMESTAMP
rpt-network-plng,sitetracker_data,ST_ALL_PROJECTS_T,PERMITTING_RIGHT_OF_WAY_SMALL_F,TIMESTAMP
rpt-network-plng,sitetracker_data,ST_ALL_PROJECTS_T,PERMITTING_RIGHT_OF_WAY_SMALL_A,TIMESTAMP
rpt-network-plng,sitetracker_data,ST_ALL_PROJECTS_T,PERMITTING_RIGHT_OF_WAY_SPECIAL_A,TIMESTAMP
rpt-network-plng,sitetracker_data,ST_ALL_PROJECTS_T,PERMITTING_RIGHT_OF_WAY_SPECIAL_F,TIMESTAMP
rpt-network-plng,sitetracker_data,ST_ALL_PROJECTS_T,PERMITS_SUBMITTED_A,TIMESTAMP
rpt-network-plng,sitetracker_data,ST_ALL_PROJECTS_T,PERMITS_SUBMITTED_F,TIMESTAMP
rpt-network-plng,sitetracker_data,ST_ALL_PROJECTS_T,PHASE_ADDRESS,STRING
rpt-network-plng,sitetracker_data,ST_ALL_PROJECTS_T,PHASE_LUS_OUT_OF_SYNC_WITH_SALESFORCE,NUMERIC
rpt-network-plng,sitetracker_data,ST_ALL_PROJECTS_T,PHASE_S_IMPLEMENTATION_A,TIMESTAMP
rpt-network-plng,sitetracker_data,ST_ALL_PROJECTS_T,PHASE_S_IMPLEMENTATION_F,TIMESTAMP
rpt-network-plng,sitetracker_data,ST_ALL_PROJECTS_T,PHASE_PARCEL,STRING
rpt-network-plng,sitetracker_data,ST_ALL_PROJECTS_T,PLACING_A,TIMESTAMP
rpt-network-plng,sitetracker_data,ST_ALL_PROJECTS_T,PLACING_F,TIMESTAMP
rpt-network-plng,sitetracker_data,ST_ALL_PROJECTS_T,PLACING_LARGE_A,TIMESTAMP
rpt-network-plng,sitetracker_data,ST_ALL_PROJECTS_T,PLACING_LARGE_F,TIMESTAMP
rpt-network-plng,sitetracker_data,ST_ALL_PROJECTS_T,PLACING_SIMPLE_A,TIMESTAMP
rpt-network-plng,sitetracker_data,ST_ALL_PROJECTS_T,PLACING_SIMPLE_F,TIMESTAMP
rpt-network-plng,sitetracker_data,ST_ALL_PROJECTS_T,PLACING_SMALL_A,TIMESTAMP
rpt-network-plng,sitetracker_data,ST_ALL_PROJECTS_T,PLACING_SMALL_F,TIMESTAMP
rpt-network-plng,sitetracker_data,ST_ALL_PROJECTS_T,PLACING_SPECIAL_A,TIMESTAMP
rpt-network-plng,sitetracker_data,ST_ALL_PROJECTS_T,PLACING_SPECIAL_F,TIMESTAMP
rpt-network-plng,sitetracker_data,ST_ALL_PROJECTS_T,PLANNED_ADD_TOTAL,NUMERIC
rpt-network-plng,sitetracker_data,ST_ALL_PROJECTS_T,PLANNED_EXPENSE_TOTAL,NUMERIC
rpt-network-plng,sitetracker_data,ST_ALL_PROJECTS_T,PLANNED_REMOVAL_TOTAL,NUMERIC
rpt-network-plng,sitetracker_data,ST_ALL_PROJECTS_T,PLANNER_NAME,STRING
rpt-network-plng,sitetracker_data,ST_ALL_PROJECTS_T,PLANNER_CUID,STRING
rpt-network-plng,sitetracker_data,ST_ALL_PROJECTS_T,PLANNING_MANAGER_NAME,STRING
rpt-network-plng,sitetracker_data,ST_ALL_PROJECTS_T,PLANNING_MANAGER_CUID,STRING
rpt-network-plng,sitetracker_data,ST_ALL_PROJECTS_T,PLANNER_ADVISEMENT,STRING
rpt-network-plng,sitetracker_data,ST_ALL_PROJECTS_T,PLANNER_SUBMITS_RELO_PLAN_FOR_APPR_A,TIMESTAMP
rpt-network-plng,sitetracker_data,ST_ALL_PROJECTS_T,PLANNER_SUBMITS_RELO_PLAN_FOR_APPR_F,TIMESTAMP
rpt-network-plng,sitetracker_data,ST_ALL_PROJECTS_T,PLANNING_GATE_DECISION_A,TIMESTAMP
rpt-network-plng,sitetracker_data,ST_ALL_PROJECTS_T,PLANNING_GATE_DECISION_F,TIMESTAMP
rpt-network-plng,sitetracker_data,ST_ALL_PROJECTS_T,PLANNING_GATE_SUBMITTAL_A,TIMESTAMP
rpt-network-plng,sitetracker_data,ST_ALL_PROJECTS_T,PLANNING_GATE_SUBMITTAL_F,TIMESTAMP
rpt-network-plng,sitetracker_data,ST_ALL_PROJECTS_T,PLANNING_INPUT_CET_COMPLETE_A,TIMESTAMP
rpt-network-plng,sitetracker_data,ST_ALL_PROJECTS_T,PLANNING_INPUT_CET_COMPLETE_F,TIMESTAMP
rpt-network-plng,sitetracker_data,ST_ALL_PROJECTS_T,PLANNING_MANAGER_APPROVAL,STRING
rpt-network-plng,sitetracker_data,ST_ALL_PROJECTS_T,PLANNING_MANAGER_APPROVAL_COMMENTS,STRING
rpt-network-plng,sitetracker_data,ST_ALL_PROJECTS_T,PLANNING_TO_ENGINEERING,NUMERIC
rpt-network-plng,sitetracker_data,ST_ALL_PROJECTS_T,PLATS_UPLOADED,NUMERIC
rpt-network-plng,sitetracker_data,ST_ALL_PROJECTS_T,PM_CCM,STRING
rpt-network-plng,sitetracker_data,ST_ALL_PROJECTS_T,PM_MANAGER,STRING
rpt-network-plng,sitetracker_data,ST_ALL_PROJECTS_T,PM_MANAGER_CUID,STRING
rpt-network-plng,sitetracker_data,ST_ALL_PROJECTS_T,POLYGON_TEAM_NAME,STRING
rpt-network-plng,sitetracker_data,ST_ALL_PROJECTS_T,POLYGON_TEAM_CUID,STRING
rpt-network-plng,sitetracker_data,ST_ALL_PROJECTS_T,POLYGON_ECD,TIMESTAMP
rpt-network-plng,sitetracker_data,ST_ALL_PROJECTS_T,POLYGON_ID,STRING
rpt-network-plng,sitetracker_data,ST_ALL_PROJECTS_T,POLYGON_IN_PRODUCTION_A,TIMESTAMP
rpt-network-plng,sitetracker_data,ST_ALL_PROJECTS_T,POLYGON_IN_PRODUCTION_F,TIMESTAMP
rpt-network-plng,sitetracker_data,ST_ALL_PROJECTS_T,POLYGON_IN_SERVICE,STRING
rpt-network-plng,sitetracker_data,ST_ALL_PROJECTS_T,POM_DECISION_A,TIMESTAMP
rpt-network-plng,sitetracker_data,ST_ALL_PROJECTS_T,POM_DECISION_F,TIMESTAMP
rpt-network-plng,sitetracker_data,ST_ALL_PROJECTS_T,POM_REVIEW_A,TIMESTAMP
rpt-network-plng,sitetracker_data,ST_ALL_PROJECTS_T,POM_REVIEW_F,TIMESTAMP
rpt-network-plng,sitetracker_data,ST_ALL_PROJECTS_T,PORTS,STRING
rpt-network-plng,sitetracker_data,ST_ALL_PROJECTS_T,POSSIBLE_REIMBURSEMENT,NUMERIC
rpt-network-plng,sitetracker_data,ST_ALL_PROJECTS_T,POTS_AMOUNT,NUMERIC
rpt-network-plng,sitetracker_data,ST_ALL_PROJECTS_T,POWER_COMPANY_NAME,STRING
rpt-network-plng,sitetracker_data,ST_ALL_PROJECTS_T,POWER_CO_TRACKING_NUMBER,STRING
rpt-network-plng,sitetracker_data,ST_ALL_PROJECTS_T,POWER_SOURCE,STRING
rpt-network-plng,sitetracker_data,ST_ALL_PROJECTS_T,POWER_SOURCE_LOCATION,STRING
rpt-network-plng,sitetracker_data,ST_ALL_PROJECTS_T,PRELIM_PRICING_SUBMIT_CET_PLANNING_A,TIMESTAMP
rpt-network-plng,sitetracker_data,ST_ALL_PROJECTS_T,PRELIM_PRICING_SUBMIT_CET_PLANNING_F,TIMESTAMP
rpt-network-plng,sitetracker_data,ST_ALL_PROJECTS_T,PRELIMINARY_NETWORK_DESIGN_A,TIMESTAMP
rpt-network-plng,sitetracker_data,ST_ALL_PROJECTS_T,PRELIMINARY_NETWORK_DESIGN_F,TIMESTAMP
rpt-network-plng,sitetracker_data,ST_ALL_PROJECTS_T,PREMISE_EQUIPMENT_INSTALLED_A,TIMESTAMP
rpt-network-plng,sitetracker_data,ST_ALL_PROJECTS_T,PREMISE_EQUIPMENT_INSTALLED_F,TIMESTAMP
rpt-network-plng,sitetracker_data,ST_ALL_PROJECTS_T,PREMISE_READY,TIMESTAMP
rpt-network-plng,sitetracker_data,ST_ALL_PROJECTS_T,PRIOR_RIGHTS_DARK_FIBER_REVIEW_A,TIMESTAMP
rpt-network-plng,sitetracker_data,ST_ALL_PROJECTS_T,PRIOR_RIGHTS_DARK_FIBER_REVIEW_F,TIMESTAMP
rpt-network-plng,sitetracker_data,ST_ALL_PROJECTS_T,PROCEED_WITH_ABANDONMENT_PROCESS_A,TIMESTAMP
rpt-network-plng,sitetracker_data,ST_ALL_PROJECTS_T,PROCEED_WITH_ABANDONMENT_PROCESS_F,TIMESTAMP
rpt-network-plng,sitetracker_data,ST_ALL_PROJECTS_T,PROGRAM_MANAGER_NAME,STRING
rpt-network-plng,sitetracker_data,ST_ALL_PROJECTS_T,PROGRAM_MANAGER_CUID,STRING
rpt-network-plng,sitetracker_data,ST_ALL_PROJECTS_T,PROJECT_AUDIT_COMMENTS,STRING
rpt-network-plng,sitetracker_data,ST_ALL_PROJECTS_T,PROJECT_AUDIT_REQUESTED,NUMERIC
rpt-network-plng,sitetracker_data,ST_ALL_PROJECTS_T,PROJECT_BOUNDARY_CREATED_A,TIMESTAMP
rpt-network-plng,sitetracker_data,ST_ALL_PROJECTS_T,PROJECT_BOUNDARY_CREATED_F,TIMESTAMP
rpt-network-plng,sitetracker_data,ST_ALL_PROJECTS_T,PROJECT_BUDGET_TOTALS,NUMERIC
rpt-network-plng,sitetracker_data,ST_ALL_PROJECTS_T,PROJECT_CLOSE_A,TIMESTAMP
rpt-network-plng,sitetracker_data,ST_ALL_PROJECTS_T,PROJECT_CLOSE_F,TIMESTAMP
rpt-network-plng,sitetracker_data,ST_ALL_PROJECTS_T,PROJECT_EMAIL_RECEIVED,TIMESTAMP
rpt-network-plng,sitetracker_data,ST_ALL_PROJECTS_T,PROJECT_EMAIL_RECEIVED_A,TIMESTAMP
rpt-network-plng,sitetracker_data,ST_ALL_PROJECTS_T,PROJECT_EMAIL_RECEIVED_F,TIMESTAMP
rpt-network-plng,sitetracker_data,ST_ALL_PROJECTS_T,PROJECT_FIBER_AERIAL_FOOTAGE,NUMERIC
rpt-network-plng,sitetracker_data,ST_ALL_PROJECTS_T,PROJECT_FIBER_BURIED_UG_FOOTAGE,NUMERIC
rpt-network-plng,sitetracker_data,ST_ALL_PROJECTS_T,PROJECT_FIBER_FOOTAGE,NUMERIC
rpt-network-plng,sitetracker_data,ST_ALL_PROJECTS_T,PROJECT_FIBER_PLCG_FOOTAGE_COMPLETE,NUMERIC
rpt-network-plng,sitetracker_data,ST_ALL_PROJECTS_T,PROJECT_FIBER_PLCG_PERCENTAGE,NUMERIC
rpt-network-plng,sitetracker_data,ST_ALL_PROJECTS_T,PROJECT_FIBER_SPL_FOOTAGE_COMPLETE,NUMERIC
rpt-network-plng,sitetracker_data,ST_ALL_PROJECTS_T,PROJECT_FIBER_SPL_PERCENTAGE,NUMERIC
rpt-network-plng,sitetracker_data,ST_ALL_PROJECTS_T,PROJECT_HOLD_FORECASTED_RELEASE_DATE,TIMESTAMP
rpt-network-plng,sitetracker_data,ST_ALL_PROJECTS_T,PROJECT_INITIATED_A,TIMESTAMP
rpt-network-plng,sitetracker_data,ST_ALL_PROJECTS_T,PROJECT_INITIATED_F,TIMESTAMP
rpt-network-plng,sitetracker_data,ST_ALL_PROJECTS_T,PROJECT_INITIATED_IN_SAP_FIREWORKS_A,TIMESTAMP
rpt-network-plng,sitetracker_data,ST_ALL_PROJECTS_T,PROJECT_INITIATED_IN_SAP_FIREWORKS_F,TIMESTAMP
rpt-network-plng,sitetracker_data,ST_ALL_PROJECTS_T,PROJECT_INITIATED_IN_SAP,STRING
rpt-network-plng,sitetracker_data,ST_ALL_PROJECTS_T,PROJECT_KICK_OFF_COMPLETED_A,TIMESTAMP
rpt-network-plng,sitetracker_data,ST_ALL_PROJECTS_T,PROJECT_KICK_OFF_COMPLETED_F,TIMESTAMP
rpt-network-plng,sitetracker_data,ST_ALL_PROJECTS_T,PROJECT_ON_TIME,STRING
rpt-network-plng,sitetracker_data,ST_ALL_PROJECTS_T,PROJECT_REDLINES_COMPLETED_A,TIMESTAMP
rpt-network-plng,sitetracker_data,ST_ALL_PROJECTS_T,PROJECT_REDLINES_COMPLETED_F,TIMESTAMP
rpt-network-plng,sitetracker_data,ST_ALL_PROJECTS_T,PROJECT_REIMBURSEMENT_INDICATED_A,TIMESTAMP
rpt-network-plng,sitetracker_data,ST_ALL_PROJECTS_T,PROJECT_REIMBURSEMENT_INDICATED_F,TIMESTAMP
rpt-network-plng,sitetracker_data,ST_ALL_PROJECTS_T,PROJECT_START_CX,NUMERIC
rpt-network-plng,sitetracker_data,ST_ALL_PROJECTS_T,PROJECT_TARGET,STRING
rpt-network-plng,sitetracker_data,ST_ALL_PROJECTS_T,PTA_POLE_APPLICATION_SUBMITTED_A,TIMESTAMP
rpt-network-plng,sitetracker_data,ST_ALL_PROJECTS_T,PTA_POLE_APPLICATION_SUBMITTED_F,TIMESTAMP
rpt-network-plng,sitetracker_data,ST_ALL_PROJECTS_T,PTA_RECEIVED_FROM_POLE_OWNER_A,TIMESTAMP
rpt-network-plng,sitetracker_data,ST_ALL_PROJECTS_T,PTA_RECEIVED_FROM_POLE_OWNER_F,TIMESTAMP
rpt-network-plng,sitetracker_data,ST_ALL_PROJECTS_T,PUN_FORM_A,TIMESTAMP
rpt-network-plng,sitetracker_data,ST_ALL_PROJECTS_T,PUN_FORM_F,TIMESTAMP
rpt-network-plng,sitetracker_data,ST_ALL_PROJECTS_T,QF_AUTOMATION_POSTED_TO_TOP_A,TIMESTAMP
rpt-network-plng,sitetracker_data,ST_ALL_PROJECTS_T,QF_AUTOMATION_POSTED_TO_TOP_F,TIMESTAMP
rpt-network-plng,sitetracker_data,ST_ALL_PROJECTS_T,QUANTUM_FIBER_PROJECT_COMPLETE_A,TIMESTAMP
rpt-network-plng,sitetracker_data,ST_ALL_PROJECTS_T,QUANTUM_FIBER_PROJECT_COMPLETE_F,TIMESTAMP
rpt-network-plng,sitetracker_data,ST_ALL_PROJECTS_T,RDMV_CAPGOV_MONTHLY_SUBMISSION,STRING
rpt-network-plng,sitetracker_data,ST_ALL_PROJECTS_T,RECORD_UPDATES_FINAL_POST_A,TIMESTAMP
rpt-network-plng,sitetracker_data,ST_ALL_PROJECTS_T,RECORD_UPDATES_FINAL_POST_F,TIMESTAMP
rpt-network-plng,sitetracker_data,ST_ALL_PROJECTS_T,RECORD_UPDATES_FINAL_POST_LARGE_A,TIMESTAMP
rpt-network-plng,sitetracker_data,ST_ALL_PROJECTS_T,RECORD_UPDATES_FINAL_POST_LARGE_F,TIMESTAMP
rpt-network-plng,sitetracker_data,ST_ALL_PROJECTS_T,RECORD_UPDATES_FINAL_POST_SIMPLE_A,TIMESTAMP
rpt-network-plng,sitetracker_data,ST_ALL_PROJECTS_T,RECORD_UPDATES_FINAL_POST_SIMPLE_F,TIMESTAMP
rpt-network-plng,sitetracker_data,ST_ALL_PROJECTS_T,RECORD_UPDATES_FINAL_POST_SMALL_A,TIMESTAMP
rpt-network-plng,sitetracker_data,ST_ALL_PROJECTS_T,RECORD_UPDATES_FINAL_POST_SMALL_F,TIMESTAMP
rpt-network-plng,sitetracker_data,ST_ALL_PROJECTS_T,RECORD_UPDATES_FINAL_POST_SPECIAL_A,TIMESTAMP
rpt-network-plng,sitetracker_data,ST_ALL_PROJECTS_T,RECORD_UPDATES_FINAL_POST_SPECIAL_F,TIMESTAMP
rpt-network-plng,sitetracker_data,ST_ALL_PROJECTS_T,REDUCE_CABLE_SIZE_COMMENTS_N,STRING
rpt-network-plng,sitetracker_data,ST_ALL_PROJECTS_T,REDUCE_CABLE_SIZE_N,STRING
rpt-network-plng,sitetracker_data,ST_ALL_PROJECTS_T,REDUCE_CABLE_SIZES,STRING
rpt-network-plng,sitetracker_data,ST_ALL_PROJECTS_T,REDUCE_CABLE_SIZES_COMMENTS,STRING
rpt-network-plng,sitetracker_data,ST_ALL_PROJECTS_T,REDUCE_COST,STRING
rpt-network-plng,sitetracker_data,ST_ALL_PROJECTS_T,REDUCE_COST_ALT_PLACEMENT_COMMENTS_N,STRING
rpt-network-plng,sitetracker_data,ST_ALL_PROJECTS_T,REDUCE_COST_W_ALT_PLACEMENT_COMMENTS,STRING
rpt-network-plng,sitetracker_data,ST_ALL_PROJECTS_T,REDUCE_COST_W_ALTERNATE_PLACEMENT,STRING
rpt-network-plng,sitetracker_data,ST_ALL_PROJECTS_T,REDUCE_COST_W_ALTERNATE_PLACEMENT_N,STRING
rpt-network-plng,sitetracker_data,ST_ALL_PROJECTS_T,REDUCED_COST_WITH_ELECTRONIC_SOLUTION,STRING
rpt-network-plng,sitetracker_data,ST_ALL_PROJECTS_T,REIMBURSABLE_PM_NAME,STRING
rpt-network-plng,sitetracker_data,ST_ALL_PROJECTS_T,REIMBURSABLE_PM_CUID,STRING
rpt-network-plng,sitetracker_data,ST_ALL_PROJECTS_T,REIMBURSABLE_PM_CONFIRM_PRIOR_RIGHTS_A,TIMESTAMP
rpt-network-plng,sitetracker_data,ST_ALL_PROJECTS_T,REIMBURSABLE_PM_CONFIRM_PRIOR_RIGHTS_F,TIMESTAMP
rpt-network-plng,sitetracker_data,ST_ALL_PROJECTS_T,REIMBURSEMENT_AMOUNT,NUMERIC
rpt-network-plng,sitetracker_data,ST_ALL_PROJECTS_T,REIMBURSEMENT_AMOUNT_N,NUMERIC
rpt-network-plng,sitetracker_data,ST_ALL_PROJECTS_T,REIMBURSEMENT_RECEIPT_A,TIMESTAMP
rpt-network-plng,sitetracker_data,ST_ALL_PROJECTS_T,REIMBURSEMENT_RECEIPT_F,TIMESTAMP
rpt-network-plng,sitetracker_data,ST_ALL_PROJECTS_T,REL_TO_CONST_SLA,NUMERIC
rpt-network-plng,sitetracker_data,ST_ALL_PROJECTS_T,RELATED_FIBER_AERIAL_FOOTAGE,NUMERIC
rpt-network-plng,sitetracker_data,ST_ALL_PROJECTS_T,RELATED_FIBER_BURIED_UG_FOOTAGE,NUMERIC
rpt-network-plng,sitetracker_data,ST_ALL_PROJECTS_T,RELATED_FIBER_FOOTAGE,NUMERIC
rpt-network-plng,sitetracker_data,ST_ALL_PROJECTS_T,RELATED_FIBER_PLCG_FOOTAGE_COMPLETE,NUMERIC
rpt-network-plng,sitetracker_data,ST_ALL_PROJECTS_T,RELATED_FIBER_PLCG_PERCENTAGE,NUMERIC
rpt-network-plng,sitetracker_data,ST_ALL_PROJECTS_T,RELATED_FIBER_SPL_FOOTAGE_COMPLETE,NUMERIC
rpt-network-plng,sitetracker_data,ST_ALL_PROJECTS_T,RELATED_FIBER_SPL_PERCENTAGE,NUMERIC
rpt-network-plng,sitetracker_data,ST_ALL_PROJECTS_T,RELATED_PROJECT_S_IMPLEMENTATION_A,TIMESTAMP
rpt-network-plng,sitetracker_data,ST_ALL_PROJECTS_T,RELATED_PROJECT_S_IMPLEMENTATION_F,TIMESTAMP
rpt-network-plng,sitetracker_data,ST_ALL_PROJECTS_T,RELAY_RACK,STRING
rpt-network-plng,sitetracker_data,ST_ALL_PROJECTS_T,RELEASE_ORD_TO_DATA_DSC_OMC_LARGE_A,TIMESTAMP
rpt-network-plng,sitetracker_data,ST_ALL_PROJECTS_T,RELEASE_ORD_TO_DATA_DSC_OMC_LARGE_F,TIMESTAMP
rpt-network-plng,sitetracker_data,ST_ALL_PROJECTS_T,RELEASE_ORD_TO_DATA_DSC_OMC_SIMPLE_A,TIMESTAMP
rpt-network-plng,sitetracker_data,ST_ALL_PROJECTS_T,RELEASE_ORD_TO_DATA_DSC_OMC_SIMPLE_F,TIMESTAMP
rpt-network-plng,sitetracker_data,ST_ALL_PROJECTS_T,RELEASE_ORD_TO_DATA_DSC_OMC_SMALL_A,TIMESTAMP
rpt-network-plng,sitetracker_data,ST_ALL_PROJECTS_T,RELEASE_ORD_TO_DATA_DSC_OMC_SPECIAL_A,TIMESTAMP
rpt-network-plng,sitetracker_data,ST_ALL_PROJECTS_T,RELEASE_ORD_TO_DATA_DSC_OMC_SMALL_F,TIMESTAMP
rpt-network-plng,sitetracker_data,ST_ALL_PROJECTS_T,RELEASE_ORD_TO_DATA_DSC_OMC_SPECIAL_F,TIMESTAMP
rpt-network-plng,sitetracker_data,ST_ALL_PROJECTS_T,RELEASED_TO_CONSTRUCTION_A,TIMESTAMP
rpt-network-plng,sitetracker_data,ST_ALL_PROJECTS_T,RELEASED_TO_CONSTRUCTION_F,TIMESTAMP
rpt-network-plng,sitetracker_data,ST_ALL_PROJECTS_T,RELO_BUSINESS_ANALYST_NAME,STRING
rpt-network-plng,sitetracker_data,ST_ALL_PROJECTS_T,RELO_BUSINESS_ANALYST_CUID,STRING
rpt-network-plng,sitetracker_data,ST_ALL_PROJECTS_T,RELO_SPOC_NAME,STRING
rpt-network-plng,sitetracker_data,ST_ALL_PROJECTS_T,RELO_SPOC_CUID,STRING
rpt-network-plng,sitetracker_data,ST_ALL_PROJECTS_T,RELO_BA_DIRECT_REPORT,NUMERIC
rpt-network-plng,sitetracker_data,ST_ALL_PROJECTS_T,RELO_COMPLETE_CYCLE,NUMERIC
rpt-network-plng,sitetracker_data,ST_ALL_PROJECTS_T,RELO_CX_TO_FINISH,NUMERIC
rpt-network-plng,sitetracker_data,ST_ALL_PROJECTS_T,RELO_DESIGN_TO_CX,NUMERIC
rpt-network-plng,sitetracker_data,ST_ALL_PROJECTS_T,RELO_PLAN_STARTS_A,TIMESTAMP
rpt-network-plng,sitetracker_data,ST_ALL_PROJECTS_T,RELO_PLAN_STARTS_F,TIMESTAMP
rpt-network-plng,sitetracker_data,ST_ALL_PROJECTS_T,RELO_START_TO,NUMERIC
rpt-network-plng,sitetracker_data,ST_ALL_PROJECTS_T,RELO_UTILITY_MAP_TO_REQUESTOR_A,TIMESTAMP
rpt-network-plng,sitetracker_data,ST_ALL_PROJECTS_T,RELO_UTILITY_MAP_TO_REQUESTOR_F,TIMESTAMP
rpt-network-plng,sitetracker_data,ST_ALL_PROJECTS_T,REQUESTING_AGENCY_PROJECT_ID,STRING
rpt-network-plng,sitetracker_data,ST_ALL_PROJECTS_T,REQUIRED_APPR_TO_AVOID_COMPANY,STRING
rpt-network-plng,sitetracker_data,ST_ALL_PROJECTS_T,REROUTE_OR_REFEED_OPTION_COMMENTS,STRING
rpt-network-plng,sitetracker_data,ST_ALL_PROJECTS_T,REROUTE_OR_REFEED_OPTION_COMMENTS_N,STRING
rpt-network-plng,sitetracker_data,ST_ALL_PROJECTS_T,RESERVE_REIMBURSABLE_RIGHTS_A,TIMESTAMP
rpt-network-plng,sitetracker_data,ST_ALL_PROJECTS_T,RESERVE_REIMBURSABLE_RIGHTS_F,TIMESTAMP
rpt-network-plng,sitetracker_data,ST_ALL_PROJECTS_T,RESPOND_TO_REQUESTOR_WITH_IMPACT_A,TIMESTAMP
rpt-network-plng,sitetracker_data,ST_ALL_PROJECTS_T,RESPOND_TO_REQUESTOR_WITH_IMPACT_F,TIMESTAMP
rpt-network-plng,sitetracker_data,ST_ALL_PROJECTS_T,REVIEW_IN_STAGING_A,TIMESTAMP
rpt-network-plng,sitetracker_data,ST_ALL_PROJECTS_T,REVIEW_IN_STAGING_F,TIMESTAMP
rpt-network-plng,sitetracker_data,ST_ALL_PROJECTS_T,REVIEW_INPUT_PROJECT_DATA_A,TIMESTAMP
rpt-network-plng,sitetracker_data,ST_ALL_PROJECTS_T,REVIEW_INPUT_PROJECT_DATA_F,TIMESTAMP
rpt-network-plng,sitetracker_data,ST_ALL_PROJECTS_T,REVIEW_PRINTS_ACCEPT_ASSIGN_JOB_A,TIMESTAMP
rpt-network-plng,sitetracker_data,ST_ALL_PROJECTS_T,REVIEW_PRINTS_ACCEPT_ASSIGN_JOB_F,TIMESTAMP
rpt-network-plng,sitetracker_data,ST_ALL_PROJECTS_T,REVIEW_PRINTS_ASSIGN_JOB_SPECIAL_A,TIMESTAMP
rpt-network-plng,sitetracker_data,ST_ALL_PROJECTS_T,REVIEW_PRINTS_ASSIGN_JOB_SPECIAL_F,TIMESTAMP
rpt-network-plng,sitetracker_data,ST_ALL_PROJECTS_T,REVIEW_SOW_FILE_DOCUMENTS_A,TIMESTAMP
rpt-network-plng,sitetracker_data,ST_ALL_PROJECTS_T,REVIEW_SOW_FILE_DOCUMENTS_F,TIMESTAMP
rpt-network-plng,sitetracker_data,ST_ALL_PROJECTS_T,REVIEW_STATE_SPECIFIC_REQUIREMENTS_A,TIMESTAMP
rpt-network-plng,sitetracker_data,ST_ALL_PROJECTS_T,REVIEW_STATE_SPECIFIC_REQUIREMENTS_F,TIMESTAMP
rpt-network-plng,sitetracker_data,ST_ALL_PROJECTS_T,ROW_PLACEMENT_OF_OUR_FACILITY,STRING
rpt-network-plng,sitetracker_data,ST_ALL_PROJECTS_T,SA_TECHS_LOADED_A,TIMESTAMP
rpt-network-plng,sitetracker_data,ST_ALL_PROJECTS_T,SA_TECHS_LOADED_F,TIMESTAMP
rpt-network-plng,sitetracker_data,ST_ALL_PROJECTS_T,SALES_ENGINEER_NAME,STRING
rpt-network-plng,sitetracker_data,ST_ALL_PROJECTS_T,SALES_ENGINEER_CUID,STRING
rpt-network-plng,sitetracker_data,ST_ALL_PROJECTS_T,SALES_HANDOFF_TO_ENGINEERING_A,TIMESTAMP
rpt-network-plng,sitetracker_data,ST_ALL_PROJECTS_T,SALES_HANDOFF_TO_ENGINEERING_F,TIMESTAMP
rpt-network-plng,sitetracker_data,ST_ALL_PROJECTS_T,SALES_OSR_CONTACT,STRING
rpt-network-plng,sitetracker_data,ST_ALL_PROJECTS_T,SALES_SIGNED_CONTRACT_RECEIVED_A,TIMESTAMP
rpt-network-plng,sitetracker_data,ST_ALL_PROJECTS_T,SALES_SIGNED_CONTRACT_RECEIVED_F,TIMESTAMP
rpt-network-plng,sitetracker_data,ST_ALL_PROJECTS_T,SAP_SYSTEM_STATUS,STRING
rpt-network-plng,sitetracker_data,ST_ALL_PROJECTS_T,SAVINGS,NUMERIC
rpt-network-plng,sitetracker_data,ST_ALL_PROJECTS_T,SCOPE_OF_WORK_DEFINED_A,TIMESTAMP
rpt-network-plng,sitetracker_data,ST_ALL_PROJECTS_T,SCOPE_OF_WORK_DEFINED_F,TIMESTAMP
rpt-network-plng,sitetracker_data,ST_ALL_PROJECTS_T,SCOPE_OF_WORK_REVIEW_A,TIMESTAMP
rpt-network-plng,sitetracker_data,ST_ALL_PROJECTS_T,SCOPE_OF_WORK_REVIEW_F,TIMESTAMP
rpt-network-plng,sitetracker_data,ST_ALL_PROJECTS_T,SCOPEREVIEW_CX,NUMERIC
rpt-network-plng,sitetracker_data,ST_ALL_PROJECTS_T,SCOPEREVIEWSLA,NUMERIC
rpt-network-plng,sitetracker_data,ST_ALL_PROJECTS_T,SEGMENT,STRING
rpt-network-plng,sitetracker_data,ST_ALL_PROJECTS_T,SELECT_CORRECT_BUILD_TYPE,STRING
rpt-network-plng,sitetracker_data,ST_ALL_PROJECTS_T,SELECT_THE_REQUIRED_FIELDS_NEEDED,STRING
rpt-network-plng,sitetracker_data,ST_ALL_PROJECTS_T,SEND_RESPONSE_LETTER_TO_REQUESTOR_A,TIMESTAMP
rpt-network-plng,sitetracker_data,ST_ALL_PROJECTS_T,SEND_RESPONSE_LETTER_TO_REQUESTOR_F,TIMESTAMP
rpt-network-plng,sitetracker_data,ST_ALL_PROJECTS_T,SENT_TO_FINANCE_FOR_CAP_GOV_REVIEW,NUMERIC
rpt-network-plng,sitetracker_data,ST_ALL_PROJECTS_T,SERVICE_AREA,STRING
rpt-network-plng,sitetracker_data,ST_ALL_PROJECTS_T,SHELF,STRING
rpt-network-plng,sitetracker_data,ST_ALL_PROJECTS_T,SITE_NAME,STRING
rpt-network-plng,sitetracker_data,ST_ALL_PROJECTS_T,SITE_SURVEY_COMPLETE_A,TIMESTAMP
rpt-network-plng,sitetracker_data,ST_ALL_PROJECTS_T,SITE_SURVEY_COMPLETE_F,TIMESTAMP
rpt-network-plng,sitetracker_data,ST_ALL_PROJECTS_T,SITE_SURVEY_ISSUED_TO_FIELD_A,TIMESTAMP
rpt-network-plng,sitetracker_data,ST_ALL_PROJECTS_T,SITE_SURVEY_ISSUED_TO_FIELD_F,TIMESTAMP
rpt-network-plng,sitetracker_data,ST_ALL_PROJECTS_T,SITE_SURVEY_SCHEDULED_A,TIMESTAMP
rpt-network-plng,sitetracker_data,ST_ALL_PROJECTS_T,SITE_SURVEY_SCHEDULED_F,TIMESTAMP
rpt-network-plng,sitetracker_data,ST_ALL_PROJECTS_T,SITETRACKER_PM_NAME,STRING
rpt-network-plng,sitetracker_data,ST_ALL_PROJECTS_T,SITETRACKER_PM_CUID,STRING
rpt-network-plng,sitetracker_data,ST_ALL_PROJECTS_T,SI_REVIEW_IN_STAGING_A,TIMESTAMP
rpt-network-plng,sitetracker_data,ST_ALL_PROJECTS_T,SI_REVIEW_IN_STAGING_F,TIMESTAMP
rpt-network-plng,sitetracker_data,ST_ALL_PROJECTS_T,SITE_LAUNCH,STRING
rpt-network-plng,sitetracker_data,ST_ALL_PROJECTS_T,SITE_VISIT_COMPLETED_A,TIMESTAMP
rpt-network-plng,sitetracker_data,ST_ALL_PROJECTS_T,SITE_VISIT_COMPLETED_F,TIMESTAMP
rpt-network-plng,sitetracker_data,ST_ALL_PROJECTS_T,SL,STRING
rpt-network-plng,sitetracker_data,ST_ALL_PROJECTS_T,SL_COMPLETE_A,TIMESTAMP
rpt-network-plng,sitetracker_data,ST_ALL_PROJECTS_T,SL_COMPLETE_F,TIMESTAMP
rpt-network-plng,sitetracker_data,ST_ALL_PROJECTS_T,SOLICIT_PROJECT_BIDS_A,TIMESTAMP
rpt-network-plng,sitetracker_data,ST_ALL_PROJECTS_T,SOLICIT_PROJECT_BIDS_F,TIMESTAMP
rpt-network-plng,sitetracker_data,ST_ALL_PROJECTS_T,SOURCE,STRING
rpt-network-plng,sitetracker_data,ST_ALL_PROJECTS_T,SOW_FORM,STRING
rpt-network-plng,sitetracker_data,ST_ALL_PROJECTS_T,SOW_CREATED_BY_NAME,STRING
rpt-network-plng,sitetracker_data,ST_ALL_PROJECTS_T,SOW_CREATED_BY_CUID,STRING
rpt-network-plng,sitetracker_data,ST_ALL_PROJECTS_T,SOW_CREATED_DATE,TIMESTAMP
rpt-network-plng,sitetracker_data,ST_ALL_PROJECTS_T,SOW_FORM_NOT_SAME_AS_COMMUNITY,NUMERIC
rpt-network-plng,sitetracker_data,ST_ALL_PROJECTS_T,SOW_AND_FUNDING_HAS_BEEN_CONFIRMED_A,TIMESTAMP
rpt-network-plng,sitetracker_data,ST_ALL_PROJECTS_T,SOW_AND_FUNDING_HAS_BEEN_CONFIRMED_F,TIMESTAMP
rpt-network-plng,sitetracker_data,ST_ALL_PROJECTS_T,SOW_LAST_MODIFIED_BY_NAME,STRING
rpt-network-plng,sitetracker_data,ST_ALL_PROJECTS_T,SOW_LAST_MODIFIED_BY_CUID,STRING
rpt-network-plng,sitetracker_data,ST_ALL_PROJECTS_T,SOW_LAST_MODIFIED_DATE,TIMESTAMP
rpt-network-plng,sitetracker_data,ST_ALL_PROJECTS_T,SPLICING_SUPERVISOR_NAME,STRING
rpt-network-plng,sitetracker_data,ST_ALL_PROJECTS_T,SPLICING_SUPERVISOR_CUID,STRING
rpt-network-plng,sitetracker_data,ST_ALL_PROJECTS_T,SPLICING_A,TIMESTAMP
rpt-network-plng,sitetracker_data,ST_ALL_PROJECTS_T,SPLICING_F,TIMESTAMP
rpt-network-plng,sitetracker_data,ST_ALL_PROJECTS_T,SPLICING_LARGE_A,TIMESTAMP
rpt-network-plng,sitetracker_data,ST_ALL_PROJECTS_T,SPLICING_LARGE_F,TIMESTAMP
rpt-network-plng,sitetracker_data,ST_ALL_PROJECTS_T,SPLICING_SMALL_A,TIMESTAMP
rpt-network-plng,sitetracker_data,ST_ALL_PROJECTS_T,SPLICING_SMALL_F,TIMESTAMP
rpt-network-plng,sitetracker_data,ST_ALL_PROJECTS_T,SPLICING_SPECIAL_A,TIMESTAMP
rpt-network-plng,sitetracker_data,ST_ALL_PROJECTS_T,SPLICING_SPECIAL_F,TIMESTAMP
rpt-network-plng,sitetracker_data,ST_ALL_PROJECTS_T,SPLITTER_SIZE,STRING
rpt-network-plng,sitetracker_data,ST_ALL_PROJECTS_T,START_TO_FINISH,NUMERIC
rpt-network-plng,sitetracker_data,ST_ALL_PROJECTS_T,STEP_1_BUSINESS_OPERATIONS_TEAM_A,TIMESTAMP
rpt-network-plng,sitetracker_data,ST_ALL_PROJECTS_T,STEP_1_BUSINESS_OPERATIONS_TEAM_F,TIMESTAMP
rpt-network-plng,sitetracker_data,ST_ALL_PROJECTS_T,STEP_2_SI_A,TIMESTAMP
rpt-network-plng,sitetracker_data,ST_ALL_PROJECTS_T,STEP_2_SI_F,TIMESTAMP
rpt-network-plng,sitetracker_data,ST_ALL_PROJECTS_T,SUBMISSION_STATUS,STRING
rpt-network-plng,sitetracker_data,ST_ALL_PROJECTS_T,SUBMIT_SPLICING_CUTOVER_A,TIMESTAMP
rpt-network-plng,sitetracker_data,ST_ALL_PROJECTS_T,SUBMIT_SPLICING_CUTOVER_F,TIMESTAMP
rpt-network-plng,sitetracker_data,ST_ALL_PROJECTS_T,SUBMIT_TO_REG_IF_PLAN_IS_TO_ABANDON_A,TIMESTAMP
rpt-network-plng,sitetracker_data,ST_ALL_PROJECTS_T,SUBMIT_TO_REG_IF_PLAN_IS_TO_ABANDON_F,TIMESTAMP
rpt-network-plng,sitetracker_data,ST_ALL_PROJECTS_T,SUBMITS_PROPOSAL_TO_DEVELOPER_A,TIMESTAMP
rpt-network-plng,sitetracker_data,ST_ALL_PROJECTS_T,SUBMITS_PROPOSAL_TO_DEVELOPER_F,TIMESTAMP
rpt-network-plng,sitetracker_data,ST_ALL_PROJECTS_T,SUBMITTED_ON_TIME,STRING
rpt-network-plng,sitetracker_data,ST_ALL_PROJECTS_T,SUBMITTED_TO_PROD_A,TIMESTAMP
rpt-network-plng,sitetracker_data,ST_ALL_PROJECTS_T,SUBMITTED_TO_PROD_F,TIMESTAMP
rpt-network-plng,sitetracker_data,ST_ALL_PROJECTS_T,SUBMITTED_TO_STAGING_A,TIMESTAMP
rpt-network-plng,sitetracker_data,ST_ALL_PROJECTS_T,SUBMITTED_TO_STAGING_F,TIMESTAMP
rpt-network-plng,sitetracker_data,ST_ALL_PROJECTS_T,SUCCESS_IN_PROD_A,TIMESTAMP
rpt-network-plng,sitetracker_data,ST_ALL_PROJECTS_T,SUCCESS_IN_PROD_F,TIMESTAMP
rpt-network-plng,sitetracker_data,ST_ALL_PROJECTS_T,SUM_OF_LUS,STRING
rpt-network-plng,sitetracker_data,ST_ALL_PROJECTS_T,TDM_REQUIRED,STRING
rpt-network-plng,sitetracker_data,ST_ALL_PROJECTS_T,TECH_RESOURCES_IN_SALESFORCE,STRING
rpt-network-plng,sitetracker_data,ST_ALL_PROJECTS_T,TECHNICALLY_COMPLETE_A,TIMESTAMP
rpt-network-plng,sitetracker_data,ST_ALL_PROJECTS_T,TECHNICALLY_COMPLETE_F,TIMESTAMP
rpt-network-plng,sitetracker_data,ST_ALL_PROJECTS_T,TECHNICALLY_COMPLETE_LARGE_A,TIMESTAMP
rpt-network-plng,sitetracker_data,ST_ALL_PROJECTS_T,TECHNICALLY_COMPLETE_LARGE_F,TIMESTAMP
rpt-network-plng,sitetracker_data,ST_ALL_PROJECTS_T,TECHNICALLY_COMPLETE_SIMPLE_A,TIMESTAMP
rpt-network-plng,sitetracker_data,ST_ALL_PROJECTS_T,TECHNICALLY_COMPLETE_SIMPLE_F,TIMESTAMP
rpt-network-plng,sitetracker_data,ST_ALL_PROJECTS_T,TECHNICALLY_COMPLETE_SMALL_A,TIMESTAMP
rpt-network-plng,sitetracker_data,ST_ALL_PROJECTS_T,TECHNICALLY_COMPLETE_SMALL_F,TIMESTAMP
rpt-network-plng,sitetracker_data,ST_ALL_PROJECTS_T,TECHNICALLY_COMPLETE_SPECIAL_A,TIMESTAMP
rpt-network-plng,sitetracker_data,ST_ALL_PROJECTS_T,TECHNICALLY_COMPLETE_SPECIAL_F,TIMESTAMP
rpt-network-plng,sitetracker_data,ST_ALL_PROJECTS_T,TECO_TO_CLOSE,NUMERIC
rpt-network-plng,sitetracker_data,ST_ALL_PROJECTS_T,TERM,NUMERIC
rpt-network-plng,sitetracker_data,ST_ALL_PROJECTS_T,TEST_TURN_UP_A,TIMESTAMP
rpt-network-plng,sitetracker_data,ST_ALL_PROJECTS_T,TEST_TURN_UP_F,TIMESTAMP
rpt-network-plng,sitetracker_data,ST_ALL_PROJECTS_T,THIRD_PARTY_MAKE_READY_ESTIMATE_COMPLETE,TIMESTAMP
rpt-network-plng,sitetracker_data,ST_ALL_PROJECTS_T,TID,STRING
rpt-network-plng,sitetracker_data,ST_ALL_PROJECTS_T,TIE_PAIR_NAME,STRING
rpt-network-plng,sitetracker_data,ST_ALL_PROJECTS_T,TOTAL_APPROVED_BUDGET_PLAN_AMOUNT,NUMERIC
rpt-network-plng,sitetracker_data,ST_ALL_PROJECTS_T,TOTAL_CAPITAL_REQUEST,NUMERIC
rpt-network-plng,sitetracker_data,ST_ALL_PROJECTS_T,TOTAL_FIBER_AERIAL_FOOTAGE,NUMERIC
rpt-network-plng,sitetracker_data,ST_ALL_PROJECTS_T,TOTAL_FIBER_BURIED_UG_FOOTAGE,NUMERIC
rpt-network-plng,sitetracker_data,ST_ALL_PROJECTS_T,TOTAL_FIBER_FOOTAGE,NUMERIC
rpt-network-plng,sitetracker_data,ST_ALL_PROJECTS_T,TOTAL_FIBER_PLCG_FOOTAGE_COMPLETE,NUMERIC
rpt-network-plng,sitetracker_data,ST_ALL_PROJECTS_T,TOTAL_FIBER_PLCG_PERCENTAGE,NUMERIC
rpt-network-plng,sitetracker_data,ST_ALL_PROJECTS_T,TOTAL_FIBER_SPL_FOOTAGE_COMPLETE,NUMERIC
rpt-network-plng,sitetracker_data,ST_ALL_PROJECTS_T,TOTAL_FIBER_SPL_PERCENTAGE,NUMERIC
rpt-network-plng,sitetracker_data,ST_ALL_PROJECTS_T,TOTAL_MONTHLY_REVENUE,NUMERIC
rpt-network-plng,sitetracker_data,ST_ALL_PROJECTS_T,TOTAL_MONTHLY_REVENUE_N,NUMERIC
rpt-network-plng,sitetracker_data,ST_ALL_PROJECTS_T,TOTAL_PLANNED_AMOUNT,NUMERIC
rpt-network-plng,sitetracker_data,ST_ALL_PROJECTS_T,TRENCH_TYPE,STRING
rpt-network-plng,sitetracker_data,ST_ALL_PROJECTS_T,TRIGGER_POLYGON_TEAM,NUMERIC
rpt-network-plng,sitetracker_data,ST_ALL_PROJECTS_T,TURNED_UP_MARKET_LAUNCH_A,TIMESTAMP
rpt-network-plng,sitetracker_data,ST_ALL_PROJECTS_T,TURNED_UP_MARKET_LAUNCH_F,TIMESTAMP
rpt-network-plng,sitetracker_data,ST_ALL_PROJECTS_T,UPLOAD_ASBUILTS_A,TIMESTAMP
rpt-network-plng,sitetracker_data,ST_ALL_PROJECTS_T,UPLOAD_ASBUILTS_F,TIMESTAMP
rpt-network-plng,sitetracker_data,ST_ALL_PROJECTS_T,UPLOAD_ASBUILTS_LARGE_A,TIMESTAMP
rpt-network-plng,sitetracker_data,ST_ALL_PROJECTS_T,UPLOAD_ASBUILTS_LARGE_F,TIMESTAMP
rpt-network-plng,sitetracker_data,ST_ALL_PROJECTS_T,UPLOAD_ASBUILTS_SIMPLE_A,TIMESTAMP
rpt-network-plng,sitetracker_data,ST_ALL_PROJECTS_T,UPLOAD_ASBUILTS_SIMPLE_F,TIMESTAMP
rpt-network-plng,sitetracker_data,ST_ALL_PROJECTS_T,UPLOAD_ASBUILTS_SMALL_A,TIMESTAMP
rpt-network-plng,sitetracker_data,ST_ALL_PROJECTS_T,UPLOAD_ASBUILTS_SMALL_F,TIMESTAMP
rpt-network-plng,sitetracker_data,ST_ALL_PROJECTS_T,UPLOAD_ASBUILTS_SPECIAL_A,TIMESTAMP
rpt-network-plng,sitetracker_data,ST_ALL_PROJECTS_T,UPLOAD_ASBUILTS_SPECIAL_F,TIMESTAMP
rpt-network-plng,sitetracker_data,ST_ALL_PROJECTS_T,VALIDATE_QUAL_TYPE_IN_THE_QF_PORTAL_A,TIMESTAMP
rpt-network-plng,sitetracker_data,ST_ALL_PROJECTS_T,VALIDATE_QUAL_TYPE_IN_THE_QF_PORTAL_F,TIMESTAMP
rpt-network-plng,sitetracker_data,ST_ALL_PROJECTS_T,VALIDATE_ROUTE_A,TIMESTAMP
rpt-network-plng,sitetracker_data,ST_ALL_PROJECTS_T,VALIDATE_ROUTE_F,TIMESTAMP
rpt-network-plng,sitetracker_data,ST_ALL_PROJECTS_T,VALIDATE_ROUTE_SPECIAL_A,TIMESTAMP
rpt-network-plng,sitetracker_data,ST_ALL_PROJECTS_T,VALIDATE_ROUTE_SPECIAL_F,TIMESTAMP
rpt-network-plng,sitetracker_data,ST_ALL_PROJECTS_T,VENDOR_ASSIGNMENT_A,TIMESTAMP
rpt-network-plng,sitetracker_data,ST_ALL_PROJECTS_T,VENDOR_ASSIGNMENT_F,TIMESTAMP
rpt-network-plng,sitetracker_data,ST_ALL_PROJECTS_T,VENDOR_COMMITMENT_CONFIRMED_A,TIMESTAMP
rpt-network-plng,sitetracker_data,ST_ALL_PROJECTS_T,VENDOR_COMMITMENT_CONFIRMED_F,TIMESTAMP
rpt-network-plng,sitetracker_data,ST_ALL_PROJECTS_T,VENDOR_MATERIALS_ORDERED_A,TIMESTAMP
rpt-network-plng,sitetracker_data,ST_ALL_PROJECTS_T,VENDOR_MATERIALS_ORDERED_F,TIMESTAMP
rpt-network-plng,sitetracker_data,ST_ALL_PROJECTS_T,VENDOR_MATERIALS_RECEIVED_A,TIMESTAMP
rpt-network-plng,sitetracker_data,ST_ALL_PROJECTS_T,VENDOR_MATERIALS_RECEIVED_F,TIMESTAMP
rpt-network-plng,sitetracker_data,ST_ALL_PROJECTS_T,VENDOR_CONTRACT_ASSIGNMENT,STRING
rpt-network-plng,sitetracker_data,ST_ALL_PROJECTS_T,VENDOR_NAME,STRING
rpt-network-plng,sitetracker_data,ST_ALL_PROJECTS_T,VENDOR_TYPE,STRING
rpt-network-plng,sitetracker_data,ST_ALL_PROJECTS_T,VERIFY_ACTUALS_A,TIMESTAMP
rpt-network-plng,sitetracker_data,ST_ALL_PROJECTS_T,VERIFY_ACTUALS_F,TIMESTAMP
rpt-network-plng,sitetracker_data,ST_ALL_PROJECTS_T,VERIFY_ACTUALS_LARGE_A,TIMESTAMP
rpt-network-plng,sitetracker_data,ST_ALL_PROJECTS_T,VERIFY_ACTUALS_LARGE_F,TIMESTAMP
rpt-network-plng,sitetracker_data,ST_ALL_PROJECTS_T,VERIFY_ACTUALS_SIMPLE_A,TIMESTAMP
rpt-network-plng,sitetracker_data,ST_ALL_PROJECTS_T,VERIFY_ACTUALS_SIMPLE_F,TIMESTAMP
rpt-network-plng,sitetracker_data,ST_ALL_PROJECTS_T,VERIFY_ACTUALS_SMALL_A,TIMESTAMP
rpt-network-plng,sitetracker_data,ST_ALL_PROJECTS_T,VERIFY_ACTUALS_SMALL_F,TIMESTAMP
rpt-network-plng,sitetracker_data,ST_ALL_PROJECTS_T,VERIFY_ACTUALS_SPECIAL_A,TIMESTAMP
rpt-network-plng,sitetracker_data,ST_ALL_PROJECTS_T,VERIFY_ACTUALS_SPECIAL_F,TIMESTAMP
rpt-network-plng,sitetracker_data,ST_ALL_PROJECTS_T,WFMT_PROJECT_ID,STRING
rpt-network-plng,sitetracker_data,ST_ALL_PROJECTS_T,WHAT_IS_IN_CONFLICT,STRING
rpt-network-plng,sitetracker_data,ST_ALL_PROJECTS_T,WHAT_JOB_PLACED_OLT,STRING
rpt-network-plng,sitetracker_data,ST_ALL_PROJECTS_T,WHY,STRING
rpt-network-plng,sitetracker_data,ST_ALL_PROJECTS_T,WHY_NOW,STRING
rpt-network-plng,sitetracker_data,ST_ALL_PROJECTS_T,WIRE_CENTER_EXCHANGE_MISMATCH,NUMERIC
rpt-network-plng,sitetracker_data,ST_ALL_PROJECTS_T,WON_1ST_HOME,STRING
rpt-network-plng,sitetracker_data,ST_ALL_PROJECTS_T,WORKING_SUBS_ON_FIBER_AMOUNT,NUMERIC
rpt-network-plng,sitetracker_data,ST_ALL_PROJECTS_T,WRECKING_RESTORAL_A,TIMESTAMP
rpt-network-plng,sitetracker_data,ST_ALL_PROJECTS_T,WRECKING_RESTORAL_F,TIMESTAMP
rpt-network-plng,sitetracker_data,ST_ALL_PROJECTS_T,WRECKING_RESTORAL_LARGE_A,TIMESTAMP
rpt-network-plng,sitetracker_data,ST_ALL_PROJECTS_T,WRECKING_RESTORAL_LARGE_F,TIMESTAMP
rpt-network-plng,sitetracker_data,ST_ALL_PROJECTS_T,WRECKING_RESTORAL_SPECIAL_A,TIMESTAMP
rpt-network-plng,sitetracker_data,ST_ALL_PROJECTS_T,WRECKING_RESTORAL_SPECIAL_F,TIMESTAMP
rpt-network-plng,sitetracker_data,ST_ALL_PROJECTS_T,X3RD_PARTY_AERIAL_MAKE_READY_COMPLETED_A,TIMESTAMP
rpt-network-plng,sitetracker_data,ST_ALL_PROJECTS_T,X3RD_PARTY_AERIAL_MAKE_READY_COMPLETED_F,TIMESTAMP
rpt-network-plng,sitetracker_data,ST_ALL_PROJECTS_T,X3RD_PARTY_PROCESS_TRIGGERED_A,TIMESTAMP
rpt-network-plng,sitetracker_data,ST_ALL_PROJECTS_T,X3RD_PARTY_PROCESS_TRIGGERED_F,TIMESTAMP
rpt-network-plng,sitetracker_data,ST_ALL_PROJECTS_T,X3RD_PARTY_RECEIVED_A,TIMESTAMP
rpt-network-plng,sitetracker_data,ST_ALL_PROJECTS_T,X3RD_PARTY_RECEIVED_F,TIMESTAMP
rpt-network-plng,sitetracker_data,ST_ALL_PROJECTS_T,X3RD_PARTY_RECEIVED_SPECIAL_A,TIMESTAMP
rpt-network-plng,sitetracker_data,ST_ALL_PROJECTS_T,X3RD_PARTY_RECEIVED_SPECIAL_F,TIMESTAMP
rpt-network-plng,sitetracker_data,ST_ALL_PROJECTS_T,ST_PROJECT_URL,STRING
rpt-network-plng,sitetracker_data,ST_ALL_PROJECTS_T,ST_PARENT_PROJECT_URL,STRING
rpt-network-plng,sitetracker_data,ST_ALL_PROJECTS_T,ST_PARENT_PROJECT_ID,STRING
rpt-network-plng,sitetracker_data,ST_ALL_PROJECTS_T,ST_PARENT_PROJECT_TYPE,STRING
rpt-network-plng,sitetracker_data,ST_ALL_PROJECTS_T,ST_INTERNAL_PROJECT_ID,STRING
rpt-network-plng,sitetracker_data,ST_ALL_PROJECTS_T,ST_INTERNAL_PARENT_PROJECT_ID,STRING
rpt-network-plng,sitetracker_data,ST_ALL_PROJECTS_T,ST_SITE_PHASE,STRING
rpt-network-plng,sitetracker_data,ST_ALL_PROJECTS_T,ST_PARENT_CHILD,STRING
rpt-network-plng,sitetracker_data,ST_ALL_PROJECTS_T,QF_INVENTORY_COMPLETE_DATE,TIMESTAMP
rpt-network-plng,sitetracker_data,ST_ALL_PROJECTS_T,RELATED_QF_PROJECT_ID,STRING
rpt-network-plng,sitetracker_data,ST_ALL_PROJECTS_T,RELATED_GPON_PHASE_PROJECT_ID,STRING
rpt-network-plng,sitetracker_data,ST_ALL_PROJECTS_T,RELATED_PARENT_PROJECT_ID,STRING
rpt-network-plng,sitetracker_data,ST_ALL_PROJECTS_T,RELATED_CHILD_PROJECT_ID,STRING
rpt-network-plng,sitetracker_data,ST_ALL_PROJECTS_T,COMMUNITY_PROJECT,STRING
rpt-network-plng,sitetracker_data,ST_ALL_PROJECTS_T,ASSOCIATED_PROJECT,STRING
rpt-network-plng,sitetracker_data,ST_ALL_PROJECTS_T,COMMUNITY_PROJECT_INTERNAL_ID,STRING
rpt-network-plng,sitetracker_data,ST_ALL_PROJECTS_T,ASSOCIATED_PROJECT_INTERNAL_ID,STRING
rpt-network-plng,sitetracker_data,ST_ALL_PROJECTS_T,SF_PHASE_RECORD,STRING
rpt-network-plng,sitetracker_data,ST_ALL_PROJECTS_T,SF_IMPLEMENTATION_RECORD,STRING
rpt-network-plng,sitetracker_data,ST_ALL_PROJECTS_T,FLAG_FOR_MIGRATION,NUMERIC
rpt-network-plng,sitetracker_data,ST_ALL_PROJECTS_T,FLAG_FOR_DELETION,NUMERIC
rpt-network-plng,sitetracker_data,ST_ALL_PROJECTS_T,META_LOAD_DATE_TIME,TIMESTAMP
rpt-network-plng,sitetracker_data,ST_DAMAGES_2021_TO_CURRENT_V,ST_PROJECT_ID,STRING
rpt-network-plng,sitetracker_data,ST_DAMAGES_2021_TO_CURRENT_V,CLAIMS_JUMPER_NUMBER,STRING
rpt-network-plng,sitetracker_data,ST_DAMAGES_2021_TO_CURRENT_V,NETWORK,STRING
rpt-network-plng,sitetracker_data,ST_DAMAGES_2021_TO_CURRENT_V,EVENT_TICKET_NUMBER,STRING
rpt-network-plng,sitetracker_data,ST_DAMAGES_2021_TO_CURRENT_V,COLLECTION_MANAGER,STRING
rpt-network-plng,sitetracker_data,ST_DAMAGES_2021_TO_CURRENT_V,COLLECTION_VENDOR_PM_ASSIGNED,STRING
rpt-network-plng,sitetracker_data,ST_DAMAGES_2021_TO_CURRENT_V,CONTRACTOR_SERVICES_USED,STRING
rpt-network-plng,sitetracker_data,ST_DAMAGES_2021_TO_CURRENT_V,CR_VENDOR_INVOICED_A,TIMESTAMP
rpt-network-plng,sitetracker_data,ST_DAMAGES_2021_TO_CURRENT_V,CR_VENDOR_INVOICED_F,TIMESTAMP
rpt-network-plng,sitetracker_data,ST_DAMAGES_2021_TO_CURRENT_V,CUP_SHEET_RECEIVED_FROM_CONTRACTOR_A,TIMESTAMP
rpt-network-plng,sitetracker_data,ST_DAMAGES_2021_TO_CURRENT_V,CUP_SHEET_RECEIVED_FROM_CONTRACTOR_F,TIMESTAMP
rpt-network-plng,sitetracker_data,ST_DAMAGES_2021_TO_CURRENT_V,DAMAGE_DATE_A,TIMESTAMP
rpt-network-plng,sitetracker_data,ST_DAMAGES_2021_TO_CURRENT_V,DAMAGE_DATE_F,TIMESTAMP
rpt-network-plng,sitetracker_data,ST_DAMAGES_2021_TO_CURRENT_V,EMERGENCY_RECORD_UPDATES_A,TIMESTAMP
rpt-network-plng,sitetracker_data,ST_DAMAGES_2021_TO_CURRENT_V,EMERGENCY_RECORD_UPDATES_F,TIMESTAMP
rpt-network-plng,sitetracker_data,ST_DAMAGES_2021_TO_CURRENT_V,EMERGENCY_VENDOR_INVOICING_A,TIMESTAMP
rpt-network-plng,sitetracker_data,ST_DAMAGES_2021_TO_CURRENT_V,EMERGENCY_VENDOR_INVOICING_F,TIMESTAMP
rpt-network-plng,sitetracker_data,ST_DAMAGES_2021_TO_CURRENT_V,ENGINEERING_COMPLETED_A,TIMESTAMP
rpt-network-plng,sitetracker_data,ST_DAMAGES_2021_TO_CURRENT_V,ENGINEERING_COMPLETED_F,TIMESTAMP
rpt-network-plng,sitetracker_data,ST_DAMAGES_2021_TO_CURRENT_V,FINANCIAL_PROJECT_CREATION_DEPLOY_A,TIMESTAMP
rpt-network-plng,sitetracker_data,ST_DAMAGES_2021_TO_CURRENT_V,FINANCIAL_PROJECT_CREATION_DEPLOY_F,TIMESTAMP
rpt-network-plng,sitetracker_data,ST_DAMAGES_2021_TO_CURRENT_V,POSTBILL,STRING
rpt-network-plng,sitetracker_data,ST_DAMAGES_2021_TO_CURRENT_V,PREBILL,STRING
rpt-network-plng,sitetracker_data,ST_DAMAGES_2021_TO_CURRENT_V,PREBILL_MANAGER,STRING
rpt-network-plng,sitetracker_data,ST_DAMAGES_2021_TO_CURRENT_V,STB_FINANCIALLY_ACTIONABLE_A,TIMESTAMP
rpt-network-plng,sitetracker_data,ST_DAMAGES_2021_TO_CURRENT_V,STB_FINANCIALLY_ACTIONABLE_F,TIMESTAMP
rpt-network-plng,sitetracker_data,ST_DAMAGES_2021_TO_CURRENT_V,X3RD_PARTY_INVOICED_DATE,TIMESTAMP
rpt-network-plng,sitetracker_data,ST_DAMAGES_2021_TO_CURRENT_V,XRD_PARTY_FEES,NUMERIC
rpt-network-plng,sitetracker_data,ST_DAMAGES_2021_TO_CURRENT_V,ACTIVITY_CAUSING_DAMAGE,STRING
rpt-network-plng,sitetracker_data,ST_DAMAGES_2021_TO_CURRENT_V,ARBITRATION_DATE,TIMESTAMP
rpt-network-plng,sitetracker_data,ST_DAMAGES_2021_TO_CURRENT_V,ARBITRATION_DECISION,STRING
rpt-network-plng,sitetracker_data,ST_DAMAGES_2021_TO_CURRENT_V,ARBITRATION_REQUEST_DATE,TIMESTAMP
rpt-network-plng,sitetracker_data,ST_DAMAGES_2021_TO_CURRENT_V,ASSIGNED_TO,STRING
rpt-network-plng,sitetracker_data,ST_DAMAGES_2021_TO_CURRENT_V,OPS_SRO_NAME,STRING
rpt-network-plng,sitetracker_data,ST_DAMAGES_2021_TO_CURRENT_V,OPS_SROEMAIL,STRING
rpt-network-plng,sitetracker_data,ST_DAMAGES_2021_TO_CURRENT_V,OPS_MRO_NM,STRING
rpt-network-plng,sitetracker_data,ST_DAMAGES_2021_TO_CURRENT_V,OPS_DIR_NM,STRING
rpt-network-plng,sitetracker_data,ST_DAMAGES_2021_TO_CURRENT_V,OPS_VPO_NM,STRING
rpt-network-plng,sitetracker_data,ST_DAMAGES_2021_TO_CURRENT_V,OPS_RGN_NM,STRING
rpt-network-plng,sitetracker_data,ST_DAMAGES_2021_TO_CURRENT_V,ATTORNEY_ASSIGNED,STRING
rpt-network-plng,sitetracker_data,ST_DAMAGES_2021_TO_CURRENT_V,BILL_TO,STRING
rpt-network-plng,sitetracker_data,ST_DAMAGES_2021_TO_CURRENT_V,ALT_BILL_TO_EMAIL,STRING
rpt-network-plng,sitetracker_data,ST_DAMAGES_2021_TO_CURRENT_V,BILL_TO_OTHER,STRING
rpt-network-plng,sitetracker_data,ST_DAMAGES_2021_TO_CURRENT_V,ALT_BILL_TO_PARTY,STRING
rpt-network-plng,sitetracker_data,ST_DAMAGES_2021_TO_CURRENT_V,ALT_BILL_TO_PARTY_ADDRESS,STRING
rpt-network-plng,sitetracker_data,ST_DAMAGES_2021_TO_CURRENT_V,ALT_BILL_TO_PARTY_CITY,STRING
rpt-network-plng,sitetracker_data,ST_DAMAGES_2021_TO_CURRENT_V,ALT_BILL_TO_PARTY_INSURANCE_COMPANY,STRING
rpt-network-plng,sitetracker_data,ST_DAMAGES_2021_TO_CURRENT_V,ALT_BILL_TO_PARTY_PHONE,STRING
rpt-network-plng,sitetracker_data,ST_DAMAGES_2021_TO_CURRENT_V,ALT_BILL_TO_PARTY_STATE,STRING
rpt-network-plng,sitetracker_data,ST_DAMAGES_2021_TO_CURRENT_V,ALT_BILL_TO_PARTY_ZIP,STRING
rpt-network-plng,sitetracker_data,ST_DAMAGES_2021_TO_CURRENT_V,CABLE_FIBER_COUNT_DESCRIPTION_1,STRING
rpt-network-plng,sitetracker_data,ST_DAMAGES_2021_TO_CURRENT_V,CABLE_FIBER_COUNT_DESCRIPTION_2,STRING
rpt-network-plng,sitetracker_data,ST_DAMAGES_2021_TO_CURRENT_V,CABLE_FIBER_COUNT_DESCRIPTION_3,STRING
rpt-network-plng,sitetracker_data,ST_DAMAGES_2021_TO_CURRENT_V,CABLE_FIBER_COUNT_DESCRIPTION_4,STRING
rpt-network-plng,sitetracker_data,ST_DAMAGES_2021_TO_CURRENT_V,CABLE_FIBER_COUNT_DESCRIPTION_5,STRING
rpt-network-plng,sitetracker_data,ST_DAMAGES_2021_TO_CURRENT_V,CLAIM_CLASS_TYPE,STRING
rpt-network-plng,sitetracker_data,ST_DAMAGES_2021_TO_CURRENT_V,CLAIM_STATUS,STRING
rpt-network-plng,sitetracker_data,ST_DAMAGES_2021_TO_CURRENT_V,CLOSE_DATE,TIMESTAMP
rpt-network-plng,sitetracker_data,ST_DAMAGES_2021_TO_CURRENT_V,CLOSED_DATE,TIMESTAMP
rpt-network-plng,sitetracker_data,ST_DAMAGES_2021_TO_CURRENT_V,CMS_CONTRACTOR_COST_FORMULA,NUMERIC
rpt-network-plng,sitetracker_data,ST_DAMAGES_2021_TO_CURRENT_V,CMS_BSW_CUPS_NUMBER_1,STRING
rpt-network-plng,sitetracker_data,ST_DAMAGES_2021_TO_CURRENT_V,CMS_BSW_CUPS_NUMBER_2,STRING
rpt-network-plng,sitetracker_data,ST_DAMAGES_2021_TO_CURRENT_V,CMS_NUM1_CLEAN,STRING
rpt-network-plng,sitetracker_data,ST_DAMAGES_2021_TO_CURRENT_V,CMS_NUM2_CLEAN,STRING
rpt-network-plng,sitetracker_data,ST_DAMAGES_2021_TO_CURRENT_V,CMS_NUM3_CLEAN,STRING
rpt-network-plng,sitetracker_data,ST_DAMAGES_2021_TO_CURRENT_V,CMSBSWCUPS_TOTAL_1,NUMERIC
rpt-network-plng,sitetracker_data,ST_DAMAGES_2021_TO_CURRENT_V,CMSBSWCUPS_TOTAL_2,NUMERIC
rpt-network-plng,sitetracker_data,ST_DAMAGES_2021_TO_CURRENT_V,CUPS_STATUS1,STRING
rpt-network-plng,sitetracker_data,ST_DAMAGES_2021_TO_CURRENT_V,CUPS_STATUS2,STRING
rpt-network-plng,sitetracker_data,ST_DAMAGES_2021_TO_CURRENT_V,CUPS_STATUS3,STRING
rpt-network-plng,sitetracker_data,ST_DAMAGES_2021_TO_CURRENT_V,CMS_CUPS1,NUMERIC
rpt-network-plng,sitetracker_data,ST_DAMAGES_2021_TO_CURRENT_V,CMS_CUPS2,NUMERIC
rpt-network-plng,sitetracker_data,ST_DAMAGES_2021_TO_CURRENT_V,CMS_CUPS3,NUMERIC
rpt-network-plng,sitetracker_data,ST_DAMAGES_2021_TO_CURRENT_V,COLLECTION_COMMISSION,NUMERIC
rpt-network-plng,sitetracker_data,ST_DAMAGES_2021_TO_CURRENT_V,COLLECTION_VENDOR_BILL_SENT,TIMESTAMP
rpt-network-plng,sitetracker_data,ST_DAMAGES_2021_TO_CURRENT_V,COMMISSION_AMOUNT,NUMERIC
rpt-network-plng,sitetracker_data,ST_DAMAGES_2021_TO_CURRENT_V,COMMISSION_OVERRIDE_REASON,STRING
rpt-network-plng,sitetracker_data,ST_DAMAGES_2021_TO_CURRENT_V,COMMISSION_PAID_DATE,TIMESTAMP
rpt-network-plng,sitetracker_data,ST_DAMAGES_2021_TO_CURRENT_V,COMMISSION_PERCENTAGE_CATEGORY,STRING
rpt-network-plng,sitetracker_data,ST_DAMAGES_2021_TO_CURRENT_V,COST_1,NUMERIC
rpt-network-plng,sitetracker_data,ST_DAMAGES_2021_TO_CURRENT_V,COST_2,NUMERIC
rpt-network-plng,sitetracker_data,ST_DAMAGES_2021_TO_CURRENT_V,COST_3,NUMERIC
rpt-network-plng,sitetracker_data,ST_DAMAGES_2021_TO_CURRENT_V,COST_4,NUMERIC
rpt-network-plng,sitetracker_data,ST_DAMAGES_2021_TO_CURRENT_V,COST_5,NUMERIC
rpt-network-plng,sitetracker_data,ST_DAMAGES_2021_TO_CURRENT_V,COST_CENTER,STRING
rpt-network-plng,sitetracker_data,ST_DAMAGES_2021_TO_CURRENT_V,COST_DISPUTE,STRING
rpt-network-plng,sitetracker_data,ST_DAMAGES_2021_TO_CURRENT_V,COST_RECOVERY_MOVED_BACK,NUMERIC
rpt-network-plng,sitetracker_data,ST_DAMAGES_2021_TO_CURRENT_V,COUNT_SIZE_1,NUMERIC
rpt-network-plng,sitetracker_data,ST_DAMAGES_2021_TO_CURRENT_V,COUNT_SIZE_2,NUMERIC
rpt-network-plng,sitetracker_data,ST_DAMAGES_2021_TO_CURRENT_V,COUNT_SIZE_3,NUMERIC
rpt-network-plng,sitetracker_data,ST_DAMAGES_2021_TO_CURRENT_V,COUNT_SIZE_4,NUMERIC
rpt-network-plng,sitetracker_data,ST_DAMAGES_2021_TO_CURRENT_V,COUNT_SIZE_5,NUMERIC
rpt-network-plng,sitetracker_data,ST_DAMAGES_2021_TO_CURRENT_V,DAMAGE_ADDRESS,STRING
rpt-network-plng,sitetracker_data,ST_DAMAGES_2021_TO_CURRENT_V,DAMAGE_CITY,STRING
rpt-network-plng,sitetracker_data,ST_DAMAGES_2021_TO_CURRENT_V,DAMAGE_CLAIMS_NUMBER_AUTO,STRING
rpt-network-plng,sitetracker_data,ST_DAMAGES_2021_TO_CURRENT_V,DAMAGE_COUNTY,STRING
rpt-network-plng,sitetracker_data,ST_DAMAGES_2021_TO_CURRENT_V,DAMAGE_DATE,TIMESTAMP
rpt-network-plng,sitetracker_data,ST_DAMAGES_2021_TO_CURRENT_V,AGING,STRING
rpt-network-plng,sitetracker_data,ST_DAMAGES_2021_TO_CURRENT_V,CURR_STATUS_AGING,STRING
rpt-network-plng,sitetracker_data,ST_DAMAGES_2021_TO_CURRENT_V,CURR_STATUS_AGE,INT64
rpt-network-plng,sitetracker_data,ST_DAMAGES_2021_TO_CURRENT_V,DAMAGE_INVESTIGATION_FEE,NUMERIC
rpt-network-plng,sitetracker_data,ST_DAMAGES_2021_TO_CURRENT_V,DAMAGE_INVESTIGATION_RECEIVED,TIMESTAMP
rpt-network-plng,sitetracker_data,ST_DAMAGES_2021_TO_CURRENT_V,DAMAGE_INVESTIGATION_RESPONSE,STRING
rpt-network-plng,sitetracker_data,ST_DAMAGES_2021_TO_CURRENT_V,DAMAGE_INVESTIGATION_SUB_RESPONSE,STRING
rpt-network-plng,sitetracker_data,ST_DAMAGES_2021_TO_CURRENT_V,DAMAGE_STATE,STRING
rpt-network-plng,sitetracker_data,ST_DAMAGES_2021_TO_CURRENT_V,DAMAGE_STATE_SOL_YEARS,NUMERIC
rpt-network-plng,sitetracker_data,ST_DAMAGES_2021_TO_CURRENT_V,DAMAGER_A_LUMEN_CUSTOMER,STRING
rpt-network-plng,sitetracker_data,ST_DAMAGES_2021_TO_CURRENT_V,DAMAGER_A_MUNI_OR_GOV_ENTITY,STRING
rpt-network-plng,sitetracker_data,ST_DAMAGES_2021_TO_CURRENT_V,DAMAGER_ADDRESS,STRING
rpt-network-plng,sitetracker_data,ST_DAMAGES_2021_TO_CURRENT_V,DAMAGER_CATEGORY,STRING
rpt-network-plng,sitetracker_data,ST_DAMAGES_2021_TO_CURRENT_V,DAMAGER_CATEGORY_OTHER,STRING
rpt-network-plng,sitetracker_data,ST_DAMAGES_2021_TO_CURRENT_V,DAMAGER_CITY,STRING
rpt-network-plng,sitetracker_data,ST_DAMAGES_2021_TO_CURRENT_V,DAMAGER_EMAIL,STRING
rpt-network-plng,sitetracker_data,ST_DAMAGES_2021_TO_CURRENT_V,DAMAGER_INSURANCE_CO,STRING
rpt-network-plng,sitetracker_data,ST_DAMAGES_2021_TO_CURRENT_V,DAMAGER_KNOWN,STRING
rpt-network-plng,sitetracker_data,ST_DAMAGES_2021_TO_CURRENT_V,DAMAGER_NAME,STRING
rpt-network-plng,sitetracker_data,ST_DAMAGES_2021_TO_CURRENT_V,DAMAGER_PHONE,STRING
rpt-network-plng,sitetracker_data,ST_DAMAGES_2021_TO_CURRENT_V,DAMAGER_STATE,STRING
rpt-network-plng,sitetracker_data,ST_DAMAGES_2021_TO_CURRENT_V,DAMAGER_WORKING_FOR_LUMEN,STRING
rpt-network-plng,sitetracker_data,ST_DAMAGES_2021_TO_CURRENT_V,DAMAGER_ZIP,STRING
rpt-network-plng,sitetracker_data,ST_DAMAGES_2021_TO_CURRENT_V,DAMAGING_COMPANY,STRING
rpt-network-plng,sitetracker_data,ST_DAMAGES_2021_TO_CURRENT_V,DATE_PAID,TIMESTAMP
rpt-network-plng,sitetracker_data,ST_DAMAGES_2021_TO_CURRENT_V,DATE_SENT_TO_ATTORNEY,TIMESTAMP
rpt-network-plng,sitetracker_data,ST_DAMAGES_2021_TO_CURRENT_V,DATE_WORK_STARTED_1,TIMESTAMP
rpt-network-plng,sitetracker_data,ST_DAMAGES_2021_TO_CURRENT_V,DATE_WORK_STARTED_2,TIMESTAMP
rpt-network-plng,sitetracker_data,ST_DAMAGES_2021_TO_CURRENT_V,DATE_WORK_STARTED_3,TIMESTAMP
rpt-network-plng,sitetracker_data,ST_DAMAGES_2021_TO_CURRENT_V,DATE_WORK_STARTED_4,TIMESTAMP
rpt-network-plng,sitetracker_data,ST_DAMAGES_2021_TO_CURRENT_V,DATE_WORK_STARTED_5,TIMESTAMP
rpt-network-plng,sitetracker_data,ST_DAMAGES_2021_TO_CURRENT_V,DATE_WORK_STOPPED_1,TIMESTAMP
rpt-network-plng,sitetracker_data,ST_DAMAGES_2021_TO_CURRENT_V,DATE_WORK_STOPPED_2,TIMESTAMP
rpt-network-plng,sitetracker_data,ST_DAMAGES_2021_TO_CURRENT_V,DATE_WORK_STOPPED_3,TIMESTAMP
rpt-network-plng,sitetracker_data,ST_DAMAGES_2021_TO_CURRENT_V,DATE_WORK_STOPPED_4,TIMESTAMP
rpt-network-plng,sitetracker_data,ST_DAMAGES_2021_TO_CURRENT_V,DATE_WORK_STOPPED_5,TIMESTAMP
rpt-network-plng,sitetracker_data,ST_DAMAGES_2021_TO_CURRENT_V,DAYS_IN_STATUS,NUMERIC
rpt-network-plng,sitetracker_data,ST_DAMAGES_2021_TO_CURRENT_V,DCT_NUMBER,STRING
rpt-network-plng,sitetracker_data,ST_DAMAGES_2021_TO_CURRENT_V,DENIAL_WRITE_OFF_REVIEW_DATE,TIMESTAMP
rpt-network-plng,sitetracker_data,ST_DAMAGES_2021_TO_CURRENT_V,DESCRIPTION_OF_EMERGENCY_REPAIR,STRING
rpt-network-plng,sitetracker_data,ST_DAMAGES_2021_TO_CURRENT_V,DIG_TICKET_FOR_LOCATION,STRING
rpt-network-plng,sitetracker_data,ST_DAMAGES_2021_TO_CURRENT_V,DISCOVERY_DATE,TIMESTAMP
rpt-network-plng,sitetracker_data,ST_DAMAGES_2021_TO_CURRENT_V,DISCOVERY_NEEDED,STRING
rpt-network-plng,sitetracker_data,ST_DAMAGES_2021_TO_CURRENT_V,DIVISION,STRING
rpt-network-plng,sitetracker_data,ST_DAMAGES_2021_TO_CURRENT_V,EMPLOYEE_NAME_1,STRING
rpt-network-plng,sitetracker_data,ST_DAMAGES_2021_TO_CURRENT_V,EMPLOYEE_NAME_2,STRING
rpt-network-plng,sitetracker_data,ST_DAMAGES_2021_TO_CURRENT_V,EMPLOYEE_NAME_3,STRING
rpt-network-plng,sitetracker_data,ST_DAMAGES_2021_TO_CURRENT_V,EMPLOYEE_NAME_4,STRING
rpt-network-plng,sitetracker_data,ST_DAMAGES_2021_TO_CURRENT_V,EMPLOYEE_NAME_5,STRING
rpt-network-plng,sitetracker_data,ST_DAMAGES_2021_TO_CURRENT_V,ENTERED_ON_MOBILE_OR_BROWSER,STRING
rpt-network-plng,sitetracker_data,ST_DAMAGES_2021_TO_CURRENT_V,EQUIPMENT_CAUSING_DAMAGE,STRING
rpt-network-plng,sitetracker_data,ST_DAMAGES_2021_TO_CURRENT_V,FACILITY_TYPE_1,STRING
rpt-network-plng,sitetracker_data,ST_DAMAGES_2021_TO_CURRENT_V,FACILITY_TYPE_2,STRING
rpt-network-plng,sitetracker_data,ST_DAMAGES_2021_TO_CURRENT_V,FACILITY_TYPE_3,STRING
rpt-network-plng,sitetracker_data,ST_DAMAGES_2021_TO_CURRENT_V,FACILITY_TYPE_4,STRING
rpt-network-plng,sitetracker_data,ST_DAMAGES_2021_TO_CURRENT_V,FACILITY_TYPE_5,STRING
rpt-network-plng,sitetracker_data,ST_DAMAGES_2021_TO_CURRENT_V,FINANCIAL_DOCUMENTS_ATTACHED,STRING
rpt-network-plng,sitetracker_data,ST_DAMAGES_2021_TO_CURRENT_V,FIREWORKS_ACTUALS,NUMERIC
rpt-network-plng,sitetracker_data,ST_DAMAGES_2021_TO_CURRENT_V,FIREWORKS_ADJUSTMENT,NUMERIC
rpt-network-plng,sitetracker_data,ST_DAMAGES_2021_TO_CURRENT_V,FIREWORKS_BILLED_FORMULA,NUMERIC
rpt-network-plng,sitetracker_data,ST_DAMAGES_2021_TO_CURRENT_V,FLAT_RATE_BILLING,STRING
rpt-network-plng,sitetracker_data,ST_DAMAGES_2021_TO_CURRENT_V,GA_FEE,NUMERIC
rpt-network-plng,sitetracker_data,ST_DAMAGES_2021_TO_CURRENT_V,HOURS_WORKED_1,NUMERIC
rpt-network-plng,sitetracker_data,ST_DAMAGES_2021_TO_CURRENT_V,HOURS_WORKED_2,NUMERIC
rpt-network-plng,sitetracker_data,ST_DAMAGES_2021_TO_CURRENT_V,HOURS_WORKED_3,NUMERIC
rpt-network-plng,sitetracker_data,ST_DAMAGES_2021_TO_CURRENT_V,HOURS_WORKED_4,NUMERIC
rpt-network-plng,sitetracker_data,ST_DAMAGES_2021_TO_CURRENT_V,HOURS_WORKED_5,NUMERIC
rpt-network-plng,sitetracker_data,ST_DAMAGES_2021_TO_CURRENT_V,HOW_DID_DAMAGE_OCCUR,STRING
rpt-network-plng,sitetracker_data,ST_DAMAGES_2021_TO_CURRENT_V,HOW_WAS_DAMAGER_IDENTIFIED,STRING
rpt-network-plng,sitetracker_data,ST_DAMAGES_2021_TO_CURRENT_V,HOW_WAS_THE_REPAIR_COMPLETED,STRING
rpt-network-plng,sitetracker_data,ST_DAMAGES_2021_TO_CURRENT_V,INTERNAL_ATTORNEY_ASSIGNED,STRING
rpt-network-plng,sitetracker_data,ST_DAMAGES_2021_TO_CURRENT_V,INTERNAL_MATERIALS_1,STRING
rpt-network-plng,sitetracker_data,ST_DAMAGES_2021_TO_CURRENT_V,INTERNAL_MATERIALS_2,STRING
rpt-network-plng,sitetracker_data,ST_DAMAGES_2021_TO_CURRENT_V,INTERNAL_MATERIALS_3,STRING
rpt-network-plng,sitetracker_data,ST_DAMAGES_2021_TO_CURRENT_V,INTERNAL_MATERIALS_4,STRING
rpt-network-plng,sitetracker_data,ST_DAMAGES_2021_TO_CURRENT_V,INTERNAL_MATERIALS_5,STRING
rpt-network-plng,sitetracker_data,ST_DAMAGES_2021_TO_CURRENT_V,IS_THIS_A_SERVICE_AFFECTING_DAMAGE,STRING
rpt-network-plng,sitetracker_data,ST_DAMAGES_2021_TO_CURRENT_V,JURISDICTION,STRING
rpt-network-plng,sitetracker_data,ST_DAMAGES_2021_TO_CURRENT_V,LABOR_COST_1,NUMERIC
rpt-network-plng,sitetracker_data,ST_DAMAGES_2021_TO_CURRENT_V,LABOR_COST_2,NUMERIC
rpt-network-plng,sitetracker_data,ST_DAMAGES_2021_TO_CURRENT_V,LABOR_COST_3,NUMERIC
rpt-network-plng,sitetracker_data,ST_DAMAGES_2021_TO_CURRENT_V,LABOR_COST_4,NUMERIC
rpt-network-plng,sitetracker_data,ST_DAMAGES_2021_TO_CURRENT_V,LABOR_COST_5,NUMERIC
rpt-network-plng,sitetracker_data,ST_DAMAGES_2021_TO_CURRENT_V,LABOR_RATE_1,NUMERIC
rpt-network-plng,sitetracker_data,ST_DAMAGES_2021_TO_CURRENT_V,LABOR_RATE_2,NUMERIC
rpt-network-plng,sitetracker_data,ST_DAMAGES_2021_TO_CURRENT_V,LABOR_RATE_3,NUMERIC
rpt-network-plng,sitetracker_data,ST_DAMAGES_2021_TO_CURRENT_V,LABOR_RATE_4,NUMERIC
rpt-network-plng,sitetracker_data,ST_DAMAGES_2021_TO_CURRENT_V,LABOR_RATE_5,NUMERIC
rpt-network-plng,sitetracker_data,ST_DAMAGES_2021_TO_CURRENT_V,LEGACY_COMPANY_1,STRING
rpt-network-plng,sitetracker_data,ST_DAMAGES_2021_TO_CURRENT_V,LEGACY_COMPANY_2,STRING
rpt-network-plng,sitetracker_data,ST_DAMAGES_2021_TO_CURRENT_V,LEGACY_COMPANY_3,STRING
rpt-network-plng,sitetracker_data,ST_DAMAGES_2021_TO_CURRENT_V,LEGACY_COMPANY_4,STRING
rpt-network-plng,sitetracker_data,ST_DAMAGES_2021_TO_CURRENT_V,LEGACY_COMPANY_5,STRING
rpt-network-plng,sitetracker_data,ST_DAMAGES_2021_TO_CURRENT_V,LEGAL_REVIEW_DATE,TIMESTAMP
rpt-network-plng,sitetracker_data,ST_DAMAGES_2021_TO_CURRENT_V,LIABILITY_ACCEPTED,STRING
rpt-network-plng,sitetracker_data,ST_DAMAGES_2021_TO_CURRENT_V,LITIGATION_NOTES,STRING
rpt-network-plng,sitetracker_data,ST_DAMAGES_2021_TO_CURRENT_V,LITIGATION_STATUS,STRING
rpt-network-plng,sitetracker_data,ST_DAMAGES_2021_TO_CURRENT_V,LOCATE_COMPANY,STRING
rpt-network-plng,sitetracker_data,ST_DAMAGES_2021_TO_CURRENT_V,LOCATE_INVESTIGATION_CODE,STRING
rpt-network-plng,sitetracker_data,ST_DAMAGES_2021_TO_CURRENT_V,LOCATE_INVESTIGATION_FEE,NUMERIC
rpt-network-plng,sitetracker_data,ST_DAMAGES_2021_TO_CURRENT_V,LOCATE_TICKET_NUMBER,STRING
rpt-network-plng,sitetracker_data,ST_DAMAGES_2021_TO_CURRENT_V,LOCATOR_NOTICE_SENT,TIMESTAMP
rpt-network-plng,sitetracker_data,ST_DAMAGES_2021_TO_CURRENT_V,LOSS_OF_USE,NUMERIC
rpt-network-plng,sitetracker_data,ST_DAMAGES_2021_TO_CURRENT_V,MATERIAL_TYPE_1,STRING
rpt-network-plng,sitetracker_data,ST_DAMAGES_2021_TO_CURRENT_V,MATERIAL_TYPE_2,STRING
rpt-network-plng,sitetracker_data,ST_DAMAGES_2021_TO_CURRENT_V,MATERIAL_TYPE_3,STRING
rpt-network-plng,sitetracker_data,ST_DAMAGES_2021_TO_CURRENT_V,MATERIAL_TYPE_4,STRING
rpt-network-plng,sitetracker_data,ST_DAMAGES_2021_TO_CURRENT_V,MATERIAL_TYPE_5,STRING
rpt-network-plng,sitetracker_data,ST_DAMAGES_2021_TO_CURRENT_V,MOBILE_CLAIM_NUMBER,STRING
rpt-network-plng,sitetracker_data,ST_DAMAGES_2021_TO_CURRENT_V,MOBILE_CREATE_DATE,TIMESTAMP
rpt-network-plng,sitetracker_data,ST_DAMAGES_2021_TO_CURRENT_V,NEAREST_INTERSECTION,STRING
rpt-network-plng,sitetracker_data,ST_DAMAGES_2021_TO_CURRENT_V,NO_BILL_CLOSURE_CODES,STRING
rpt-network-plng,sitetracker_data,ST_DAMAGES_2021_TO_CURRENT_V,NOTICE_LETTER,STRING
rpt-network-plng,sitetracker_data,ST_DAMAGES_2021_TO_CURRENT_V,NOTICE_LETTER_SENT_DATE,TIMESTAMP
rpt-network-plng,sitetracker_data,ST_DAMAGES_2021_TO_CURRENT_V,OTHERNO_BILL_DESCRIPTION,STRING
rpt-network-plng,sitetracker_data,ST_DAMAGES_2021_TO_CURRENT_V,OUTAGE_CREDITS,NUMERIC
rpt-network-plng,sitetracker_data,ST_DAMAGES_2021_TO_CURRENT_V,OVERRIDE_DAMAGE_INVESTIGATION,NUMERIC
rpt-network-plng,sitetracker_data,ST_DAMAGES_2021_TO_CURRENT_V,OVERRIDE_G_A_FEE,NUMERIC
rpt-network-plng,sitetracker_data,ST_DAMAGES_2021_TO_CURRENT_V,PAID_AMOUNT,NUMERIC
rpt-network-plng,sitetracker_data,ST_DAMAGES_2021_TO_CURRENT_V,PAID_DATE,TIMESTAMP
rpt-network-plng,sitetracker_data,ST_DAMAGES_2021_TO_CURRENT_V,PAYMENT_PLAN,STRING
rpt-network-plng,sitetracker_data,ST_DAMAGES_2021_TO_CURRENT_V,PAYMENT_PLAN_APPROVAL_DATE,TIMESTAMP
rpt-network-plng,sitetracker_data,ST_DAMAGES_2021_TO_CURRENT_V,PAYMENT_PLAN_TERMS,STRING
rpt-network-plng,sitetracker_data,ST_DAMAGES_2021_TO_CURRENT_V,PAYMENT_RELEASE_DOCUMENT_DATE,TIMESTAMP
rpt-network-plng,sitetracker_data,ST_DAMAGES_2021_TO_CURRENT_V,POLICE_REPORT_CALLED_IN,STRING
rpt-network-plng,sitetracker_data,ST_DAMAGES_2021_TO_CURRENT_V,POLICE_REPORT_RECEIVED,TIMESTAMP
rpt-network-plng,sitetracker_data,ST_DAMAGES_2021_TO_CURRENT_V,POLICE_REPORT_REQUESTED,TIMESTAMP
rpt-network-plng,sitetracker_data,ST_DAMAGES_2021_TO_CURRENT_V,PREVENTABLE_CLASS,STRING
rpt-network-plng,sitetracker_data,ST_DAMAGES_2021_TO_CURRENT_V,PREVENTABLE_DATE,TIMESTAMP
rpt-network-plng,sitetracker_data,ST_DAMAGES_2021_TO_CURRENT_V,REBILL_DATE,TIMESTAMP
rpt-network-plng,sitetracker_data,ST_DAMAGES_2021_TO_CURRENT_V,REBILLED_TO,STRING
rpt-network-plng,sitetracker_data,ST_DAMAGES_2021_TO_CURRENT_V,RECOVERED_BY,STRING
rpt-network-plng,sitetracker_data,ST_DAMAGES_2021_TO_CURRENT_V,RECOVERED_NET,NUMERIC
rpt-network-plng,sitetracker_data,ST_DAMAGES_2021_TO_CURRENT_V,REFERRED_TO,STRING
rpt-network-plng,sitetracker_data,ST_DAMAGES_2021_TO_CURRENT_V,REFERRED_TO_DATE,TIMESTAMP
rpt-network-plng,sitetracker_data,ST_DAMAGES_2021_TO_CURRENT_V,REGION,STRING
rpt-network-plng,sitetracker_data,ST_DAMAGES_2021_TO_CURRENT_V,RELATED_FW_OR_CMSCUPS_NUMBER,STRING
rpt-network-plng,sitetracker_data,ST_DAMAGES_2021_TO_CURRENT_V,REPAIR_TICKET_NUMBER,STRING
rpt-network-plng,sitetracker_data,ST_DAMAGES_2021_TO_CURRENT_V,REPORT_NUMBER,STRING
rpt-network-plng,sitetracker_data,ST_DAMAGES_2021_TO_CURRENT_V,REPORT_TYPE_1,STRING
rpt-network-plng,sitetracker_data,ST_DAMAGES_2021_TO_CURRENT_V,REPORT_TYPE_2,STRING
rpt-network-plng,sitetracker_data,ST_DAMAGES_2021_TO_CURRENT_V,REPORT_TYPE_3,STRING
rpt-network-plng,sitetracker_data,ST_DAMAGES_2021_TO_CURRENT_V,REPORT_TYPE_4,STRING
rpt-network-plng,sitetracker_data,ST_DAMAGES_2021_TO_CURRENT_V,REPORT_TYPE_5,STRING
rpt-network-plng,sitetracker_data,ST_DAMAGES_2021_TO_CURRENT_V,ROOT_CAUSE,STRING
rpt-network-plng,sitetracker_data,ST_DAMAGES_2021_TO_CURRENT_V,SETTLED_PAYMENT_IN_PROCESS_DATE,TIMESTAMP
rpt-network-plng,sitetracker_data,ST_DAMAGES_2021_TO_CURRENT_V,SETTLED_AMOUNT,NUMERIC
rpt-network-plng,sitetracker_data,ST_DAMAGES_2021_TO_CURRENT_V,SETTLED_DATE,TIMESTAMP
rpt-network-plng,sitetracker_data,ST_DAMAGES_2021_TO_CURRENT_V,SETTLEMENT_PERCENTAGE,NUMERIC
rpt-network-plng,sitetracker_data,ST_DAMAGES_2021_TO_CURRENT_V,SITETRACKER_LOCATOR,STRING
rpt-network-plng,sitetracker_data,ST_DAMAGES_2021_TO_CURRENT_V,SOL_DATE,TIMESTAMP
rpt-network-plng,sitetracker_data,ST_DAMAGES_2021_TO_CURRENT_V,STATUS_CODE,STRING
rpt-network-plng,sitetracker_data,ST_DAMAGES_2021_TO_CURRENT_V,STATUS_LAST_CHANGED_DATE,TIMESTAMP
rpt-network-plng,sitetracker_data,ST_DAMAGES_2021_TO_CURRENT_V,STB_FINANCIALLY_ACTIONABLE_DATE,TIMESTAMP
rpt-network-plng,sitetracker_data,ST_DAMAGES_2021_TO_CURRENT_V,STB_RETURN_TO_FIELD_DATE,TIMESTAMP
rpt-network-plng,sitetracker_data,ST_DAMAGES_2021_TO_CURRENT_V,STB_RETURN_TO_LOCATOR_DATE,TIMESTAMP
rpt-network-plng,sitetracker_data,ST_DAMAGES_2021_TO_CURRENT_V,SUIT_FILED_DATE,TIMESTAMP
rpt-network-plng,sitetracker_data,ST_DAMAGES_2021_TO_CURRENT_V,TOTAL_LABOR_COST,NUMERIC
rpt-network-plng,sitetracker_data,ST_DAMAGES_2021_TO_CURRENT_V,TOTAL_MATERIAL_COST,NUMERIC
rpt-network-plng,sitetracker_data,ST_DAMAGES_2021_TO_CURRENT_V,VENDOR_INVOICED_DATE,TIMESTAMP
rpt-network-plng,sitetracker_data,ST_DAMAGES_2021_TO_CURRENT_V,WHO_HIRED_DAMAGING_CONTRACTOR,STRING
rpt-network-plng,sitetracker_data,ST_DAMAGES_2021_TO_CURRENT_V,WHO_SHOULD_RECEIVE_BILL,STRING
rpt-network-plng,sitetracker_data,ST_DAMAGES_2021_TO_CURRENT_V,WITNESS_COMPANY,STRING
rpt-network-plng,sitetracker_data,ST_DAMAGES_2021_TO_CURRENT_V,WITNESS_NAME,STRING
rpt-network-plng,sitetracker_data,ST_DAMAGES_2021_TO_CURRENT_V,WITNESS_PHONE_NUMBER,STRING
rpt-network-plng,sitetracker_data,ST_DAMAGES_2021_TO_CURRENT_V,AGENCY_NAME,STRING
rpt-network-plng,sitetracker_data,ST_DAMAGES_2021_TO_CURRENT_V,AS_BUILT_TEAM_NAME,STRING
rpt-network-plng,sitetracker_data,ST_DAMAGES_2021_TO_CURRENT_V,AS_BUILT_TEAM_CUID,STRING
rpt-network-plng,sitetracker_data,ST_DAMAGES_2021_TO_CURRENT_V,CAPITAL_APPROVAL_CODE,STRING
rpt-network-plng,sitetracker_data,ST_DAMAGES_2021_TO_CURRENT_V,CITY,STRING
rpt-network-plng,sitetracker_data,ST_DAMAGES_2021_TO_CURRENT_V,CLOSE_FINANCIAL_TOOL_A,TIMESTAMP
rpt-network-plng,sitetracker_data,ST_DAMAGES_2021_TO_CURRENT_V,CLOSE_FINANCIAL_TOOL_F,TIMESTAMP
rpt-network-plng,sitetracker_data,ST_DAMAGES_2021_TO_CURRENT_V,COMPANY_CODE,STRING
rpt-network-plng,sitetracker_data,ST_DAMAGES_2021_TO_CURRENT_V,COMPLETE_SPLICING_CUTOVER_A,TIMESTAMP
rpt-network-plng,sitetracker_data,ST_DAMAGES_2021_TO_CURRENT_V,COMPLETE_SPLICING_CUTOVER_F,TIMESTAMP
rpt-network-plng,sitetracker_data,ST_DAMAGES_2021_TO_CURRENT_V,CONSTRUCTION_COORDINATOR_CUID,STRING
rpt-network-plng,sitetracker_data,ST_DAMAGES_2021_TO_CURRENT_V,CONSTRUCTION_COORDINATOR_NAME,STRING
rpt-network-plng,sitetracker_data,ST_DAMAGES_2021_TO_CURRENT_V,CREATE_PROJECT_A,TIMESTAMP
rpt-network-plng,sitetracker_data,ST_DAMAGES_2021_TO_CURRENT_V,CREATED_BY_CUID,STRING
rpt-network-plng,sitetracker_data,ST_DAMAGES_2021_TO_CURRENT_V,CREATED_BY_NAME,STRING
rpt-network-plng,sitetracker_data,ST_DAMAGES_2021_TO_CURRENT_V,CURRENT_OPEN_ACTIVITY,STRING
rpt-network-plng,sitetracker_data,ST_DAMAGES_2021_TO_CURRENT_V,DATE_AUDIT_COMPLETED,TIMESTAMP
rpt-network-plng,sitetracker_data,ST_DAMAGES_2021_TO_CURRENT_V,DATE_AUDIT_STARTED,TIMESTAMP
rpt-network-plng,sitetracker_data,ST_DAMAGES_2021_TO_CURRENT_V,EXCHANGE,STRING
rpt-network-plng,sitetracker_data,ST_DAMAGES_2021_TO_CURRENT_V,EXCHANGE_NAME,STRING
rpt-network-plng,sitetracker_data,ST_DAMAGES_2021_TO_CURRENT_V,FW_PROJECT_ID,STRING
rpt-network-plng,sitetracker_data,ST_DAMAGES_2021_TO_CURRENT_V,FW_PROJECT_URL,STRING
rpt-network-plng,sitetracker_data,ST_DAMAGES_2021_TO_CURRENT_V,FW_DATE_CREATED,DATE
rpt-network-plng,sitetracker_data,ST_DAMAGES_2021_TO_CURRENT_V,FW_DATE_RELEASED,DATE
rpt-network-plng,sitetracker_data,ST_DAMAGES_2021_TO_CURRENT_V,FW_DATE_ENG_RELEASED,DATE
rpt-network-plng,sitetracker_data,ST_DAMAGES_2021_TO_CURRENT_V,FW_DATE_TECOD,DATE
rpt-network-plng,sitetracker_data,ST_DAMAGES_2021_TO_CURRENT_V,FW_DATE_CLOSED,DATE
rpt-network-plng,sitetracker_data,ST_DAMAGES_2021_TO_CURRENT_V,FW_STATUS,STRING
rpt-network-plng,sitetracker_data,ST_DAMAGES_2021_TO_CURRENT_V,FW_STATUS_DT,DATE
rpt-network-plng,sitetracker_data,ST_DAMAGES_2021_TO_CURRENT_V,FW_PLAN_AMOUNT,NUMERIC
rpt-network-plng,sitetracker_data,ST_DAMAGES_2021_TO_CURRENT_V,FW_ACTUAL_PTD,NUMERIC
rpt-network-plng,sitetracker_data,ST_DAMAGES_2021_TO_CURRENT_V,FW_ENG_RESPONSIBLE_PERSON,STRING
rpt-network-plng,sitetracker_data,ST_DAMAGES_2021_TO_CURRENT_V,FW_RP_CUID,STRING
rpt-network-plng,sitetracker_data,ST_DAMAGES_2021_TO_CURRENT_V,FW_ENG_CREATE_PERSON,STRING
rpt-network-plng,sitetracker_data,ST_DAMAGES_2021_TO_CURRENT_V,FW_ENG_CONSTR_CORD,STRING
rpt-network-plng,sitetracker_data,ST_DAMAGES_2021_TO_CURRENT_V,ENG_EMP_STATUS,STRING
rpt-network-plng,sitetracker_data,ST_DAMAGES_2021_TO_CURRENT_V,ENG_SRO_NM,STRING
rpt-network-plng,sitetracker_data,ST_DAMAGES_2021_TO_CURRENT_V,ENG_MRO_NM,STRING
rpt-network-plng,sitetracker_data,ST_DAMAGES_2021_TO_CURRENT_V,ENG_DIR_NM,STRING
rpt-network-plng,sitetracker_data,ST_DAMAGES_2021_TO_CURRENT_V,ENG_VPO_NM,STRING
rpt-network-plng,sitetracker_data,ST_DAMAGES_2021_TO_CURRENT_V,ENG_RGN_NM,STRING
rpt-network-plng,sitetracker_data,ST_DAMAGES_2021_TO_CURRENT_V,TOTAL_INVOICED,NUMERIC
rpt-network-plng,sitetracker_data,ST_DAMAGES_2021_TO_CURRENT_V,ACTIONABLE_FLAG,STRING
rpt-network-plng,sitetracker_data,ST_DAMAGES_2021_TO_CURRENT_V,FLAG_FOR_DELETION,NUMERIC
rpt-network-plng,sitetracker_data,ST_DAMAGES_2021_TO_CURRENT_V,INVESTMENT_REASON,STRING
rpt-network-plng,sitetracker_data,ST_DAMAGES_2021_TO_CURRENT_V,MATERIALS_RECEIVED_A,TIMESTAMP
rpt-network-plng,sitetracker_data,ST_DAMAGES_2021_TO_CURRENT_V,MATERIALS_RECEIVED_F,TIMESTAMP
rpt-network-plng,sitetracker_data,ST_DAMAGES_2021_TO_CURRENT_V,ORDER_MATERIALS_A,TIMESTAMP
rpt-network-plng,sitetracker_data,ST_DAMAGES_2021_TO_CURRENT_V,ORDER_MATERIALS_F,TIMESTAMP
rpt-network-plng,sitetracker_data,ST_DAMAGES_2021_TO_CURRENT_V,OSP_ENG_DIRECTOR_NAME,STRING
rpt-network-plng,sitetracker_data,ST_DAMAGES_2021_TO_CURRENT_V,OSP_MANAGER_NAME,STRING
rpt-network-plng,sitetracker_data,ST_DAMAGES_2021_TO_CURRENT_V,PERMITTING_RIGHT_OF_WAY_DEPENDENCIES_A,TIMESTAMP
rpt-network-plng,sitetracker_data,ST_DAMAGES_2021_TO_CURRENT_V,PERMITTING_RIGHT_OF_WAY_DEPENDENCIES_F,TIMESTAMP
rpt-network-plng,sitetracker_data,ST_DAMAGES_2021_TO_CURRENT_V,PLACING_A,TIMESTAMP
rpt-network-plng,sitetracker_data,ST_DAMAGES_2021_TO_CURRENT_V,PLACING_F,TIMESTAMP
rpt-network-plng,sitetracker_data,ST_DAMAGES_2021_TO_CURRENT_V,PRIMARY_WIRE_CENTER_ID,STRING
rpt-network-plng,sitetracker_data,ST_DAMAGES_2021_TO_CURRENT_V,PRIMARY_WIRE_CENTER_NAME,STRING
rpt-network-plng,sitetracker_data,ST_DAMAGES_2021_TO_CURRENT_V,PROGRAM_NAME,STRING
rpt-network-plng,sitetracker_data,ST_DAMAGES_2021_TO_CURRENT_V,PROJECT_AUDIT_COMMENTS,STRING
rpt-network-plng,sitetracker_data,ST_DAMAGES_2021_TO_CURRENT_V,PROJECT_AUDIT_REQUESTED,NUMERIC
rpt-network-plng,sitetracker_data,ST_DAMAGES_2021_TO_CURRENT_V,PROJECT_DESCRIPTION,STRING
rpt-network-plng,sitetracker_data,ST_DAMAGES_2021_TO_CURRENT_V,PROJECT_NAME,STRING
rpt-network-plng,sitetracker_data,ST_DAMAGES_2021_TO_CURRENT_V,PROJECT_STATUS_OVERRIDE,NUMERIC
rpt-network-plng,sitetracker_data,ST_DAMAGES_2021_TO_CURRENT_V,PROJECT_STATUS_OVERRIDE_REASON,STRING
rpt-network-plng,sitetracker_data,ST_DAMAGES_2021_TO_CURRENT_V,RECORD_UPDATES_FINAL_POST_A,TIMESTAMP
rpt-network-plng,sitetracker_data,ST_DAMAGES_2021_TO_CURRENT_V,RECORD_UPDATES_FINAL_POST_F,TIMESTAMP
rpt-network-plng,sitetracker_data,ST_DAMAGES_2021_TO_CURRENT_V,RELEASED_TO_CONSTRUCTION_A,TIMESTAMP
rpt-network-plng,sitetracker_data,ST_DAMAGES_2021_TO_CURRENT_V,RELEASED_TO_CONSTRUCTION_F,TIMESTAMP
rpt-network-plng,sitetracker_data,ST_DAMAGES_2021_TO_CURRENT_V,RESPONSIBLE_PERSON_NAME,STRING
rpt-network-plng,sitetracker_data,ST_DAMAGES_2021_TO_CURRENT_V,SAP_SYSTEM_STATUS,STRING
rpt-network-plng,sitetracker_data,ST_DAMAGES_2021_TO_CURRENT_V,SERVICE_AREA,STRING
rpt-network-plng,sitetracker_data,ST_DAMAGES_2021_TO_CURRENT_V,PROJECT_STATUS,STRING
rpt-network-plng,sitetracker_data,ST_DAMAGES_2021_TO_CURRENT_V,SOW_FORM,STRING
rpt-network-plng,sitetracker_data,ST_DAMAGES_2021_TO_CURRENT_V,ST_PROJECT_URL,STRING
rpt-network-plng,sitetracker_data,ST_DAMAGES_2021_TO_CURRENT_V,PROJECT_TYPE,STRING
rpt-network-plng,sitetracker_data,ST_DAMAGES_2021_TO_CURRENT_V,STATE,STRING
rpt-network-plng,sitetracker_data,ST_DAMAGES_2021_TO_CURRENT_V,SUBMIT_SPLICING_CUTOVER_A,TIMESTAMP
rpt-network-plng,sitetracker_data,ST_DAMAGES_2021_TO_CURRENT_V,SUBMIT_SPLICING_CUTOVER_F,TIMESTAMP
rpt-network-plng,sitetracker_data,ST_DAMAGES_2021_TO_CURRENT_V,TECHNICALLY_COMPLETE_A,TIMESTAMP
rpt-network-plng,sitetracker_data,ST_DAMAGES_2021_TO_CURRENT_V,TECHNICALLY_COMPLETE_F,TIMESTAMP
rpt-network-plng,sitetracker_data,ST_DAMAGES_2021_TO_CURRENT_V,UPLOAD_ASBUILTS_A,TIMESTAMP
rpt-network-plng,sitetracker_data,ST_DAMAGES_2021_TO_CURRENT_V,UPLOAD_ASBUILTS_F,TIMESTAMP
rpt-network-plng,sitetracker_data,ST_DAMAGES_2021_TO_CURRENT_V,VENDOR_CONTRACT_ASSIGNMENT,STRING
rpt-network-plng,sitetracker_data,ST_DAMAGES_2021_TO_CURRENT_V,VERB_CODE_AND_DESCRIPTION,STRING
rpt-network-plng,sitetracker_data,ST_DAMAGES_2021_TO_CURRENT_V,VERIFY_ACTUALS_A,TIMESTAMP
rpt-network-plng,sitetracker_data,ST_DAMAGES_2021_TO_CURRENT_V,VERIFY_ACTUALS_F,TIMESTAMP
rpt-network-plng,sitetracker_data,ST_DAMAGES_2021_TO_CURRENT_V,WRECKING_RESTORAL_A,TIMESTAMP
rpt-network-plng,sitetracker_data,ST_DAMAGES_2021_TO_CURRENT_V,WRECKING_RESTORAL_F,TIMESTAMP
rpt-network-plng,sitetracker_data,ST_DAMAGES_2021_TO_CURRENT_V,FUNDING_REQUEST_RECEIVED_A,TIMESTAMP
rpt-network-plng,sitetracker_data,ST_DAMAGES_2021_TO_CURRENT_V,FUNDING_REQUEST_RECEIVED_F,TIMESTAMP
rpt-network-plng,sitetracker_data,ST_DAMAGES_2021_TO_CURRENT_V,FUNDING_REQUEST_SUBMITTED_A,TIMESTAMP
rpt-network-plng,sitetracker_data,ST_DAMAGES_2021_TO_CURRENT_V,FUNDING_REQUEST_SUBMITTED_F,TIMESTAMP
rpt-network-plng,sitetracker_data,ST_DAMAGES_2021_TO_CURRENT_V,FURTHEST_COMPLETED_ACTIVITY,STRING
rpt-network-plng,sitetracker_data,ST_DAMAGES_2021_TO_CURRENT_V,FINALIZE_ALL_VENDOR_INVOICING_A,TIMESTAMP
rpt-network-plng,sitetracker_data,ST_DAMAGES_2021_TO_CURRENT_V,FINALIZE_ALL_VENDOR_INVOICING_F,TIMESTAMP
rpt-network-plng,sitetracker_data,ST_FXP_SITES_T,ST_PROJECT_ID,STRING
rpt-network-plng,sitetracker_data,ST_FXP_SITES_T,PROJECT_TYPE,STRING
rpt-network-plng,sitetracker_data,ST_FXP_SITES_T,REGION,STRING
rpt-network-plng,sitetracker_data,ST_FXP_SITES_T,STATE,STRING
rpt-network-plng,sitetracker_data,ST_FXP_SITES_T,COUNTY,STRING
rpt-network-plng,sitetracker_data,ST_FXP_SITES_T,CITY,STRING
rpt-network-plng,sitetracker_data,ST_FXP_SITES_T,EXCHANGE_NAME,STRING
rpt-network-plng,sitetracker_data,ST_FXP_SITES_T,EXCHANGE,STRING
rpt-network-plng,sitetracker_data,ST_FXP_SITES_T,COMPANY_CODE,STRING
rpt-network-plng,sitetracker_data,ST_FXP_SITES_T,LEGACY_COMPANY,STRING
rpt-network-plng,sitetracker_data,ST_FXP_SITES_T,MARKET_CLUSTER,STRING
rpt-network-plng,sitetracker_data,ST_FXP_SITES_T,PRIMARY_WIRE_CENTER_ID,STRING
rpt-network-plng,sitetracker_data,ST_FXP_SITES_T,PRIMARY_WIRE_CENTER_NAME,STRING
rpt-network-plng,sitetracker_data,ST_FXP_SITES_T,FW_PROJECT_ID,STRING
rpt-network-plng,sitetracker_data,ST_FXP_SITES_T,OSP_ENGINEER_NAME,STRING
rpt-network-plng,sitetracker_data,ST_FXP_SITES_T,OSP_ENGINEER_CUID,STRING
rpt-network-plng,sitetracker_data,ST_FXP_SITES_T,CONSTRUCTION_COORDINATOR_NAME,STRING
rpt-network-plng,sitetracker_data,ST_FXP_SITES_T,CONSTRUCTION_COORDINATOR_CUID,STRING
rpt-network-plng,sitetracker_data,ST_FXP_SITES_T,GPON_PM_NAME,STRING
rpt-network-plng,sitetracker_data,ST_FXP_SITES_T,GPON_PM_CUID,STRING
rpt-network-plng,sitetracker_data,ST_FXP_SITES_T,IMPLEMENTATION_PM_NAME,STRING
rpt-network-plng,sitetracker_data,ST_FXP_SITES_T,IMPLEMENTATION_PM_CUID,STRING
rpt-network-plng,sitetracker_data,ST_FXP_SITES_T,MARKETING_PM_NAME,STRING
rpt-network-plng,sitetracker_data,ST_FXP_SITES_T,MARKETING_PM_CUID,STRING
rpt-network-plng,sitetracker_data,ST_FXP_SITES_T,OSP_ENG_DIRECTOR_NAME,STRING
rpt-network-plng,sitetracker_data,ST_FXP_SITES_T,OSP_ENG_DIRECTOR_CUID,STRING
rpt-network-plng,sitetracker_data,ST_FXP_SITES_T,OSP_MANAGER_NAME,STRING
rpt-network-plng,sitetracker_data,ST_FXP_SITES_T,OSP_MANAGER_CUID,STRING
rpt-network-plng,sitetracker_data,ST_FXP_SITES_T,PLANNER_NAME,STRING
rpt-network-plng,sitetracker_data,ST_FXP_SITES_T,PLANNER_CUID,STRING
rpt-network-plng,sitetracker_data,ST_FXP_SITES_T,PLANNING_MANAGER_NAME,STRING
rpt-network-plng,sitetracker_data,ST_FXP_SITES_T,PLANNING_MANAGER_CUID,STRING
rpt-network-plng,sitetracker_data,ST_FXP_SITES_T,RESPONSIBLE_PERSON_NAME,STRING
rpt-network-plng,sitetracker_data,ST_FXP_SITES_T,RESPONSIBLE_PERSON_CUID,STRING
rpt-network-plng,sitetracker_data,ST_FXP_SITES_T,SALES_ENGINEER_NAME,STRING
rpt-network-plng,sitetracker_data,ST_FXP_SITES_T,SALES_ENGINEER_CUID,STRING
rpt-network-plng,sitetracker_data,ST_FXP_SITES_T,SPLICING_SUPERVISOR_NAME,STRING
rpt-network-plng,sitetracker_data,ST_FXP_SITES_T,SPLICING_SUPERVISOR_CUID,STRING
rpt-network-plng,sitetracker_data,ST_FXP_SITES_T,ONA,STRING
rpt-network-plng,sitetracker_data,ST_FXP_SITES_T,ONA_CUID,STRING
rpt-network-plng,sitetracker_data,ST_FXP_SITES_T,LAST_MODIFIED_BY_NAME,STRING
rpt-network-plng,sitetracker_data,ST_FXP_SITES_T,LAST_MODIFIED_BY_CUID,STRING
rpt-network-plng,sitetracker_data,ST_FXP_SITES_T,SL_NAME,STRING
rpt-network-plng,sitetracker_data,ST_FXP_SITES_T,SL_CUID,STRING
rpt-network-plng,sitetracker_data,ST_FXP_SITES_T,ORIGINAL_ECD_NCD,TIMESTAMP
rpt-network-plng,sitetracker_data,ST_FXP_SITES_T,MODIFIED_ECD,TIMESTAMP
rpt-network-plng,sitetracker_data,ST_FXP_SITES_T,ECD_LOGIC,TIMESTAMP
rpt-network-plng,sitetracker_data,ST_FXP_SITES_T,ML_ECD_LOGIC,TIMESTAMP
rpt-network-plng,sitetracker_data,ST_FXP_SITES_T,ADDRESS,STRING
rpt-network-plng,sitetracker_data,ST_FXP_SITES_T,ADDRESS_QUALIFICATION,STRING
rpt-network-plng,sitetracker_data,ST_FXP_SITES_T,AERIAL_ATTACHMENT_REQUIRED,STRING
rpt-network-plng,sitetracker_data,ST_FXP_SITES_T,AID_TO_CONSTRUCTION_REQUIRED,STRING
rpt-network-plng,sitetracker_data,ST_FXP_SITES_T,APO_AUDIT_A,TIMESTAMP
rpt-network-plng,sitetracker_data,ST_FXP_SITES_T,APO_AUDIT_F,TIMESTAMP
rpt-network-plng,sitetracker_data,ST_FXP_SITES_T,ATC_APPROVED,STRING
rpt-network-plng,sitetracker_data,ST_FXP_SITES_T,ATC_COST_SENT_TO_DEVELOPER_A,TIMESTAMP
rpt-network-plng,sitetracker_data,ST_FXP_SITES_T,ATC_COST_SENT_TO_DEVELOPER_F,TIMESTAMP
rpt-network-plng,sitetracker_data,ST_FXP_SITES_T,ATC_RECEIVED_FROM_DEVELOPER_A,TIMESTAMP
rpt-network-plng,sitetracker_data,ST_FXP_SITES_T,ATC_RECEIVED_FROM_DEVELOPER_F,TIMESTAMP
rpt-network-plng,sitetracker_data,ST_FXP_SITES_T,BID_ACCEPTANCE_A,TIMESTAMP
rpt-network-plng,sitetracker_data,ST_FXP_SITES_T,BID_ACCEPTANCE_F,TIMESTAMP
rpt-network-plng,sitetracker_data,ST_FXP_SITES_T,BID_CREATION_A,TIMESTAMP
rpt-network-plng,sitetracker_data,ST_FXP_SITES_T,BID_CREATION_F,TIMESTAMP
rpt-network-plng,sitetracker_data,ST_FXP_SITES_T,BID_POSTING_A,TIMESTAMP
rpt-network-plng,sitetracker_data,ST_FXP_SITES_T,BID_POSTING_F,TIMESTAMP
rpt-network-plng,sitetracker_data,ST_FXP_SITES_T,BUILD_OR_NO_BUILD,STRING
rpt-network-plng,sitetracker_data,ST_FXP_SITES_T,BID_VS_LEC_VENDOR_ASSIGNMENT,STRING
rpt-network-plng,sitetracker_data,ST_FXP_SITES_T,BUILDER_EMAIL,STRING
rpt-network-plng,sitetracker_data,ST_FXP_SITES_T,BUILDER_NAME_SITE_NAME,STRING
rpt-network-plng,sitetracker_data,ST_FXP_SITES_T,BUILDER_PHONE,STRING
rpt-network-plng,sitetracker_data,ST_FXP_SITES_T,BUILDER_SITE_CONTACT_INFO,STRING
rpt-network-plng,sitetracker_data,ST_FXP_SITES_T,BURIED_AERIAL_CONDUIT,STRING
rpt-network-plng,sitetracker_data,ST_FXP_SITES_T,BUSINESS_CASE,STRING
rpt-network-plng,sitetracker_data,ST_FXP_SITES_T,CABLE_TYPE,STRING
rpt-network-plng,sitetracker_data,ST_FXP_SITES_T,CAD_DESIGN_COMPLETE_A,TIMESTAMP
rpt-network-plng,sitetracker_data,ST_FXP_SITES_T,CAD_DESIGN_COMPLETE_F,TIMESTAMP
rpt-network-plng,sitetracker_data,ST_FXP_SITES_T,CAD_DESIGN_STARTED_A,TIMESTAMP
rpt-network-plng,sitetracker_data,ST_FXP_SITES_T,CAD_DESIGN_STARTED_F,TIMESTAMP
rpt-network-plng,sitetracker_data,ST_FXP_SITES_T,CAPITAL_APPROVAL_CODE,STRING
rpt-network-plng,sitetracker_data,ST_FXP_SITES_T,CAPITAL_DESIGN_COMPLETE_A,TIMESTAMP
rpt-network-plng,sitetracker_data,ST_FXP_SITES_T,CAPITAL_DESIGN_COMPLETE_F,TIMESTAMP
rpt-network-plng,sitetracker_data,ST_FXP_SITES_T,CAPITAL_DESIGN_REQUEST_A,TIMESTAMP
rpt-network-plng,sitetracker_data,ST_FXP_SITES_T,CAPITAL_DESIGN_REQUEST_F,TIMESTAMP
rpt-network-plng,sitetracker_data,ST_FXP_SITES_T,CCID,STRING
rpt-network-plng,sitetracker_data,ST_FXP_SITES_T,CET_OPPORTUNITY_ID,STRING
rpt-network-plng,sitetracker_data,ST_FXP_SITES_T,CLOSE_FINANCIAL_TOOL_A,TIMESTAMP
rpt-network-plng,sitetracker_data,ST_FXP_SITES_T,CLOSE_FINANCIAL_TOOL_F,TIMESTAMP
rpt-network-plng,sitetracker_data,ST_FXP_SITES_T,CMS_REVIEW_E7_2_SHELVES_ONLY_A,TIMESTAMP
rpt-network-plng,sitetracker_data,ST_FXP_SITES_T,CMS_REVIEW_E7_2_SHELVES_ONLY_F,TIMESTAMP
rpt-network-plng,sitetracker_data,ST_FXP_SITES_T,CO_ADDRESS,STRING
rpt-network-plng,sitetracker_data,ST_FXP_SITES_T,CO_CLLI,STRING
rpt-network-plng,sitetracker_data,ST_FXP_SITES_T,CO_EQUIP_CLLI,STRING
rpt-network-plng,sitetracker_data,ST_FXP_SITES_T,COMMUNITY_OR_SERVING_AREA_NAME,STRING
rpt-network-plng,sitetracker_data,ST_FXP_SITES_T,COMPETITOR,STRING
rpt-network-plng,sitetracker_data,ST_FXP_SITES_T,CONSTRUCTION_CATEGORY_1,STRING
rpt-network-plng,sitetracker_data,ST_FXP_SITES_T,CONSTRUCTION_CATEGORY_2,STRING
rpt-network-plng,sitetracker_data,ST_FXP_SITES_T,CONSTRUCTION_COORD_SPLICING_SUPERVISOR,NUMERIC
rpt-network-plng,sitetracker_data,ST_FXP_SITES_T,CONSTRUCTION_FUNDED,STRING
rpt-network-plng,sitetracker_data,ST_FXP_SITES_T,CONSTRUCTION_VENDOR_1,STRING
rpt-network-plng,sitetracker_data,ST_FXP_SITES_T,CONSTRUCTION_VENDOR_2,STRING
rpt-network-plng,sitetracker_data,ST_FXP_SITES_T,CONTRACT_AGREEMENT_STATUS,STRING
rpt-network-plng,sitetracker_data,ST_FXP_SITES_T,COST_ESTIMATE_A,TIMESTAMP
rpt-network-plng,sitetracker_data,ST_FXP_SITES_T,COST_ESTIMATE_F,TIMESTAMP
rpt-network-plng,sitetracker_data,ST_FXP_SITES_T,COSTING_APPROVAL_UPLOADED,NUMERIC
rpt-network-plng,sitetracker_data,ST_FXP_SITES_T,CREATED_DATE,TIMESTAMP
rpt-network-plng,sitetracker_data,ST_FXP_SITES_T,CREATE_POLYGON_A,TIMESTAMP
rpt-network-plng,sitetracker_data,ST_FXP_SITES_T,CREATE_POLYGON_F,TIMESTAMP
rpt-network-plng,sitetracker_data,ST_FXP_SITES_T,CURRENT_OPEN_ACTIVITY,STRING
rpt-network-plng,sitetracker_data,ST_FXP_SITES_T,DATE_AUDIT_COMPLETED,TIMESTAMP
rpt-network-plng,sitetracker_data,ST_FXP_SITES_T,DATE_AUDIT_STARTED,TIMESTAMP
rpt-network-plng,sitetracker_data,ST_FXP_SITES_T,DATE_OF_POST,TIMESTAMP
rpt-network-plng,sitetracker_data,ST_FXP_SITES_T,DEV_TYPE,STRING
rpt-network-plng,sitetracker_data,ST_FXP_SITES_T,DEVELOPER_CONTACT_INFO,STRING
rpt-network-plng,sitetracker_data,ST_FXP_SITES_T,DEVELOPER_FINAL_PLATS_RECEIVED_A,TIMESTAMP
rpt-network-plng,sitetracker_data,ST_FXP_SITES_T,DEVELOPER_FINAL_PLATS_RECEIVED_F,TIMESTAMP
rpt-network-plng,sitetracker_data,ST_FXP_SITES_T,DEVELOPER_EMAIL,STRING
rpt-network-plng,sitetracker_data,ST_FXP_SITES_T,DEVELOPER_NAME,STRING
rpt-network-plng,sitetracker_data,ST_FXP_SITES_T,DEVELOPER_PHONE,STRING
rpt-network-plng,sitetracker_data,ST_FXP_SITES_T,DEVELOPMENT_ADDRESS,STRING
rpt-network-plng,sitetracker_data,ST_FXP_SITES_T,EASEMENT_REQUIRED,STRING
rpt-network-plng,sitetracker_data,ST_FXP_SITES_T,EASEMENT_ROW_RECEIVED_A,TIMESTAMP
rpt-network-plng,sitetracker_data,ST_FXP_SITES_T,EASEMENT_ROW_RECEIVED_F,TIMESTAMP
rpt-network-plng,sitetracker_data,ST_FXP_SITES_T,EASEMENT_ROW_REQUESTED_A,TIMESTAMP
rpt-network-plng,sitetracker_data,ST_FXP_SITES_T,EASEMENT_ROW_REQUESTED_F,TIMESTAMP
rpt-network-plng,sitetracker_data,ST_FXP_SITES_T,EASEMENT_ROW_REQUIRED,STRING
rpt-network-plng,sitetracker_data,ST_FXP_SITES_T,ENGINEER_REVIEWS_POLYGON_COMPLETE_A,TIMESTAMP
rpt-network-plng,sitetracker_data,ST_FXP_SITES_T,ENGINEER_REVIEWS_POLYGON_COMPLETE_F,TIMESTAMP
rpt-network-plng,sitetracker_data,ST_FXP_SITES_T,ENGINEERING_CATEGORY_1,STRING
rpt-network-plng,sitetracker_data,ST_FXP_SITES_T,ENGINEERING_CATEGORY_2,STRING
rpt-network-plng,sitetracker_data,ST_FXP_SITES_T,ENGINEERING_COMPLETE_A,TIMESTAMP
rpt-network-plng,sitetracker_data,ST_FXP_SITES_T,ENGINEERING_COMPLETE_F,TIMESTAMP
rpt-network-plng,sitetracker_data,ST_FXP_SITES_T,ENGINEERING_FUNDED,STRING
rpt-network-plng,sitetracker_data,ST_FXP_SITES_T,ENGINEERING_FUNDING_COMMENTS,STRING
rpt-network-plng,sitetracker_data,ST_FXP_SITES_T,ENGINEERING_STATE,STRING
rpt-network-plng,sitetracker_data,ST_FXP_SITES_T,ENGINEERING_VENDOR_1,STRING
rpt-network-plng,sitetracker_data,ST_FXP_SITES_T,ENGINEERING_VENDOR_2,STRING
rpt-network-plng,sitetracker_data,ST_FXP_SITES_T,F1_FOOTAGE_PLCG_COMPLETE,NUMERIC
rpt-network-plng,sitetracker_data,ST_FXP_SITES_T,F1_FOOTAGE_SPL_COMPLETE,NUMERIC
rpt-network-plng,sitetracker_data,ST_FXP_SITES_T,F1_PLCG_PERCENTAGE_COMPLETE,NUMERIC
rpt-network-plng,sitetracker_data,ST_FXP_SITES_T,F1_SPL_PERCENTAGE_COMPLETE,NUMERIC
rpt-network-plng,sitetracker_data,ST_FXP_SITES_T,F2_FOOTAGE_PLCG_COMPLETE,NUMERIC
rpt-network-plng,sitetracker_data,ST_FXP_SITES_T,F2_FOOTAGE_SPL_COMPLETE,NUMERIC
rpt-network-plng,sitetracker_data,ST_FXP_SITES_T,F2_PLCG_PERCENTAGE_COMPLETE,NUMERIC
rpt-network-plng,sitetracker_data,ST_FXP_SITES_T,F2_SPL_PERCENTAGE_COMPLETE,NUMERIC
rpt-network-plng,sitetracker_data,ST_FXP_SITES_T,FEED_FIBER_NAME_AND_COUNT,STRING
rpt-network-plng,sitetracker_data,ST_FXP_SITES_T,FEEDER_PLANNING_A,TIMESTAMP
rpt-network-plng,sitetracker_data,ST_FXP_SITES_T,FEEDER_PLANNING_F,TIMESTAMP
rpt-network-plng,sitetracker_data,ST_FXP_SITES_T,FIBER_DB_LOSS,STRING
rpt-network-plng,sitetracker_data,ST_FXP_SITES_T,FIBER_DISTANCE,STRING
rpt-network-plng,sitetracker_data,ST_FXP_SITES_T,FIELD_TYPE,STRING
rpt-network-plng,sitetracker_data,ST_FXP_SITES_T,FINALIZE_ALL_VENDOR_INVOICING_A,TIMESTAMP
rpt-network-plng,sitetracker_data,ST_FXP_SITES_T,FINALIZE_ALL_VENDOR_INVOICING_F,TIMESTAMP
rpt-network-plng,sitetracker_data,ST_FXP_SITES_T,FINALIZE_NETWORK_DESIGN_A,TIMESTAMP
rpt-network-plng,sitetracker_data,ST_FXP_SITES_T,FINALIZE_NETWORK_DESIGN_F,TIMESTAMP
rpt-network-plng,sitetracker_data,ST_FXP_SITES_T,FIRST_OCC_OUT_OF_SYNC_WITH_SALESFORCE,NUMERIC
rpt-network-plng,sitetracker_data,ST_FXP_SITES_T,FIRST_OCCUPANCY_TGT_DT,TIMESTAMP
rpt-network-plng,sitetracker_data,ST_FXP_SITES_T,FIRST_SERVICE_FIRE_ALARM_ELEVATOR,STRING
rpt-network-plng,sitetracker_data,ST_FXP_SITES_T,FLAG_FOR_DELETION,NUMERIC
rpt-network-plng,sitetracker_data,ST_FXP_SITES_T,FLAG_FOR_MIGRATION,NUMERIC
rpt-network-plng,sitetracker_data,ST_FXP_SITES_T,FRAME,STRING
rpt-network-plng,sitetracker_data,ST_FXP_SITES_T,FSAI_ADDRESS,STRING
rpt-network-plng,sitetracker_data,ST_FXP_SITES_T,FSAI_CLLI,STRING
rpt-network-plng,sitetracker_data,ST_FXP_SITES_T,FSAI_MANUFACTURER,STRING
rpt-network-plng,sitetracker_data,ST_FXP_SITES_T,FSAI_SIZE,STRING
rpt-network-plng,sitetracker_data,ST_FXP_SITES_T,FSAI_TAPER_DA_CODE,STRING
rpt-network-plng,sitetracker_data,ST_FXP_SITES_T,FSAI_TO_ONT_S,STRING
rpt-network-plng,sitetracker_data,ST_FXP_SITES_T,FTHGN_NAME_AND_COUNT,STRING
rpt-network-plng,sitetracker_data,ST_FXP_SITES_T,FUNDING_DOCUMENTS_PREP_PRECHECKS_A,TIMESTAMP
rpt-network-plng,sitetracker_data,ST_FXP_SITES_T,FUNDING_DOCUMENTS_PREP_PRECHECKS_F,TIMESTAMP
rpt-network-plng,sitetracker_data,ST_FXP_SITES_T,FUNDING_REQUEST_RECEIVED_A,TIMESTAMP
rpt-network-plng,sitetracker_data,ST_FXP_SITES_T,FUNDING_REQUEST_RECEIVED_F,TIMESTAMP
rpt-network-plng,sitetracker_data,ST_FXP_SITES_T,FUNDING_REQUEST_SUBMITTED_A,TIMESTAMP
rpt-network-plng,sitetracker_data,ST_FXP_SITES_T,FUNDING_REQUEST_SUBMITTED_F,TIMESTAMP
rpt-network-plng,sitetracker_data,ST_FXP_SITES_T,FURTHEST_COMPLETED_ACTIVITY,STRING
rpt-network-plng,sitetracker_data,ST_FXP_SITES_T,GEOSPATIAL_CHECKS_PASSED_A,TIMESTAMP
rpt-network-plng,sitetracker_data,ST_FXP_SITES_T,GEOSPATIAL_CHECKS_PASSED_F,TIMESTAMP
rpt-network-plng,sitetracker_data,ST_FXP_SITES_T,GEOSPATIAL_SUBMITTED_TO_BRAIN_A,TIMESTAMP
rpt-network-plng,sitetracker_data,ST_FXP_SITES_T,GEOSPATIAL_SUBMITTED_TO_BRAIN_F,TIMESTAMP
rpt-network-plng,sitetracker_data,ST_FXP_SITES_T,GOOGLE_ADDRESS_VALIDATION_FALLOUT_A,TIMESTAMP
rpt-network-plng,sitetracker_data,ST_FXP_SITES_T,GOOGLE_ADDRESS_VALIDATION_FALLOUT_F,TIMESTAMP
rpt-network-plng,sitetracker_data,ST_FXP_SITES_T,GOOGLE_UPDATE_REQUEST_A,TIMESTAMP
rpt-network-plng,sitetracker_data,ST_FXP_SITES_T,GOOGLE_UPDATE_REQUEST_F,TIMESTAMP
rpt-network-plng,sitetracker_data,ST_FXP_SITES_T,GRATIS,STRING
rpt-network-plng,sitetracker_data,ST_FXP_SITES_T,GRATIS_ORDER,STRING
rpt-network-plng,sitetracker_data,ST_FXP_SITES_T,HANDED_OFF_TO_ENGINEER_A,TIMESTAMP
rpt-network-plng,sitetracker_data,ST_FXP_SITES_T,HANDED_OFF_TO_ENGINEER_F,TIMESTAMP
rpt-network-plng,sitetracker_data,ST_FXP_SITES_T,HANDOFF_TO_PLANNING_A,TIMESTAMP
rpt-network-plng,sitetracker_data,ST_FXP_SITES_T,HANDOFF_TO_PLANNING_F,TIMESTAMP
rpt-network-plng,sitetracker_data,ST_FXP_SITES_T,HELD_ORDER_ID,STRING
rpt-network-plng,sitetracker_data,ST_FXP_SITES_T,HIGH_COST_REVIEW,STRING
rpt-network-plng,sitetracker_data,ST_FXP_SITES_T,IMP_LUS_OUT_OF_SYNC_WITH_SALESFORCE,NUMERIC
rpt-network-plng,sitetracker_data,ST_FXP_SITES_T,IMP_PM_OUT_OF_SYNC_WITH_SALESFORCE,NUMERIC
rpt-network-plng,sitetracker_data,ST_FXP_SITES_T,IMPLEMENTATION_A,TIMESTAMP
rpt-network-plng,sitetracker_data,ST_FXP_SITES_T,IMPLEMENTATION_F,TIMESTAMP
rpt-network-plng,sitetracker_data,ST_FXP_SITES_T,INVENTORY_COMPLETE_A,TIMESTAMP
rpt-network-plng,sitetracker_data,ST_FXP_SITES_T,INVENTORY_COMPLETE_F,TIMESTAMP
rpt-network-plng,sitetracker_data,ST_FXP_SITES_T,INVENTORY_STACK,STRING
rpt-network-plng,sitetracker_data,ST_FXP_SITES_T,INVESTMENT_REASON,STRING
rpt-network-plng,sitetracker_data,ST_FXP_SITES_T,JOINT_TRENCH_MEETING_DATE_A,TIMESTAMP
rpt-network-plng,sitetracker_data,ST_FXP_SITES_T,JOINT_TRENCH_MEETING_DATE_F,TIMESTAMP
rpt-network-plng,sitetracker_data,ST_FXP_SITES_T,JOINT_TRENCH_MEETING,STRING
rpt-network-plng,sitetracker_data,ST_FXP_SITES_T,JOINT_TRENCH_READY_DATE,TIMESTAMP
rpt-network-plng,sitetracker_data,ST_FXP_SITES_T,LANDBASE_REQUEST_COMPLETED_A,TIMESTAMP
rpt-network-plng,sitetracker_data,ST_FXP_SITES_T,LANDBASE_REQUEST_COMPLETED_F,TIMESTAMP
rpt-network-plng,sitetracker_data,ST_FXP_SITES_T,LAST_MODIFIED_DATE,TIMESTAMP
rpt-network-plng,sitetracker_data,ST_FXP_SITES_T,LATITUDE,STRING
rpt-network-plng,sitetracker_data,ST_FXP_SITES_T,LEEP_F1_PORTION_A,TIMESTAMP
rpt-network-plng,sitetracker_data,ST_FXP_SITES_T,LEEP_F1_PORTION_F,TIMESTAMP
rpt-network-plng,sitetracker_data,ST_FXP_SITES_T,LEEP_F2_PORTION_A,TIMESTAMP
rpt-network-plng,sitetracker_data,ST_FXP_SITES_T,LEEP_F2_PORTION_F,TIMESTAMP
rpt-network-plng,sitetracker_data,ST_FXP_SITES_T,LEN_ASSIGNMENTS,STRING
rpt-network-plng,sitetracker_data,ST_FXP_SITES_T,LOAD_KMZ_FILE_INTERVAL_TABLES_A,TIMESTAMP
rpt-network-plng,sitetracker_data,ST_FXP_SITES_T,LOAD_KMZ_FILE_INTERVAL_TABLES_F,TIMESTAMP
rpt-network-plng,sitetracker_data,ST_FXP_SITES_T,LONGITUDE,STRING
rpt-network-plng,sitetracker_data,ST_FXP_SITES_T,LU_MISSED_ON_COMPLETE,NUMERIC
rpt-network-plng,sitetracker_data,ST_FXP_SITES_T,MAKE_READY_CONSTRUCTION_EST_CMP_P,TIMESTAMP
rpt-network-plng,sitetracker_data,ST_FXP_SITES_T,MAKE_READY_CONSTRUCTION_EST_CMP_S,TIMESTAMP
rpt-network-plng,sitetracker_data,ST_FXP_SITES_T,MAKE_READY_COST_P,NUMERIC
rpt-network-plng,sitetracker_data,ST_FXP_SITES_T,MAKE_READY_COST_S,NUMERIC
rpt-network-plng,sitetracker_data,ST_FXP_SITES_T,MAKE_READY_ESTIMATE_RECEIVED_A,TIMESTAMP
rpt-network-plng,sitetracker_data,ST_FXP_SITES_T,MAKE_READY_ESTIMATE_RECEIVED_F,TIMESTAMP
rpt-network-plng,sitetracker_data,ST_FXP_SITES_T,MAKE_READY_PAYMENT_SUBMITTED_A,TIMESTAMP
rpt-network-plng,sitetracker_data,ST_FXP_SITES_T,MAKE_READY_PAYMENT_SUBMITTED_F,TIMESTAMP
rpt-network-plng,sitetracker_data,ST_FXP_SITES_T,MAKE_READY_REQUIRED,STRING
rpt-network-plng,sitetracker_data,ST_FXP_SITES_T,MANUAL_OLS_LOAD_LAYER_1_A,TIMESTAMP
rpt-network-plng,sitetracker_data,ST_FXP_SITES_T,MANUAL_OLS_LOAD_LAYER_1_F,TIMESTAMP
rpt-network-plng,sitetracker_data,ST_FXP_SITES_T,MANUAL_OLS_RECEIVED,TIMESTAMP
rpt-network-plng,sitetracker_data,ST_FXP_SITES_T,MATERIALS_RECEIVED_A,TIMESTAMP
rpt-network-plng,sitetracker_data,ST_FXP_SITES_T,MATERIALS_RECEIVED_F,TIMESTAMP
rpt-network-plng,sitetracker_data,ST_FXP_SITES_T,MKTG_PM_NAME,STRING
rpt-network-plng,sitetracker_data,ST_FXP_SITES_T,MKTG_PM_COMPANY_ADDRESS,STRING
rpt-network-plng,sitetracker_data,ST_FXP_SITES_T,MKTG_PM_CONTACT_COMPANY,STRING
rpt-network-plng,sitetracker_data,ST_FXP_SITES_T,MKTG_PM_CONTACT_EMAIL,STRING
rpt-network-plng,sitetracker_data,ST_FXP_SITES_T,MKTG_PM_CONTACT_PHONE,STRING
rpt-network-plng,sitetracker_data,ST_FXP_SITES_T,MKTG_PM_CONTACT_TYPE,STRING
rpt-network-plng,sitetracker_data,ST_FXP_SITES_T,NDS_PROJECT_NAME,STRING
rpt-network-plng,sitetracker_data,ST_FXP_SITES_T,NDS_PROJECT_NUMBER,STRING
rpt-network-plng,sitetracker_data,ST_FXP_SITES_T,NDS_QF_QM_ERROR_CLEANUP_A,TIMESTAMP
rpt-network-plng,sitetracker_data,ST_FXP_SITES_T,NDS_QF_QM_ERROR_CLEANUP_F,TIMESTAMP
rpt-network-plng,sitetracker_data,ST_FXP_SITES_T,NDS_USER_ID,STRING
rpt-network-plng,sitetracker_data,ST_FXP_SITES_T,NEW_OR_EXISTING_FSAI,STRING
rpt-network-plng,sitetracker_data,ST_FXP_SITES_T,NI_ACCEPTED_HANDOFF_A,TIMESTAMP
rpt-network-plng,sitetracker_data,ST_FXP_SITES_T,NI_ACCEPTED_HANDOFF_F,TIMESTAMP
rpt-network-plng,sitetracker_data,ST_FXP_SITES_T,NO_BUILD_COMMENTS,STRING
rpt-network-plng,sitetracker_data,ST_FXP_SITES_T,NO_BUILD_NOTIFICATION_A,TIMESTAMP
rpt-network-plng,sitetracker_data,ST_FXP_SITES_T,NO_BUILD_NOTIFICATION_F,TIMESTAMP
rpt-network-plng,sitetracker_data,ST_FXP_SITES_T,NO_BUILD_PUN_FORM_SUBMITTED_A,TIMESTAMP
rpt-network-plng,sitetracker_data,ST_FXP_SITES_T,NO_BUILD_PUN_FORM_SUBMITTED_F,TIMESTAMP
rpt-network-plng,sitetracker_data,ST_FXP_SITES_T,NOTIFY_MARKETING_A,TIMESTAMP
rpt-network-plng,sitetracker_data,ST_FXP_SITES_T,NOTIFY_MARKETING_F,TIMESTAMP
rpt-network-plng,sitetracker_data,ST_FXP_SITES_T,NUMBER_OF_BUILD_LUS,NUMERIC
rpt-network-plng,sitetracker_data,ST_FXP_SITES_T,NUMBER_OF_CONSTRUCTED_SERVICE_LOCATIONS,NUMERIC
rpt-network-plng,sitetracker_data,ST_FXP_SITES_T,NUMBER_OF_INVENTORIED_SERVICE_LOCATIONS,NUMERIC
rpt-network-plng,sitetracker_data,ST_FXP_SITES_T,NUM_OF_LUS,NUMERIC
rpt-network-plng,sitetracker_data,ST_FXP_SITES_T,NUMBER_OF_POLES_P,NUMERIC
rpt-network-plng,sitetracker_data,ST_FXP_SITES_T,NUMBER_OF_POLES_S,NUMERIC
rpt-network-plng,sitetracker_data,ST_FXP_SITES_T,ODIN_LAYER_2_3_TA_PATH_DEVICE_A,TIMESTAMP
rpt-network-plng,sitetracker_data,ST_FXP_SITES_T,ODIN_LAYER_2_3_TA_PATH_DEVICE_F,TIMESTAMP
rpt-network-plng,sitetracker_data,ST_FXP_SITES_T,ODIN_LOAD_LAYER_1_A,TIMESTAMP
rpt-network-plng,sitetracker_data,ST_FXP_SITES_T,ODIN_LOAD_LAYER_1_F,TIMESTAMP
rpt-network-plng,sitetracker_data,ST_FXP_SITES_T,ODIN_LOAD_LAYER_2_3_SASKTEL_LOAD_A,TIMESTAMP
rpt-network-plng,sitetracker_data,ST_FXP_SITES_T,ODIN_LOAD_LAYER_2_3_SASKTEL_LOAD_F,TIMESTAMP
rpt-network-plng,sitetracker_data,ST_FXP_SITES_T,NUM_OF_LUS_SOW,NUMERIC
rpt-network-plng,sitetracker_data,ST_FXP_SITES_T,NUM_OF_PERMITS_SUBMITTED_P,NUMERIC
rpt-network-plng,sitetracker_data,ST_FXP_SITES_T,NUM_OF_PERMITS_SUBMITTED_S,NUMERIC
rpt-network-plng,sitetracker_data,ST_FXP_SITES_T,NUM_OF_SPLITTERS_BEING_PLACED,NUMERIC
rpt-network-plng,sitetracker_data,ST_FXP_SITES_T,OFFER_CONFIRMATION_A,TIMESTAMP
rpt-network-plng,sitetracker_data,ST_FXP_SITES_T,OFFER_CONFIRMATION_F,TIMESTAMP
rpt-network-plng,sitetracker_data,ST_FXP_SITES_T,OLT,STRING
rpt-network-plng,sitetracker_data,ST_FXP_SITES_T,OLT_ADDRESS,STRING
rpt-network-plng,sitetracker_data,ST_FXP_SITES_T,OLT_CARD,STRING
rpt-network-plng,sitetracker_data,ST_FXP_SITES_T,OLT_CLLI,STRING
rpt-network-plng,sitetracker_data,ST_FXP_SITES_T,OLT_CONFIGURATION,STRING
rpt-network-plng,sitetracker_data,ST_FXP_SITES_T,OLT_COUNT,STRING
rpt-network-plng,sitetracker_data,ST_FXP_SITES_T,OLT_F1_FIBER_SPLITTER_ASSIGNMENT,STRING
rpt-network-plng,sitetracker_data,ST_FXP_SITES_T,OLT_LOCATION,STRING
rpt-network-plng,sitetracker_data,ST_FXP_SITES_T,OLT_MANUFACTURER_TYPE,STRING
rpt-network-plng,sitetracker_data,ST_FXP_SITES_T,OLT_PORTS,STRING
rpt-network-plng,sitetracker_data,ST_FXP_SITES_T,OLT_SHELF,STRING
rpt-network-plng,sitetracker_data,ST_FXP_SITES_T,OLT_TO_FSAI,STRING
rpt-network-plng,sitetracker_data,ST_FXP_SITES_T,OLT_TYPE,STRING
rpt-network-plng,sitetracker_data,ST_FXP_SITES_T,ON_TIME,STRING
rpt-network-plng,sitetracker_data,ST_FXP_SITES_T,ONT_TYPE,STRING
rpt-network-plng,sitetracker_data,ST_FXP_SITES_T,OPPORTUNITY_CREATED_A,TIMESTAMP
rpt-network-plng,sitetracker_data,ST_FXP_SITES_T,OPPORTUNITY_CREATED_F,TIMESTAMP
rpt-network-plng,sitetracker_data,ST_FXP_SITES_T,ORDER_MATERIALS_A,TIMESTAMP
rpt-network-plng,sitetracker_data,ST_FXP_SITES_T,ORDER_MATERIALS_F,TIMESTAMP
rpt-network-plng,sitetracker_data,ST_FXP_SITES_T,OSP_CONSTRUCTION_COMPLETE_A,TIMESTAMP
rpt-network-plng,sitetracker_data,ST_FXP_SITES_T,OSP_CONSTRUCTION_COMPLETE_F,TIMESTAMP
rpt-network-plng,sitetracker_data,ST_FXP_SITES_T,OSP_CONSTRUCTION_START_A,TIMESTAMP
rpt-network-plng,sitetracker_data,ST_FXP_SITES_T,OSP_CONSTRUCTION_START_F,TIMESTAMP
rpt-network-plng,sitetracker_data,ST_FXP_SITES_T,PARTIAL_RFS_RECEIVED,TIMESTAMP
rpt-network-plng,sitetracker_data,ST_FXP_SITES_T,PATH_TO_LAYER_1,STRING
rpt-network-plng,sitetracker_data,ST_FXP_SITES_T,PERMIT_FEE,NUMERIC
rpt-network-plng,sitetracker_data,ST_FXP_SITES_T,PERMIT_FEE_S,NUMERIC
rpt-network-plng,sitetracker_data,ST_FXP_SITES_T,PERMITS_RECEIVED_A,TIMESTAMP
rpt-network-plng,sitetracker_data,ST_FXP_SITES_T,PERMITS_RECEIVED_F,TIMESTAMP
rpt-network-plng,sitetracker_data,ST_FXP_SITES_T,PERMITS_REQUIRED,STRING
rpt-network-plng,sitetracker_data,ST_FXP_SITES_T,PERMITS_SUBMITTED_A,TIMESTAMP
rpt-network-plng,sitetracker_data,ST_FXP_SITES_T,PERMITS_SUBMITTED_F,TIMESTAMP
rpt-network-plng,sitetracker_data,ST_FXP_SITES_T,PERMITTING_RIGHT_OF_WAY_DEPENDENCIES_A,TIMESTAMP
rpt-network-plng,sitetracker_data,ST_FXP_SITES_T,PERMITTING_RIGHT_OF_WAY_DEPENDENCIES_F,TIMESTAMP
rpt-network-plng,sitetracker_data,ST_FXP_SITES_T,PHASE_LUS_OUT_OF_SYNC_WITH_SALESFORCE,NUMERIC
rpt-network-plng,sitetracker_data,ST_FXP_SITES_T,PHASE_S_IMPLEMENTATION_A,TIMESTAMP
rpt-network-plng,sitetracker_data,ST_FXP_SITES_T,PHASE_S_IMPLEMENTATION_F,TIMESTAMP
rpt-network-plng,sitetracker_data,ST_FXP_SITES_T,PLACING_A,TIMESTAMP
rpt-network-plng,sitetracker_data,ST_FXP_SITES_T,PLACING_F,TIMESTAMP
rpt-network-plng,sitetracker_data,ST_FXP_SITES_T,PLANNER_REVIEWS_OFFER_DECISION_A,TIMESTAMP
rpt-network-plng,sitetracker_data,ST_FXP_SITES_T,PLANNER_REVIEWS_OFFER_DECISION_F,TIMESTAMP
rpt-network-plng,sitetracker_data,ST_FXP_SITES_T,PLANNING_ACCEPTS_HANDOFF_A,TIMESTAMP
rpt-network-plng,sitetracker_data,ST_FXP_SITES_T,PLANNING_ACCEPTS_HANDOFF_F,TIMESTAMP
rpt-network-plng,sitetracker_data,ST_FXP_SITES_T,PLANNING_GATE_DECISION_A,TIMESTAMP
rpt-network-plng,sitetracker_data,ST_FXP_SITES_T,PLANNING_GATE_DECISION_F,TIMESTAMP
rpt-network-plng,sitetracker_data,ST_FXP_SITES_T,PLANNING_GATE_SUBMITTAL_A,TIMESTAMP
rpt-network-plng,sitetracker_data,ST_FXP_SITES_T,PLANNING_GATE_SUBMITTAL_F,TIMESTAMP
rpt-network-plng,sitetracker_data,ST_FXP_SITES_T,PLANNING_HANDOFF_COMPLETE_A,TIMESTAMP
rpt-network-plng,sitetracker_data,ST_FXP_SITES_T,PLANNING_HANDOFF_COMPLETE_F,TIMESTAMP
rpt-network-plng,sitetracker_data,ST_FXP_SITES_T,PLATS_UPLOADED,NUMERIC
rpt-network-plng,sitetracker_data,ST_FXP_SITES_T,POLES_DENIED_S,NUMERIC
rpt-network-plng,sitetracker_data,ST_FXP_SITES_T,POLYGON_ECD,TIMESTAMP
rpt-network-plng,sitetracker_data,ST_FXP_SITES_T,POLYGON_ID,STRING
rpt-network-plng,sitetracker_data,ST_FXP_SITES_T,POLYGON_IN_PRODUCTION_A,TIMESTAMP
rpt-network-plng,sitetracker_data,ST_FXP_SITES_T,POLYGON_IN_PRODUCTION_F,TIMESTAMP
rpt-network-plng,sitetracker_data,ST_FXP_SITES_T,POLYGON_IN_SERVICE,STRING
rpt-network-plng,sitetracker_data,ST_FXP_SITES_T,POLYGON_IN_SERVICE_DATE,TIMESTAMP
rpt-network-plng,sitetracker_data,ST_FXP_SITES_T,POLYGON_STATUS,STRING
rpt-network-plng,sitetracker_data,ST_FXP_SITES_T,POM_DECISION_A,TIMESTAMP
rpt-network-plng,sitetracker_data,ST_FXP_SITES_T,POM_DECISION_F,TIMESTAMP
rpt-network-plng,sitetracker_data,ST_FXP_SITES_T,POM_REVIEW_A,TIMESTAMP
rpt-network-plng,sitetracker_data,ST_FXP_SITES_T,POM_REVIEW_F,TIMESTAMP
rpt-network-plng,sitetracker_data,ST_FXP_SITES_T,PORTS,STRING
rpt-network-plng,sitetracker_data,ST_FXP_SITES_T,POWER_COMPANY_NAME,STRING
rpt-network-plng,sitetracker_data,ST_FXP_SITES_T,POWER_SOURCE,STRING
rpt-network-plng,sitetracker_data,ST_FXP_SITES_T,POWER_SOURCE_LOCATION,STRING
rpt-network-plng,sitetracker_data,ST_FXP_SITES_T,PREMISE_EQUIPMENT_INSTALLED_A,TIMESTAMP
rpt-network-plng,sitetracker_data,ST_FXP_SITES_T,PREMISE_EQUIPMENT_INSTALLED_F,TIMESTAMP
rpt-network-plng,sitetracker_data,ST_FXP_SITES_T,PREMISE_READY,TIMESTAMP
rpt-network-plng,sitetracker_data,ST_FXP_SITES_T,PRIMARY_POWER_COMPANY_NAME,STRING
rpt-network-plng,sitetracker_data,ST_FXP_SITES_T,PROGRAM_NAME,STRING
rpt-network-plng,sitetracker_data,ST_FXP_SITES_T,PROJECT_AUDIT_COMMENTS,STRING
rpt-network-plng,sitetracker_data,ST_FXP_SITES_T,PROJECT_AUDIT_REQUESTED,NUMERIC
rpt-network-plng,sitetracker_data,ST_FXP_SITES_T,PROJECT_BOUNDARY_CREATED_A,TIMESTAMP
rpt-network-plng,sitetracker_data,ST_FXP_SITES_T,PROJECT_BOUNDARY_CREATED_F,TIMESTAMP
rpt-network-plng,sitetracker_data,ST_FXP_SITES_T,PROJECT_COMMENTS_HISTORY_LONG_TEXT,STRING
rpt-network-plng,sitetracker_data,ST_FXP_SITES_T,PROJECT_COMMENTS_LONG_TEXT,STRING
rpt-network-plng,sitetracker_data,ST_FXP_SITES_T,PROJECT_DESCRIPTION,STRING
rpt-network-plng,sitetracker_data,ST_FXP_SITES_T,PROJECT_FIBER_AERIAL_FOOTAGE,NUMERIC
rpt-network-plng,sitetracker_data,ST_FXP_SITES_T,PROJECT_FIBER_BURIED_UG_FOOTAGE,NUMERIC
rpt-network-plng,sitetracker_data,ST_FXP_SITES_T,PROJECT_FIBER_FOOTAGE,NUMERIC
rpt-network-plng,sitetracker_data,ST_FXP_SITES_T,PROJECT_FIBER_PLCG_FOOTAGE_COMPLETE,NUMERIC
rpt-network-plng,sitetracker_data,ST_FXP_SITES_T,PROJECT_FIBER_PLCG_PERCENTAGE,NUMERIC
rpt-network-plng,sitetracker_data,ST_FXP_SITES_T,PROJECT_FIBER_SPL_FOOTAGE_COMPLETE,NUMERIC
rpt-network-plng,sitetracker_data,ST_FXP_SITES_T,PROJECT_FIBER_SPL_PERCENTAGE,NUMERIC
rpt-network-plng,sitetracker_data,ST_FXP_SITES_T,PROJECT_INITIATED_IN_SAP_FIREWORKS_A,TIMESTAMP
rpt-network-plng,sitetracker_data,ST_FXP_SITES_T,PROJECT_INITIATED_IN_SAP_FIREWORKS_F,TIMESTAMP
rpt-network-plng,sitetracker_data,ST_FXP_SITES_T,PROJECT_NAME,STRING
rpt-network-plng,sitetracker_data,ST_FXP_SITES_T,PROJECT_REDLINES_COMPLETED_A,TIMESTAMP
rpt-network-plng,sitetracker_data,ST_FXP_SITES_T,PROJECT_REDLINES_COMPLETED_F,TIMESTAMP
rpt-network-plng,sitetracker_data,ST_FXP_SITES_T,PROVISIONING_COMPLETE_A,TIMESTAMP
rpt-network-plng,sitetracker_data,ST_FXP_SITES_T,PROVISIONING_COMPLETE_F,TIMESTAMP
rpt-network-plng,sitetracker_data,ST_FXP_SITES_T,PTA_POLE_APPLICATION_SUBMITTED_A,TIMESTAMP
rpt-network-plng,sitetracker_data,ST_FXP_SITES_T,PTA_POLE_APPLICATION_SUBMITTED_F,TIMESTAMP
rpt-network-plng,sitetracker_data,ST_FXP_SITES_T,PTA_RECEIVED_FROM_POLE_OWNER_A,TIMESTAMP
rpt-network-plng,sitetracker_data,ST_FXP_SITES_T,PTA_RECEIVED_FROM_POLE_OWNER_F,TIMESTAMP
rpt-network-plng,sitetracker_data,ST_FXP_SITES_T,PTA_VENDOR_ASSIGNMENT_P,STRING
rpt-network-plng,sitetracker_data,ST_FXP_SITES_T,PTA_VENDOR_ASSIGNMENT_S,STRING
rpt-network-plng,sitetracker_data,ST_FXP_SITES_T,PTA_VENDOR_P,STRING
rpt-network-plng,sitetracker_data,ST_FXP_SITES_T,PTA_VENDOR_S,STRING
rpt-network-plng,sitetracker_data,ST_FXP_SITES_T,PUN_FORM_A,TIMESTAMP
rpt-network-plng,sitetracker_data,ST_FXP_SITES_T,PUN_FORM_F,TIMESTAMP
rpt-network-plng,sitetracker_data,ST_FXP_SITES_T,QF_AUTOMATION_POSTED_TO_TOP_A,TIMESTAMP
rpt-network-plng,sitetracker_data,ST_FXP_SITES_T,QF_AUTOMATION_POSTED_TO_TOP_F,TIMESTAMP
rpt-network-plng,sitetracker_data,ST_FXP_SITES_T,RECORD_UPDATES_FINAL_POST_A,TIMESTAMP
rpt-network-plng,sitetracker_data,ST_FXP_SITES_T,RECORD_UPDATES_FINAL_POST_F,TIMESTAMP
rpt-network-plng,sitetracker_data,ST_FXP_SITES_T,REDLINES_TO_DESIGN_A,TIMESTAMP
rpt-network-plng,sitetracker_data,ST_FXP_SITES_T,REDLINES_TO_DESIGN_F,TIMESTAMP
rpt-network-plng,sitetracker_data,ST_FXP_SITES_T,REJECT_FLAG,NUMERIC
rpt-network-plng,sitetracker_data,ST_FXP_SITES_T,RELATED_F1_FOOTAGE_PLCG_COMPLETE,NUMERIC
rpt-network-plng,sitetracker_data,ST_FXP_SITES_T,RELATED_F1_FOOTAGE_SPL_COMPLETE,NUMERIC
rpt-network-plng,sitetracker_data,ST_FXP_SITES_T,RELATED_F1_PLCG_PERCENTAGE_COMPLETE,NUMERIC
rpt-network-plng,sitetracker_data,ST_FXP_SITES_T,RELATED_F1_SPL_PERCENTAGE_COMPLETE,NUMERIC
rpt-network-plng,sitetracker_data,ST_FXP_SITES_T,RELATED_F2_FOOTAGE_PLCG_COMPLETE,NUMERIC
rpt-network-plng,sitetracker_data,ST_FXP_SITES_T,RELATED_F2_FOOTAGE_SPL_COMPLETE,NUMERIC
rpt-network-plng,sitetracker_data,ST_FXP_SITES_T,RELATED_F2_PLCG_PERCENTAGE_COMPLETE,NUMERIC
rpt-network-plng,sitetracker_data,ST_FXP_SITES_T,RELATED_F2_SPL_PERCENTAGE_COMPLETE,NUMERIC
rpt-network-plng,sitetracker_data,ST_FXP_SITES_T,RELATED_FIBER_AERIAL_FOOTAGE,NUMERIC
rpt-network-plng,sitetracker_data,ST_FXP_SITES_T,RELATED_FIBER_BURIED_UG_FOOTAGE,NUMERIC
rpt-network-plng,sitetracker_data,ST_FXP_SITES_T,RELATED_FIBER_FOOTAGE,NUMERIC
rpt-network-plng,sitetracker_data,ST_FXP_SITES_T,RELATED_FIBER_PLCG_FOOTAGE_COMPLETE,NUMERIC
rpt-network-plng,sitetracker_data,ST_FXP_SITES_T,RELATED_FIBER_PLCG_PERCENTAGE,NUMERIC
rpt-network-plng,sitetracker_data,ST_FXP_SITES_T,RELATED_FIBER_SPL_FOOTAGE_COMPLETE,NUMERIC
rpt-network-plng,sitetracker_data,ST_FXP_SITES_T,RELATED_FIBER_SPL_PERCENTAGE,NUMERIC
rpt-network-plng,sitetracker_data,ST_FXP_SITES_T,RELATED_PROJECT_S_IMPLEMENTATION_A,TIMESTAMP
rpt-network-plng,sitetracker_data,ST_FXP_SITES_T,RELATED_PROJECT_S_IMPLEMENTATION_F,TIMESTAMP
rpt-network-plng,sitetracker_data,ST_FXP_SITES_T,RELAY_RACK,STRING
rpt-network-plng,sitetracker_data,ST_FXP_SITES_T,RELEASED_TO_CONSTRUCTION_A,TIMESTAMP
rpt-network-plng,sitetracker_data,ST_FXP_SITES_T,RELEASED_TO_CONSTRUCTION_F,TIMESTAMP
rpt-network-plng,sitetracker_data,ST_FXP_SITES_T,REVIEW_CAPITAL_DESIGN_AND_ADD_F1_COS_A,TIMESTAMP
rpt-network-plng,sitetracker_data,ST_FXP_SITES_T,REVIEW_CAPITAL_DESIGN_AND_ADD_F1_COS_F,TIMESTAMP
rpt-network-plng,sitetracker_data,ST_FXP_SITES_T,REVIEW_IN_STAGING_A,TIMESTAMP
rpt-network-plng,sitetracker_data,ST_FXP_SITES_T,REVIEW_IN_STAGING_F,TIMESTAMP
rpt-network-plng,sitetracker_data,ST_FXP_SITES_T,SF_PHASE_RECORD,STRING
rpt-network-plng,sitetracker_data,ST_FXP_SITES_T,SALES_OSR_CONTACT,STRING
rpt-network-plng,sitetracker_data,ST_FXP_SITES_T,SF_IMPLEMENTATION_RECORD,STRING
rpt-network-plng,sitetracker_data,ST_FXP_SITES_T,SAP_SYSTEM_STATUS,STRING
rpt-network-plng,sitetracker_data,ST_FXP_SITES_T,SECONDARY_POWER_COMPANY_NAME,STRING
rpt-network-plng,sitetracker_data,ST_FXP_SITES_T,SEGMENT,STRING
rpt-network-plng,sitetracker_data,ST_FXP_SITES_T,SERVICE_AREA,STRING
rpt-network-plng,sitetracker_data,ST_FXP_SITES_T,SHELF,STRING
rpt-network-plng,sitetracker_data,ST_FXP_SITES_T,PROJECT_STATUS,STRING
rpt-network-plng,sitetracker_data,ST_FXP_SITES_T,PROJECT_STATUS_OVERRIDE,NUMERIC
rpt-network-plng,sitetracker_data,ST_FXP_SITES_T,PROJECT_STATUS_OVERRIDE_REASON,STRING
rpt-network-plng,sitetracker_data,ST_FXP_SITES_T,SITE_NAME,STRING
rpt-network-plng,sitetracker_data,ST_FXP_SITES_T,COST_CENTER,STRING
rpt-network-plng,sitetracker_data,ST_FXP_SITES_T,SITEWALK_CATEGORY_1,STRING
rpt-network-plng,sitetracker_data,ST_FXP_SITES_T,SITEWALK_CATEGORY_2,STRING
rpt-network-plng,sitetracker_data,ST_FXP_SITES_T,SITEWALK_COMPLETED_A,TIMESTAMP
rpt-network-plng,sitetracker_data,ST_FXP_SITES_T,SITEWALK_COMPLETED_F,TIMESTAMP
rpt-network-plng,sitetracker_data,ST_FXP_SITES_T,SITEWALK_HANDED_OFF_A,TIMESTAMP
rpt-network-plng,sitetracker_data,ST_FXP_SITES_T,SITEWALK_HANDED_OFF_F,TIMESTAMP
rpt-network-plng,sitetracker_data,ST_FXP_SITES_T,SITEWALK_REQUIRED,STRING
rpt-network-plng,sitetracker_data,ST_FXP_SITES_T,SITEWALK_START_A,TIMESTAMP
rpt-network-plng,sitetracker_data,ST_FXP_SITES_T,SITEWALK_START_F,TIMESTAMP
rpt-network-plng,sitetracker_data,ST_FXP_SITES_T,SITEWALK_VENDOR_1,STRING
rpt-network-plng,sitetracker_data,ST_FXP_SITES_T,SITEWALK_VENDOR_2,STRING
rpt-network-plng,sitetracker_data,ST_FXP_SITES_T,SOW_FORM,STRING
rpt-network-plng,sitetracker_data,ST_FXP_SITES_T,SPLICING_A,TIMESTAMP
rpt-network-plng,sitetracker_data,ST_FXP_SITES_T,SPLICING_F,TIMESTAMP
rpt-network-plng,sitetracker_data,ST_FXP_SITES_T,SPLITTER_SIZE,STRING
rpt-network-plng,sitetracker_data,ST_FXP_SITES_T,STAR_ID_1,STRING
rpt-network-plng,sitetracker_data,ST_FXP_SITES_T,STAR_ID_2,STRING
rpt-network-plng,sitetracker_data,ST_FXP_SITES_T,STAR_ID_3,STRING
rpt-network-plng,sitetracker_data,ST_FXP_SITES_T,STAR_ID_4,STRING
rpt-network-plng,sitetracker_data,ST_FXP_SITES_T,STAR_ID_5,STRING
rpt-network-plng,sitetracker_data,ST_FXP_SITES_T,STAR_ID_6,STRING
rpt-network-plng,sitetracker_data,ST_FXP_SITES_T,STAR_ID_7,STRING
rpt-network-plng,sitetracker_data,ST_FXP_SITES_T,STAR_ID_8,STRING
rpt-network-plng,sitetracker_data,ST_FXP_SITES_T,STAR_ID_9,STRING
rpt-network-plng,sitetracker_data,ST_FXP_SITES_T,STAR_ID_10,STRING
rpt-network-plng,sitetracker_data,ST_FXP_SITES_T,STAR_ID_11,STRING
rpt-network-plng,sitetracker_data,ST_FXP_SITES_T,STAR_ID_12,STRING
rpt-network-plng,sitetracker_data,ST_FXP_SITES_T,STAR_ID_13,STRING
rpt-network-plng,sitetracker_data,ST_FXP_SITES_T,STAR_ID_14,STRING
rpt-network-plng,sitetracker_data,ST_FXP_SITES_T,STAR_ID_15,STRING
rpt-network-plng,sitetracker_data,ST_FXP_SITES_T,STAR_ID_16,STRING
rpt-network-plng,sitetracker_data,ST_FXP_SITES_T,STAR_ID_17,STRING
rpt-network-plng,sitetracker_data,ST_FXP_SITES_T,STAR_ID_18,STRING
rpt-network-plng,sitetracker_data,ST_FXP_SITES_T,STAR_ID_19,STRING
rpt-network-plng,sitetracker_data,ST_FXP_SITES_T,STAR_ID_20,STRING
rpt-network-plng,sitetracker_data,ST_FXP_SITES_T,SUBMIT_CAPITAL_DESIGN_FOR_ASSESSMENT_A,TIMESTAMP
rpt-network-plng,sitetracker_data,ST_FXP_SITES_T,SUBMIT_CAPITAL_DESIGN_FOR_ASSESSMENT_F,TIMESTAMP
rpt-network-plng,sitetracker_data,ST_FXP_SITES_T,SUBMITS_PROPOSAL_TO_DEVELOPER_A,TIMESTAMP
rpt-network-plng,sitetracker_data,ST_FXP_SITES_T,SUBMITS_PROPOSAL_TO_DEVELOPER_F,TIMESTAMP
rpt-network-plng,sitetracker_data,ST_FXP_SITES_T,SUBMITTED_TO_PROD_A,TIMESTAMP
rpt-network-plng,sitetracker_data,ST_FXP_SITES_T,SUBMITTED_TO_PROD_F,TIMESTAMP
rpt-network-plng,sitetracker_data,ST_FXP_SITES_T,SUBMITTED_TO_STAGING_A,TIMESTAMP
rpt-network-plng,sitetracker_data,ST_FXP_SITES_T,SUBMITTED_TO_STAGING_F,TIMESTAMP
rpt-network-plng,sitetracker_data,ST_FXP_SITES_T,SUCCESS_IN_PROD_A,TIMESTAMP
rpt-network-plng,sitetracker_data,ST_FXP_SITES_T,SUCCESS_IN_PROD_F,TIMESTAMP
rpt-network-plng,sitetracker_data,ST_FXP_SITES_T,SERVICE_DELIVERY,STRING
rpt-network-plng,sitetracker_data,ST_FXP_SITES_T,TDM_REQUIRED,STRING
rpt-network-plng,sitetracker_data,ST_FXP_SITES_T,TECH_RESOURCES_IN_SALESFORCE,STRING
rpt-network-plng,sitetracker_data,ST_FXP_SITES_T,TECHNICALLY_COMPLETE_A,TIMESTAMP
rpt-network-plng,sitetracker_data,ST_FXP_SITES_T,TECHNICALLY_COMPLETE_F,TIMESTAMP
rpt-network-plng,sitetracker_data,ST_FXP_SITES_T,THIRD_PARTY_MAKE_READY_ESTIMATE_COMPLETE,TIMESTAMP
rpt-network-plng,sitetracker_data,ST_FXP_SITES_T,TID,STRING
rpt-network-plng,sitetracker_data,ST_FXP_SITES_T,TIE_PAIR_NAME,STRING
rpt-network-plng,sitetracker_data,ST_FXP_SITES_T,TIRKS_CIRCUITS_REQUESTED_A,TIMESTAMP
rpt-network-plng,sitetracker_data,ST_FXP_SITES_T,TIRKS_CIRCUITS_REQUESTED_F,TIMESTAMP
rpt-network-plng,sitetracker_data,ST_FXP_SITES_T,TIRKS_FIBER_INVENTORY_F1_SUBMITTED_A,TIMESTAMP
rpt-network-plng,sitetracker_data,ST_FXP_SITES_T,TIRKS_FIBER_INVENTORY_F1_SUBMITTED_F,TIMESTAMP
rpt-network-plng,sitetracker_data,ST_FXP_SITES_T,TOTAL_FIBER_AERIAL_FOOTAGE,NUMERIC
rpt-network-plng,sitetracker_data,ST_FXP_SITES_T,TOTAL_FIBER_BURIED_UG_FOOTAGE,NUMERIC
rpt-network-plng,sitetracker_data,ST_FXP_SITES_T,TOTAL_FIBER_FOOTAGE,NUMERIC
rpt-network-plng,sitetracker_data,ST_FXP_SITES_T,TOTAL_FIBER_PLCG_FOOTAGE_COMPLETE,NUMERIC
rpt-network-plng,sitetracker_data,ST_FXP_SITES_T,TOTAL_FIBER_PLCG_PERCENTAGE,NUMERIC
rpt-network-plng,sitetracker_data,ST_FXP_SITES_T,TOTAL_FIBER_SPL_FOOTAGE_COMPLETE,NUMERIC
rpt-network-plng,sitetracker_data,ST_FXP_SITES_T,TOTAL_FIBER_SPL_PERCENTAGE,NUMERIC
rpt-network-plng,sitetracker_data,ST_FXP_SITES_T,TOTAL_MAKE_READY_COST,NUMERIC
rpt-network-plng,sitetracker_data,ST_FXP_SITES_T,TOTAL_NUMBER_OF_POLES,NUMERIC
rpt-network-plng,sitetracker_data,ST_FXP_SITES_T,TOTAL_PERMIT_FEES,NUMERIC
rpt-network-plng,sitetracker_data,ST_FXP_SITES_T,TOTAL_PERMITS_SUBMITTED,NUMERIC
rpt-network-plng,sitetracker_data,ST_FXP_SITES_T,TOTAL_POLES_DENIED,NUMERIC
rpt-network-plng,sitetracker_data,ST_FXP_SITES_T,TRENCH_TYPE,STRING
rpt-network-plng,sitetracker_data,ST_FXP_SITES_T,TURNED_UP_MARKET_LAUNCH_A,TIMESTAMP
rpt-network-plng,sitetracker_data,ST_FXP_SITES_T,TURNED_UP_MARKET_LAUNCH_F,TIMESTAMP
rpt-network-plng,sitetracker_data,ST_FXP_SITES_T,UPLOAD_ASBUILTS_A,TIMESTAMP
rpt-network-plng,sitetracker_data,ST_FXP_SITES_T,UPLOAD_ASBUILTS_F,TIMESTAMP
rpt-network-plng,sitetracker_data,ST_FXP_SITES_T,VALIDATE_QUAL_TYPE_IN_THE_QF_PORTAL_A,TIMESTAMP
rpt-network-plng,sitetracker_data,ST_FXP_SITES_T,VALIDATE_QUAL_TYPE_IN_THE_QF_PORTAL_F,TIMESTAMP
rpt-network-plng,sitetracker_data,ST_FXP_SITES_T,VENDOR_ASSIGNMENT_A,TIMESTAMP
rpt-network-plng,sitetracker_data,ST_FXP_SITES_T,VENDOR_ASSIGNMENT_F,TIMESTAMP
rpt-network-plng,sitetracker_data,ST_FXP_SITES_T,VENDOR_COMMITMENT_CONFIRMED_A,TIMESTAMP
rpt-network-plng,sitetracker_data,ST_FXP_SITES_T,VENDOR_COMMITMENT_CONFIRMED_F,TIMESTAMP
rpt-network-plng,sitetracker_data,ST_FXP_SITES_T,VENDOR_CONTRACT_ASSIGNMENT,STRING
rpt-network-plng,sitetracker_data,ST_FXP_SITES_T,VENDOR_MATERIALS_ORDERED_A,TIMESTAMP
rpt-network-plng,sitetracker_data,ST_FXP_SITES_T,VENDOR_MATERIALS_ORDERED_F,TIMESTAMP
rpt-network-plng,sitetracker_data,ST_FXP_SITES_T,VENDOR_MATERIALS_RECEIVED_A,TIMESTAMP
rpt-network-plng,sitetracker_data,ST_FXP_SITES_T,VENDOR_MATERIALS_RECEIVED_F,TIMESTAMP
rpt-network-plng,sitetracker_data,ST_FXP_SITES_T,VERB_CODE_AND_DESCRIPTION,STRING
rpt-network-plng,sitetracker_data,ST_FXP_SITES_T,VERIFY_ACTUALS_A,TIMESTAMP
rpt-network-plng,sitetracker_data,ST_FXP_SITES_T,VERIFY_ACTUALS_F,TIMESTAMP
rpt-network-plng,sitetracker_data,ST_FXP_SITES_T,WHAT_JOB_PLACED_OLT,STRING
rpt-network-plng,sitetracker_data,ST_FXP_SITES_T,WHY,STRING
rpt-network-plng,sitetracker_data,ST_FXP_SITES_T,WHY_NOW,STRING
rpt-network-plng,sitetracker_data,ST_FXP_SITES_T,WON_1ST_HOME,STRING
rpt-network-plng,sitetracker_data,ST_FXP_SITES_T,WORK_TYPE,STRING
rpt-network-plng,sitetracker_data,ST_FXP_SITES_T,WRECKING_RESTORAL_A,TIMESTAMP
rpt-network-plng,sitetracker_data,ST_FXP_SITES_T,WRECKING_RESTORAL_F,TIMESTAMP
rpt-network-plng,sitetracker_data,ST_FXP_SITES_T,X3RD_PARTY_AERIAL_MAKE_READY_COMPLETED_A,TIMESTAMP
rpt-network-plng,sitetracker_data,ST_FXP_SITES_T,X3RD_PARTY_AERIAL_MAKE_READY_COMPLETED_F,TIMESTAMP
rpt-network-plng,sitetracker_data,ST_FXP_SITES_T,SITE_LAUNCH,STRING
rpt-network-plng,sitetracker_data,ST_FXP_SITES_T,ACTUAL_LAUNCH,TIMESTAMP
rpt-network-plng,sitetracker_data,ST_FXP_SITES_T,ST_PROJECT_URL,STRING
rpt-network-plng,sitetracker_data,ST_FXP_SITES_T,FW_PROJECT_URL,STRING
rpt-network-plng,sitetracker_data,ST_FXP_SITES_T,PHASE_PROJECTS,STRING
rpt-network-plng,sitetracker_data,ST_FXP_SITES_T,NUM_OF_PHASE_RECORDS,NUMERIC
rpt-network-plng,sitetracker_data,ST_FXP_SITES_T,RELATED_PROJECTS,STRING
rpt-network-plng,sitetracker_data,ST_FXP_SITES_T,ST_SITE_PHASE,STRING
rpt-network-plng,sitetracker_data,ST_FXP_SITES_T,META_LOAD_DTTM,DATE
rpt-network-plng,sitetracker_data,ST_FXP_PHASE_ELSE_SITE_V,st_project_id,STRING
rpt-network-plng,sitetracker_data,ST_FXP_PHASE_ELSE_SITE_V,project_type,STRING
rpt-network-plng,sitetracker_data,ST_FXP_PHASE_ELSE_SITE_V,region,STRING
rpt-network-plng,sitetracker_data,ST_FXP_PHASE_ELSE_SITE_V,state,STRING
rpt-network-plng,sitetracker_data,ST_FXP_PHASE_ELSE_SITE_V,county,STRING
rpt-network-plng,sitetracker_data,ST_FXP_PHASE_ELSE_SITE_V,city,STRING
rpt-network-plng,sitetracker_data,ST_FXP_PHASE_ELSE_SITE_V,exchange_name,STRING
rpt-network-plng,sitetracker_data,ST_FXP_PHASE_ELSE_SITE_V,exchange,STRING
rpt-network-plng,sitetracker_data,ST_FXP_PHASE_ELSE_SITE_V,company_code,STRING
rpt-network-plng,sitetracker_data,ST_FXP_PHASE_ELSE_SITE_V,legacy_company,STRING
rpt-network-plng,sitetracker_data,ST_FXP_PHASE_ELSE_SITE_V,market_cluster,STRING
rpt-network-plng,sitetracker_data,ST_FXP_PHASE_ELSE_SITE_V,primary_wire_center_id,STRING
rpt-network-plng,sitetracker_data,ST_FXP_PHASE_ELSE_SITE_V,primary_wire_center_name,STRING
rpt-network-plng,sitetracker_data,ST_FXP_PHASE_ELSE_SITE_V,fw_project_id,STRING
rpt-network-plng,sitetracker_data,ST_FXP_PHASE_ELSE_SITE_V,site_osp_engineer_name,STRING
rpt-network-plng,sitetracker_data,ST_FXP_PHASE_ELSE_SITE_V,site_osp_engineer_cuid,STRING
rpt-network-plng,sitetracker_data,ST_FXP_PHASE_ELSE_SITE_V,phase_osp_engineer_name,STRING
rpt-network-plng,sitetracker_data,ST_FXP_PHASE_ELSE_SITE_V,phase_osp_engineer_cuid,STRING
rpt-network-plng,sitetracker_data,ST_FXP_PHASE_ELSE_SITE_V,site_construction_coordinator_name,STRING
rpt-network-plng,sitetracker_data,ST_FXP_PHASE_ELSE_SITE_V,site_construction_coordinator_cuid,STRING
rpt-network-plng,sitetracker_data,ST_FXP_PHASE_ELSE_SITE_V,phase_construction_coordinator_name,STRING
rpt-network-plng,sitetracker_data,ST_FXP_PHASE_ELSE_SITE_V,phase_construction_coordinator_cuid,STRING
rpt-network-plng,sitetracker_data,ST_FXP_PHASE_ELSE_SITE_V,site_gpon_pm_name,STRING
rpt-network-plng,sitetracker_data,ST_FXP_PHASE_ELSE_SITE_V,site_gpon_pm_cuid,STRING
rpt-network-plng,sitetracker_data,ST_FXP_PHASE_ELSE_SITE_V,phase_gpon_pm_name,STRING
rpt-network-plng,sitetracker_data,ST_FXP_PHASE_ELSE_SITE_V,phase_gpon_pm_cuid,STRING
rpt-network-plng,sitetracker_data,ST_FXP_PHASE_ELSE_SITE_V,site_implementation_pm_name,STRING
rpt-network-plng,sitetracker_data,ST_FXP_PHASE_ELSE_SITE_V,site_implementation_pm_cuid,STRING
rpt-network-plng,sitetracker_data,ST_FXP_PHASE_ELSE_SITE_V,phase_implementation_pm_name,STRING
rpt-network-plng,sitetracker_data,ST_FXP_PHASE_ELSE_SITE_V,phase_implementation_pm_cuid,STRING
rpt-network-plng,sitetracker_data,ST_FXP_PHASE_ELSE_SITE_V,site_marketing_pm_name,STRING
rpt-network-plng,sitetracker_data,ST_FXP_PHASE_ELSE_SITE_V,site_marketing_pm_cuid,STRING
rpt-network-plng,sitetracker_data,ST_FXP_PHASE_ELSE_SITE_V,phase_marketing_pm_name,STRING
rpt-network-plng,sitetracker_data,ST_FXP_PHASE_ELSE_SITE_V,phase_marketing_pm_cuid,STRING
rpt-network-plng,sitetracker_data,ST_FXP_PHASE_ELSE_SITE_V,site_osp_eng_director_name,STRING
rpt-network-plng,sitetracker_data,ST_FXP_PHASE_ELSE_SITE_V,site_osp_eng_director_cuid,STRING
rpt-network-plng,sitetracker_data,ST_FXP_PHASE_ELSE_SITE_V,phase_osp_eng_director_name,STRING
rpt-network-plng,sitetracker_data,ST_FXP_PHASE_ELSE_SITE_V,phase_osp_eng_director_cuid,STRING
rpt-network-plng,sitetracker_data,ST_FXP_PHASE_ELSE_SITE_V,site_osp_manager_name,STRING
rpt-network-plng,sitetracker_data,ST_FXP_PHASE_ELSE_SITE_V,site_osp_manager_cuid,STRING
rpt-network-plng,sitetracker_data,ST_FXP_PHASE_ELSE_SITE_V,phase_osp_manager_name,STRING
rpt-network-plng,sitetracker_data,ST_FXP_PHASE_ELSE_SITE_V,phase_osp_manager_cuid,STRING
rpt-network-plng,sitetracker_data,ST_FXP_PHASE_ELSE_SITE_V,site_planner_name,STRING
rpt-network-plng,sitetracker_data,ST_FXP_PHASE_ELSE_SITE_V,site_planner_cuid,STRING
rpt-network-plng,sitetracker_data,ST_FXP_PHASE_ELSE_SITE_V,phase_planner_name,STRING
rpt-network-plng,sitetracker_data,ST_FXP_PHASE_ELSE_SITE_V,phase_planner_cuid,STRING
rpt-network-plng,sitetracker_data,ST_FXP_PHASE_ELSE_SITE_V,site_planning_manager_name,STRING
rpt-network-plng,sitetracker_data,ST_FXP_PHASE_ELSE_SITE_V,site_planning_manager_cuid,STRING
rpt-network-plng,sitetracker_data,ST_FXP_PHASE_ELSE_SITE_V,phase_planning_manager_name,STRING
rpt-network-plng,sitetracker_data,ST_FXP_PHASE_ELSE_SITE_V,phase_planning_manager_cuid,STRING
rpt-network-plng,sitetracker_data,ST_FXP_PHASE_ELSE_SITE_V,site_responsible_person_name,STRING
rpt-network-plng,sitetracker_data,ST_FXP_PHASE_ELSE_SITE_V,site_responsible_person_cuid,STRING
rpt-network-plng,sitetracker_data,ST_FXP_PHASE_ELSE_SITE_V,phase_responsible_person_name,STRING
rpt-network-plng,sitetracker_data,ST_FXP_PHASE_ELSE_SITE_V,phase_responsible_person_cuid,STRING
rpt-network-plng,sitetracker_data,ST_FXP_PHASE_ELSE_SITE_V,site_sales_engineer_name,STRING
rpt-network-plng,sitetracker_data,ST_FXP_PHASE_ELSE_SITE_V,site_sales_engineer_cuid,STRING
rpt-network-plng,sitetracker_data,ST_FXP_PHASE_ELSE_SITE_V,phase_sales_engineer_name,STRING
rpt-network-plng,sitetracker_data,ST_FXP_PHASE_ELSE_SITE_V,phase_sales_engineer_cuid,STRING
rpt-network-plng,sitetracker_data,ST_FXP_PHASE_ELSE_SITE_V,site_splicing_supervisor_name,STRING
rpt-network-plng,sitetracker_data,ST_FXP_PHASE_ELSE_SITE_V,site_splicing_supervisor_cuid,STRING
rpt-network-plng,sitetracker_data,ST_FXP_PHASE_ELSE_SITE_V,phase_splicing_supervisor_name,STRING
rpt-network-plng,sitetracker_data,ST_FXP_PHASE_ELSE_SITE_V,phase_splicing_supervisor_cuid,STRING
rpt-network-plng,sitetracker_data,ST_FXP_PHASE_ELSE_SITE_V,site_last_modified_by_name,STRING
rpt-network-plng,sitetracker_data,ST_FXP_PHASE_ELSE_SITE_V,site_last_modified_by_cuid,STRING
rpt-network-plng,sitetracker_data,ST_FXP_PHASE_ELSE_SITE_V,phase_last_modified_by_name,STRING
rpt-network-plng,sitetracker_data,ST_FXP_PHASE_ELSE_SITE_V,phase_last_modified_by_cuid,STRING
rpt-network-plng,sitetracker_data,ST_FXP_PHASE_ELSE_SITE_V,site_sl_name,STRING
rpt-network-plng,sitetracker_data,ST_FXP_PHASE_ELSE_SITE_V,site_sl_cuid,STRING
rpt-network-plng,sitetracker_data,ST_FXP_PHASE_ELSE_SITE_V,phase_sl_name,STRING
rpt-network-plng,sitetracker_data,ST_FXP_PHASE_ELSE_SITE_V,phase_sl_cuid,STRING
rpt-network-plng,sitetracker_data,ST_FXP_PHASE_ELSE_SITE_V,site_original_ecd_ncd,TIMESTAMP
rpt-network-plng,sitetracker_data,ST_FXP_PHASE_ELSE_SITE_V,site_modified_ecd,TIMESTAMP
rpt-network-plng,sitetracker_data,ST_FXP_PHASE_ELSE_SITE_V,site_ecd_logic,TIMESTAMP
rpt-network-plng,sitetracker_data,ST_FXP_PHASE_ELSE_SITE_V,site_ml_ecd_logic,TIMESTAMP
rpt-network-plng,sitetracker_data,ST_FXP_PHASE_ELSE_SITE_V,phase_original_ecd_ncd,TIMESTAMP
rpt-network-plng,sitetracker_data,ST_FXP_PHASE_ELSE_SITE_V,phase_modified_ecd,TIMESTAMP
rpt-network-plng,sitetracker_data,ST_FXP_PHASE_ELSE_SITE_V,phase_ecd_logic,TIMESTAMP
rpt-network-plng,sitetracker_data,ST_FXP_PHASE_ELSE_SITE_V,phase_ml_ecd_logic,TIMESTAMP
rpt-network-plng,sitetracker_data,ST_FXP_PHASE_ELSE_SITE_V,address,STRING
rpt-network-plng,sitetracker_data,ST_FXP_PHASE_ELSE_SITE_V,address_qualification,STRING
rpt-network-plng,sitetracker_data,ST_FXP_PHASE_ELSE_SITE_V,aerial_attachment_required,STRING
rpt-network-plng,sitetracker_data,ST_FXP_PHASE_ELSE_SITE_V,aid_to_construction_required,STRING
rpt-network-plng,sitetracker_data,ST_FXP_PHASE_ELSE_SITE_V,apo_audit_a,TIMESTAMP
rpt-network-plng,sitetracker_data,ST_FXP_PHASE_ELSE_SITE_V,apo_audit_f,TIMESTAMP
rpt-network-plng,sitetracker_data,ST_FXP_PHASE_ELSE_SITE_V,atc_approved,STRING
rpt-network-plng,sitetracker_data,ST_FXP_PHASE_ELSE_SITE_V,atc_cost_sent_to_developer_a,TIMESTAMP
rpt-network-plng,sitetracker_data,ST_FXP_PHASE_ELSE_SITE_V,atc_cost_sent_to_developer_f,TIMESTAMP
rpt-network-plng,sitetracker_data,ST_FXP_PHASE_ELSE_SITE_V,atc_received_from_developer_a,TIMESTAMP
rpt-network-plng,sitetracker_data,ST_FXP_PHASE_ELSE_SITE_V,atc_received_from_developer_f,TIMESTAMP
rpt-network-plng,sitetracker_data,ST_FXP_PHASE_ELSE_SITE_V,bid_acceptance_a,TIMESTAMP
rpt-network-plng,sitetracker_data,ST_FXP_PHASE_ELSE_SITE_V,bid_acceptance_f,TIMESTAMP
rpt-network-plng,sitetracker_data,ST_FXP_PHASE_ELSE_SITE_V,bid_creation_a,TIMESTAMP
rpt-network-plng,sitetracker_data,ST_FXP_PHASE_ELSE_SITE_V,bid_creation_f,TIMESTAMP
rpt-network-plng,sitetracker_data,ST_FXP_PHASE_ELSE_SITE_V,bid_posting_a,TIMESTAMP
rpt-network-plng,sitetracker_data,ST_FXP_PHASE_ELSE_SITE_V,bid_posting_f,TIMESTAMP
rpt-network-plng,sitetracker_data,ST_FXP_PHASE_ELSE_SITE_V,bid_vs_lec_vendor_assignment,STRING
rpt-network-plng,sitetracker_data,ST_FXP_PHASE_ELSE_SITE_V,builder_email,STRING
rpt-network-plng,sitetracker_data,ST_FXP_PHASE_ELSE_SITE_V,builder_name_site_name,STRING
rpt-network-plng,sitetracker_data,ST_FXP_PHASE_ELSE_SITE_V,builder_phone,STRING
rpt-network-plng,sitetracker_data,ST_FXP_PHASE_ELSE_SITE_V,builder_site_contact_info,STRING
rpt-network-plng,sitetracker_data,ST_FXP_PHASE_ELSE_SITE_V,build_or_no_build,STRING
rpt-network-plng,sitetracker_data,ST_FXP_PHASE_ELSE_SITE_V,buried_aerial_conduit,STRING
rpt-network-plng,sitetracker_data,ST_FXP_PHASE_ELSE_SITE_V,business_case,STRING
rpt-network-plng,sitetracker_data,ST_FXP_PHASE_ELSE_SITE_V,cable_type,STRING
rpt-network-plng,sitetracker_data,ST_FXP_PHASE_ELSE_SITE_V,cad_design_complete_a,TIMESTAMP
rpt-network-plng,sitetracker_data,ST_FXP_PHASE_ELSE_SITE_V,cad_design_complete_f,TIMESTAMP
rpt-network-plng,sitetracker_data,ST_FXP_PHASE_ELSE_SITE_V,cad_design_started_a,TIMESTAMP
rpt-network-plng,sitetracker_data,ST_FXP_PHASE_ELSE_SITE_V,cad_design_started_f,TIMESTAMP
rpt-network-plng,sitetracker_data,ST_FXP_PHASE_ELSE_SITE_V,capital_approval_code,STRING
rpt-network-plng,sitetracker_data,ST_FXP_PHASE_ELSE_SITE_V,capital_design_complete_a,TIMESTAMP
rpt-network-plng,sitetracker_data,ST_FXP_PHASE_ELSE_SITE_V,capital_design_complete_f,TIMESTAMP
rpt-network-plng,sitetracker_data,ST_FXP_PHASE_ELSE_SITE_V,capital_design_request_a,TIMESTAMP
rpt-network-plng,sitetracker_data,ST_FXP_PHASE_ELSE_SITE_V,capital_design_request_f,TIMESTAMP
rpt-network-plng,sitetracker_data,ST_FXP_PHASE_ELSE_SITE_V,ccid,STRING
rpt-network-plng,sitetracker_data,ST_FXP_PHASE_ELSE_SITE_V,cet_opportunity_id,STRING
rpt-network-plng,sitetracker_data,ST_FXP_PHASE_ELSE_SITE_V,close_financial_tool_a,TIMESTAMP
rpt-network-plng,sitetracker_data,ST_FXP_PHASE_ELSE_SITE_V,close_financial_tool_f,TIMESTAMP
rpt-network-plng,sitetracker_data,ST_FXP_PHASE_ELSE_SITE_V,cms_review_e7_2_shelves_only_a,TIMESTAMP
rpt-network-plng,sitetracker_data,ST_FXP_PHASE_ELSE_SITE_V,cms_review_e7_2_shelves_only_f,TIMESTAMP
rpt-network-plng,sitetracker_data,ST_FXP_PHASE_ELSE_SITE_V,co_address,STRING
rpt-network-plng,sitetracker_data,ST_FXP_PHASE_ELSE_SITE_V,co_clli,STRING
rpt-network-plng,sitetracker_data,ST_FXP_PHASE_ELSE_SITE_V,co_equip_clli,STRING
rpt-network-plng,sitetracker_data,ST_FXP_PHASE_ELSE_SITE_V,community_or_serving_area_name,STRING
rpt-network-plng,sitetracker_data,ST_FXP_PHASE_ELSE_SITE_V,competitor,STRING
rpt-network-plng,sitetracker_data,ST_FXP_PHASE_ELSE_SITE_V,site_construction_category_1,STRING
rpt-network-plng,sitetracker_data,ST_FXP_PHASE_ELSE_SITE_V,site_construction_category_2,STRING
rpt-network-plng,sitetracker_data,ST_FXP_PHASE_ELSE_SITE_V,phase_construction_category_1,STRING
rpt-network-plng,sitetracker_data,ST_FXP_PHASE_ELSE_SITE_V,phase_construction_category_2,STRING
rpt-network-plng,sitetracker_data,ST_FXP_PHASE_ELSE_SITE_V,construction_coord_splicing_supervisor,NUMERIC
rpt-network-plng,sitetracker_data,ST_FXP_PHASE_ELSE_SITE_V,construction_funded,STRING
rpt-network-plng,sitetracker_data,ST_FXP_PHASE_ELSE_SITE_V,site_construction_vendor_1,STRING
rpt-network-plng,sitetracker_data,ST_FXP_PHASE_ELSE_SITE_V,site_construction_vendor_2,STRING
rpt-network-plng,sitetracker_data,ST_FXP_PHASE_ELSE_SITE_V,phase_construction_vendor_1,STRING
rpt-network-plng,sitetracker_data,ST_FXP_PHASE_ELSE_SITE_V,phase_construction_vendor_2,STRING
rpt-network-plng,sitetracker_data,ST_FXP_PHASE_ELSE_SITE_V,contract_agreement_status,STRING
rpt-network-plng,sitetracker_data,ST_FXP_PHASE_ELSE_SITE_V,cost_center,STRING
rpt-network-plng,sitetracker_data,ST_FXP_PHASE_ELSE_SITE_V,cost_estimate_a,TIMESTAMP
rpt-network-plng,sitetracker_data,ST_FXP_PHASE_ELSE_SITE_V,cost_estimate_f,TIMESTAMP
rpt-network-plng,sitetracker_data,ST_FXP_PHASE_ELSE_SITE_V,costing_approval_uploaded,NUMERIC
rpt-network-plng,sitetracker_data,ST_FXP_PHASE_ELSE_SITE_V,created_date,TIMESTAMP
rpt-network-plng,sitetracker_data,ST_FXP_PHASE_ELSE_SITE_V,site_create_polygon_a,TIMESTAMP
rpt-network-plng,sitetracker_data,ST_FXP_PHASE_ELSE_SITE_V,site_create_polygon_f,TIMESTAMP
rpt-network-plng,sitetracker_data,ST_FXP_PHASE_ELSE_SITE_V,phase_create_polygon_a,TIMESTAMP
rpt-network-plng,sitetracker_data,ST_FXP_PHASE_ELSE_SITE_V,phase_create_polygon_f,TIMESTAMP
rpt-network-plng,sitetracker_data,ST_FXP_PHASE_ELSE_SITE_V,site_current_open_activity,STRING
rpt-network-plng,sitetracker_data,ST_FXP_PHASE_ELSE_SITE_V,phase_current_open_activity,STRING
rpt-network-plng,sitetracker_data,ST_FXP_PHASE_ELSE_SITE_V,date_audit_completed,TIMESTAMP
rpt-network-plng,sitetracker_data,ST_FXP_PHASE_ELSE_SITE_V,date_audit_started,TIMESTAMP
rpt-network-plng,sitetracker_data,ST_FXP_PHASE_ELSE_SITE_V,date_of_post,TIMESTAMP
rpt-network-plng,sitetracker_data,ST_FXP_PHASE_ELSE_SITE_V,dev_type,STRING
rpt-network-plng,sitetracker_data,ST_FXP_PHASE_ELSE_SITE_V,developer_contact_info,STRING
rpt-network-plng,sitetracker_data,ST_FXP_PHASE_ELSE_SITE_V,developer_final_plats_received_a,TIMESTAMP
rpt-network-plng,sitetracker_data,ST_FXP_PHASE_ELSE_SITE_V,developer_final_plats_received_f,TIMESTAMP
rpt-network-plng,sitetracker_data,ST_FXP_PHASE_ELSE_SITE_V,developer_email,STRING
rpt-network-plng,sitetracker_data,ST_FXP_PHASE_ELSE_SITE_V,developer_name,STRING
rpt-network-plng,sitetracker_data,ST_FXP_PHASE_ELSE_SITE_V,developer_phone,STRING
rpt-network-plng,sitetracker_data,ST_FXP_PHASE_ELSE_SITE_V,development_address,STRING
rpt-network-plng,sitetracker_data,ST_FXP_PHASE_ELSE_SITE_V,easement_required,STRING
rpt-network-plng,sitetracker_data,ST_FXP_PHASE_ELSE_SITE_V,easement_row_received_a,TIMESTAMP
rpt-network-plng,sitetracker_data,ST_FXP_PHASE_ELSE_SITE_V,easement_row_received_f,TIMESTAMP
rpt-network-plng,sitetracker_data,ST_FXP_PHASE_ELSE_SITE_V,easement_row_requested_a,TIMESTAMP
rpt-network-plng,sitetracker_data,ST_FXP_PHASE_ELSE_SITE_V,easement_row_requested_f,TIMESTAMP
rpt-network-plng,sitetracker_data,ST_FXP_PHASE_ELSE_SITE_V,easement_row_required,STRING
rpt-network-plng,sitetracker_data,ST_FXP_PHASE_ELSE_SITE_V,engineer_reviews_polygon_complete_a,TIMESTAMP
rpt-network-plng,sitetracker_data,ST_FXP_PHASE_ELSE_SITE_V,engineer_reviews_polygon_complete_f,TIMESTAMP
rpt-network-plng,sitetracker_data,ST_FXP_PHASE_ELSE_SITE_V,engineering_category_1,STRING
rpt-network-plng,sitetracker_data,ST_FXP_PHASE_ELSE_SITE_V,engineering_category_2,STRING
rpt-network-plng,sitetracker_data,ST_FXP_PHASE_ELSE_SITE_V,engineering_complete_a,TIMESTAMP
rpt-network-plng,sitetracker_data,ST_FXP_PHASE_ELSE_SITE_V,engineering_complete_f,TIMESTAMP
rpt-network-plng,sitetracker_data,ST_FXP_PHASE_ELSE_SITE_V,engineering_funded,STRING
rpt-network-plng,sitetracker_data,ST_FXP_PHASE_ELSE_SITE_V,engineering_funding_comments,STRING
rpt-network-plng,sitetracker_data,ST_FXP_PHASE_ELSE_SITE_V,engineering_state,STRING
rpt-network-plng,sitetracker_data,ST_FXP_PHASE_ELSE_SITE_V,engineering_vendor_1,STRING
rpt-network-plng,sitetracker_data,ST_FXP_PHASE_ELSE_SITE_V,engineering_vendor_2,STRING
rpt-network-plng,sitetracker_data,ST_FXP_PHASE_ELSE_SITE_V,f1_footage_plcg_complete,NUMERIC
rpt-network-plng,sitetracker_data,ST_FXP_PHASE_ELSE_SITE_V,f1_footage_spl_complete,NUMERIC
rpt-network-plng,sitetracker_data,ST_FXP_PHASE_ELSE_SITE_V,f1_plcg_percentage_complete,NUMERIC
rpt-network-plng,sitetracker_data,ST_FXP_PHASE_ELSE_SITE_V,f1_spl_percentage_complete,NUMERIC
rpt-network-plng,sitetracker_data,ST_FXP_PHASE_ELSE_SITE_V,f2_footage_plcg_complete,NUMERIC
rpt-network-plng,sitetracker_data,ST_FXP_PHASE_ELSE_SITE_V,f2_footage_spl_complete,NUMERIC
rpt-network-plng,sitetracker_data,ST_FXP_PHASE_ELSE_SITE_V,f2_plcg_percentage_complete,NUMERIC
rpt-network-plng,sitetracker_data,ST_FXP_PHASE_ELSE_SITE_V,f2_spl_percentage_complete,NUMERIC
rpt-network-plng,sitetracker_data,ST_FXP_PHASE_ELSE_SITE_V,feed_fiber_name_and_count,STRING
rpt-network-plng,sitetracker_data,ST_FXP_PHASE_ELSE_SITE_V,feeder_planning_a,TIMESTAMP
rpt-network-plng,sitetracker_data,ST_FXP_PHASE_ELSE_SITE_V,feeder_planning_f,TIMESTAMP
rpt-network-plng,sitetracker_data,ST_FXP_PHASE_ELSE_SITE_V,fiber_db_loss,STRING
rpt-network-plng,sitetracker_data,ST_FXP_PHASE_ELSE_SITE_V,fiber_distance,STRING
rpt-network-plng,sitetracker_data,ST_FXP_PHASE_ELSE_SITE_V,field_type,STRING
rpt-network-plng,sitetracker_data,ST_FXP_PHASE_ELSE_SITE_V,finalize_all_vendor_invoicing_a,TIMESTAMP
rpt-network-plng,sitetracker_data,ST_FXP_PHASE_ELSE_SITE_V,finalize_all_vendor_invoicing_f,TIMESTAMP
rpt-network-plng,sitetracker_data,ST_FXP_PHASE_ELSE_SITE_V,finalize_network_design_a,TIMESTAMP
rpt-network-plng,sitetracker_data,ST_FXP_PHASE_ELSE_SITE_V,finalize_network_design_f,TIMESTAMP
rpt-network-plng,sitetracker_data,ST_FXP_PHASE_ELSE_SITE_V,first_occ_out_of_sync_with_salesforce,NUMERIC
rpt-network-plng,sitetracker_data,ST_FXP_PHASE_ELSE_SITE_V,site_first_occupancy_tgt_dt,TIMESTAMP
rpt-network-plng,sitetracker_data,ST_FXP_PHASE_ELSE_SITE_V,phase_first_occupancy_tgt_dt,TIMESTAMP
rpt-network-plng,sitetracker_data,ST_FXP_PHASE_ELSE_SITE_V,first_service_fire_alarm_elevator,STRING
rpt-network-plng,sitetracker_data,ST_FXP_PHASE_ELSE_SITE_V,site_flag_for_deletion,NUMERIC
rpt-network-plng,sitetracker_data,ST_FXP_PHASE_ELSE_SITE_V,site_flag_for_migration,NUMERIC
rpt-network-plng,sitetracker_data,ST_FXP_PHASE_ELSE_SITE_V,phase_flag_for_deletion,NUMERIC
rpt-network-plng,sitetracker_data,ST_FXP_PHASE_ELSE_SITE_V,phase_flag_for_migration,NUMERIC
rpt-network-plng,sitetracker_data,ST_FXP_PHASE_ELSE_SITE_V,frame,STRING
rpt-network-plng,sitetracker_data,ST_FXP_PHASE_ELSE_SITE_V,fsai_address,STRING
rpt-network-plng,sitetracker_data,ST_FXP_PHASE_ELSE_SITE_V,fsai_clli,STRING
rpt-network-plng,sitetracker_data,ST_FXP_PHASE_ELSE_SITE_V,fsai_manufacturer,STRING
rpt-network-plng,sitetracker_data,ST_FXP_PHASE_ELSE_SITE_V,fsai_size,STRING
rpt-network-plng,sitetracker_data,ST_FXP_PHASE_ELSE_SITE_V,fsai_taper_da_code,STRING
rpt-network-plng,sitetracker_data,ST_FXP_PHASE_ELSE_SITE_V,fsai_to_ont_s,STRING
rpt-network-plng,sitetracker_data,ST_FXP_PHASE_ELSE_SITE_V,fthgn_name_and_count,STRING
rpt-network-plng,sitetracker_data,ST_FXP_PHASE_ELSE_SITE_V,funding_documents_prep_prechecks_a,TIMESTAMP
rpt-network-plng,sitetracker_data,ST_FXP_PHASE_ELSE_SITE_V,funding_documents_prep_prechecks_f,TIMESTAMP
rpt-network-plng,sitetracker_data,ST_FXP_PHASE_ELSE_SITE_V,funding_request_received_a,TIMESTAMP
rpt-network-plng,sitetracker_data,ST_FXP_PHASE_ELSE_SITE_V,funding_request_received_f,TIMESTAMP
rpt-network-plng,sitetracker_data,ST_FXP_PHASE_ELSE_SITE_V,funding_request_submitted_a,TIMESTAMP
rpt-network-plng,sitetracker_data,ST_FXP_PHASE_ELSE_SITE_V,funding_request_submitted_f,TIMESTAMP
rpt-network-plng,sitetracker_data,ST_FXP_PHASE_ELSE_SITE_V,site_furthest_completed_activity,STRING
rpt-network-plng,sitetracker_data,ST_FXP_PHASE_ELSE_SITE_V,phase_furthest_completed_activity,STRING
rpt-network-plng,sitetracker_data,ST_FXP_PHASE_ELSE_SITE_V,geospatial_checks_passed_a,TIMESTAMP
rpt-network-plng,sitetracker_data,ST_FXP_PHASE_ELSE_SITE_V,geospatial_checks_passed_f,TIMESTAMP
rpt-network-plng,sitetracker_data,ST_FXP_PHASE_ELSE_SITE_V,geospatial_submitted_to_brain_a,TIMESTAMP
rpt-network-plng,sitetracker_data,ST_FXP_PHASE_ELSE_SITE_V,geospatial_submitted_to_brain_f,TIMESTAMP
rpt-network-plng,sitetracker_data,ST_FXP_PHASE_ELSE_SITE_V,google_address_validation_fallout_a,TIMESTAMP
rpt-network-plng,sitetracker_data,ST_FXP_PHASE_ELSE_SITE_V,google_address_validation_fallout_f,TIMESTAMP
rpt-network-plng,sitetracker_data,ST_FXP_PHASE_ELSE_SITE_V,google_update_request_a,TIMESTAMP
rpt-network-plng,sitetracker_data,ST_FXP_PHASE_ELSE_SITE_V,google_update_request_f,TIMESTAMP
rpt-network-plng,sitetracker_data,ST_FXP_PHASE_ELSE_SITE_V,gratis,STRING
rpt-network-plng,sitetracker_data,ST_FXP_PHASE_ELSE_SITE_V,gratis_order,STRING
rpt-network-plng,sitetracker_data,ST_FXP_PHASE_ELSE_SITE_V,handed_off_to_engineer_a,TIMESTAMP
rpt-network-plng,sitetracker_data,ST_FXP_PHASE_ELSE_SITE_V,handed_off_to_engineer_f,TIMESTAMP
rpt-network-plng,sitetracker_data,ST_FXP_PHASE_ELSE_SITE_V,handoff_to_planning_a,TIMESTAMP
rpt-network-plng,sitetracker_data,ST_FXP_PHASE_ELSE_SITE_V,handoff_to_planning_f,TIMESTAMP
rpt-network-plng,sitetracker_data,ST_FXP_PHASE_ELSE_SITE_V,site_held_order_id,STRING
rpt-network-plng,sitetracker_data,ST_FXP_PHASE_ELSE_SITE_V,phase_held_order_id,STRING
rpt-network-plng,sitetracker_data,ST_FXP_PHASE_ELSE_SITE_V,high_cost_review,STRING
rpt-network-plng,sitetracker_data,ST_FXP_PHASE_ELSE_SITE_V,imp_lus_out_of_sync_with_salesforce,NUMERIC
rpt-network-plng,sitetracker_data,ST_FXP_PHASE_ELSE_SITE_V,imp_pm_out_of_sync_with_salesforce,NUMERIC
rpt-network-plng,sitetracker_data,ST_FXP_PHASE_ELSE_SITE_V,site_implementation_a,TIMESTAMP
rpt-network-plng,sitetracker_data,ST_FXP_PHASE_ELSE_SITE_V,site_implementation_f,TIMESTAMP
rpt-network-plng,sitetracker_data,ST_FXP_PHASE_ELSE_SITE_V,phase_implementation_a,TIMESTAMP
rpt-network-plng,sitetracker_data,ST_FXP_PHASE_ELSE_SITE_V,phase_implementation_f,TIMESTAMP
rpt-network-plng,sitetracker_data,ST_FXP_PHASE_ELSE_SITE_V,inventory_complete_a,TIMESTAMP
rpt-network-plng,sitetracker_data,ST_FXP_PHASE_ELSE_SITE_V,inventory_complete_f,TIMESTAMP
rpt-network-plng,sitetracker_data,ST_FXP_PHASE_ELSE_SITE_V,site_inventory_stack,STRING
rpt-network-plng,sitetracker_data,ST_FXP_PHASE_ELSE_SITE_V,phase_inventory_stack,STRING
rpt-network-plng,sitetracker_data,ST_FXP_PHASE_ELSE_SITE_V,investment_reason,STRING
rpt-network-plng,sitetracker_data,ST_FXP_PHASE_ELSE_SITE_V,joint_trench_meeting_date_a,TIMESTAMP
rpt-network-plng,sitetracker_data,ST_FXP_PHASE_ELSE_SITE_V,joint_trench_meeting_date_f,TIMESTAMP
rpt-network-plng,sitetracker_data,ST_FXP_PHASE_ELSE_SITE_V,joint_trench_meeting,STRING
rpt-network-plng,sitetracker_data,ST_FXP_PHASE_ELSE_SITE_V,site_joint_trench_ready_date,TIMESTAMP
rpt-network-plng,sitetracker_data,ST_FXP_PHASE_ELSE_SITE_V,phase_joint_trench_ready_date,TIMESTAMP
rpt-network-plng,sitetracker_data,ST_FXP_PHASE_ELSE_SITE_V,landbase_request_completed_a,TIMESTAMP
rpt-network-plng,sitetracker_data,ST_FXP_PHASE_ELSE_SITE_V,landbase_request_completed_f,TIMESTAMP
rpt-network-plng,sitetracker_data,ST_FXP_PHASE_ELSE_SITE_V,last_modified_date,TIMESTAMP
rpt-network-plng,sitetracker_data,ST_FXP_PHASE_ELSE_SITE_V,latitude,STRING
rpt-network-plng,sitetracker_data,ST_FXP_PHASE_ELSE_SITE_V,leep_f1_portion_a,TIMESTAMP
rpt-network-plng,sitetracker_data,ST_FXP_PHASE_ELSE_SITE_V,leep_f1_portion_f,TIMESTAMP
rpt-network-plng,sitetracker_data,ST_FXP_PHASE_ELSE_SITE_V,leep_f2_portion_a,TIMESTAMP
rpt-network-plng,sitetracker_data,ST_FXP_PHASE_ELSE_SITE_V,leep_f2_portion_f,TIMESTAMP
rpt-network-plng,sitetracker_data,ST_FXP_PHASE_ELSE_SITE_V,len_assignments,STRING
rpt-network-plng,sitetracker_data,ST_FXP_PHASE_ELSE_SITE_V,load_kmz_file_interval_tables_a,TIMESTAMP
rpt-network-plng,sitetracker_data,ST_FXP_PHASE_ELSE_SITE_V,load_kmz_file_interval_tables_f,TIMESTAMP
rpt-network-plng,sitetracker_data,ST_FXP_PHASE_ELSE_SITE_V,longitude,STRING
rpt-network-plng,sitetracker_data,ST_FXP_PHASE_ELSE_SITE_V,lu_missed_on_complete,NUMERIC
rpt-network-plng,sitetracker_data,ST_FXP_PHASE_ELSE_SITE_V,make_ready_construction_est_cmp_p,TIMESTAMP
rpt-network-plng,sitetracker_data,ST_FXP_PHASE_ELSE_SITE_V,make_ready_construction_est_cmp_s,TIMESTAMP
rpt-network-plng,sitetracker_data,ST_FXP_PHASE_ELSE_SITE_V,make_ready_cost_p,NUMERIC
rpt-network-plng,sitetracker_data,ST_FXP_PHASE_ELSE_SITE_V,make_ready_cost_s,NUMERIC
rpt-network-plng,sitetracker_data,ST_FXP_PHASE_ELSE_SITE_V,make_ready_estimate_received_a,TIMESTAMP
rpt-network-plng,sitetracker_data,ST_FXP_PHASE_ELSE_SITE_V,make_ready_estimate_received_f,TIMESTAMP
rpt-network-plng,sitetracker_data,ST_FXP_PHASE_ELSE_SITE_V,make_ready_payment_submitted_a,TIMESTAMP
rpt-network-plng,sitetracker_data,ST_FXP_PHASE_ELSE_SITE_V,make_ready_payment_submitted_f,TIMESTAMP
rpt-network-plng,sitetracker_data,ST_FXP_PHASE_ELSE_SITE_V,make_ready_required,STRING
rpt-network-plng,sitetracker_data,ST_FXP_PHASE_ELSE_SITE_V,manual_ols_load_layer_1_a,TIMESTAMP
rpt-network-plng,sitetracker_data,ST_FXP_PHASE_ELSE_SITE_V,manual_ols_load_layer_1_f,TIMESTAMP
rpt-network-plng,sitetracker_data,ST_FXP_PHASE_ELSE_SITE_V,manual_ols_received,TIMESTAMP
rpt-network-plng,sitetracker_data,ST_FXP_PHASE_ELSE_SITE_V,materials_received_a,TIMESTAMP
rpt-network-plng,sitetracker_data,ST_FXP_PHASE_ELSE_SITE_V,materials_received_f,TIMESTAMP
rpt-network-plng,sitetracker_data,ST_FXP_PHASE_ELSE_SITE_V,mktg_pm_name,STRING
rpt-network-plng,sitetracker_data,ST_FXP_PHASE_ELSE_SITE_V,mktg_pm_contact_company,STRING
rpt-network-plng,sitetracker_data,ST_FXP_PHASE_ELSE_SITE_V,mktg_pm_company_address,STRING
rpt-network-plng,sitetracker_data,ST_FXP_PHASE_ELSE_SITE_V,mktg_pm_contact_email,STRING
rpt-network-plng,sitetracker_data,ST_FXP_PHASE_ELSE_SITE_V,mktg_pm_contact_phone,STRING
rpt-network-plng,sitetracker_data,ST_FXP_PHASE_ELSE_SITE_V,mktg_pm_contact_type,STRING
rpt-network-plng,sitetracker_data,ST_FXP_PHASE_ELSE_SITE_V,site_nds_project_name,STRING
rpt-network-plng,sitetracker_data,ST_FXP_PHASE_ELSE_SITE_V,site_nds_project_number,STRING
rpt-network-plng,sitetracker_data,ST_FXP_PHASE_ELSE_SITE_V,phase_nds_project_name,STRING
rpt-network-plng,sitetracker_data,ST_FXP_PHASE_ELSE_SITE_V,phase_nds_project_number,STRING
rpt-network-plng,sitetracker_data,ST_FXP_PHASE_ELSE_SITE_V,nds_qf_qm_error_cleanup_a,TIMESTAMP
rpt-network-plng,sitetracker_data,ST_FXP_PHASE_ELSE_SITE_V,nds_qf_qm_error_cleanup_f,TIMESTAMP
rpt-network-plng,sitetracker_data,ST_FXP_PHASE_ELSE_SITE_V,site_nds_user_id,STRING
rpt-network-plng,sitetracker_data,ST_FXP_PHASE_ELSE_SITE_V,phase_nds_user_id,STRING
rpt-network-plng,sitetracker_data,ST_FXP_PHASE_ELSE_SITE_V,new_or_existing_fsai,STRING
rpt-network-plng,sitetracker_data,ST_FXP_PHASE_ELSE_SITE_V,ni_accepted_handoff_a,TIMESTAMP
rpt-network-plng,sitetracker_data,ST_FXP_PHASE_ELSE_SITE_V,ni_accepted_handoff_f,TIMESTAMP
rpt-network-plng,sitetracker_data,ST_FXP_PHASE_ELSE_SITE_V,site_no_build_comments,STRING
rpt-network-plng,sitetracker_data,ST_FXP_PHASE_ELSE_SITE_V,no_build_notification_a,TIMESTAMP
rpt-network-plng,sitetracker_data,ST_FXP_PHASE_ELSE_SITE_V,no_build_notification_f,TIMESTAMP
rpt-network-plng,sitetracker_data,ST_FXP_PHASE_ELSE_SITE_V,no_build_pun_form_submitted_a,TIMESTAMP
rpt-network-plng,sitetracker_data,ST_FXP_PHASE_ELSE_SITE_V,no_build_pun_form_submitted_f,TIMESTAMP
rpt-network-plng,sitetracker_data,ST_FXP_PHASE_ELSE_SITE_V,notify_marketing_a,TIMESTAMP
rpt-network-plng,sitetracker_data,ST_FXP_PHASE_ELSE_SITE_V,notify_marketing_f,TIMESTAMP
rpt-network-plng,sitetracker_data,ST_FXP_PHASE_ELSE_SITE_V,site_number_of_build_lus,NUMERIC
rpt-network-plng,sitetracker_data,ST_FXP_PHASE_ELSE_SITE_V,phase_number_of_build_lus,NUMERIC
rpt-network-plng,sitetracker_data,ST_FXP_PHASE_ELSE_SITE_V,site_number_of_constructed_service_locations,NUMERIC
rpt-network-plng,sitetracker_data,ST_FXP_PHASE_ELSE_SITE_V,site_number_of_inventoried_service_locations,NUMERIC
rpt-network-plng,sitetracker_data,ST_FXP_PHASE_ELSE_SITE_V,phase_number_of_constructed_service_locations,NUMERIC
rpt-network-plng,sitetracker_data,ST_FXP_PHASE_ELSE_SITE_V,phase_number_of_inventoried_service_locations,NUMERIC
rpt-network-plng,sitetracker_data,ST_FXP_PHASE_ELSE_SITE_V,site_num_of_lus,NUMERIC
rpt-network-plng,sitetracker_data,ST_FXP_PHASE_ELSE_SITE_V,phase_num_of_lus,NUMERIC
rpt-network-plng,sitetracker_data,ST_FXP_PHASE_ELSE_SITE_V,number_of_poles_p,NUMERIC
rpt-network-plng,sitetracker_data,ST_FXP_PHASE_ELSE_SITE_V,number_of_poles_s,NUMERIC
rpt-network-plng,sitetracker_data,ST_FXP_PHASE_ELSE_SITE_V,odin_layer_2_3_ta_path_device_a,TIMESTAMP
rpt-network-plng,sitetracker_data,ST_FXP_PHASE_ELSE_SITE_V,odin_layer_2_3_ta_path_device_f,TIMESTAMP
rpt-network-plng,sitetracker_data,ST_FXP_PHASE_ELSE_SITE_V,odin_load_layer_1_a,TIMESTAMP
rpt-network-plng,sitetracker_data,ST_FXP_PHASE_ELSE_SITE_V,odin_load_layer_1_f,TIMESTAMP
rpt-network-plng,sitetracker_data,ST_FXP_PHASE_ELSE_SITE_V,odin_load_layer_2_3_sasktel_load_a,TIMESTAMP
rpt-network-plng,sitetracker_data,ST_FXP_PHASE_ELSE_SITE_V,odin_load_layer_2_3_sasktel_load_f,TIMESTAMP
rpt-network-plng,sitetracker_data,ST_FXP_PHASE_ELSE_SITE_V,num_of_lus_sow,NUMERIC
rpt-network-plng,sitetracker_data,ST_FXP_PHASE_ELSE_SITE_V,num_of_permits_submitted_p,NUMERIC
rpt-network-plng,sitetracker_data,ST_FXP_PHASE_ELSE_SITE_V,num_of_permits_submitted_s,NUMERIC
rpt-network-plng,sitetracker_data,ST_FXP_PHASE_ELSE_SITE_V,num_of_splitters_being_placed,NUMERIC
rpt-network-plng,sitetracker_data,ST_FXP_PHASE_ELSE_SITE_V,offer_confirmation_a,TIMESTAMP
rpt-network-plng,sitetracker_data,ST_FXP_PHASE_ELSE_SITE_V,offer_confirmation_f,TIMESTAMP
rpt-network-plng,sitetracker_data,ST_FXP_PHASE_ELSE_SITE_V,olt,STRING
rpt-network-plng,sitetracker_data,ST_FXP_PHASE_ELSE_SITE_V,olt_address,STRING
rpt-network-plng,sitetracker_data,ST_FXP_PHASE_ELSE_SITE_V,olt_card,STRING
rpt-network-plng,sitetracker_data,ST_FXP_PHASE_ELSE_SITE_V,olt_clli,STRING
rpt-network-plng,sitetracker_data,ST_FXP_PHASE_ELSE_SITE_V,olt_configuration,STRING
rpt-network-plng,sitetracker_data,ST_FXP_PHASE_ELSE_SITE_V,olt_count,STRING
rpt-network-plng,sitetracker_data,ST_FXP_PHASE_ELSE_SITE_V,olt_f1_fiber_splitter_assignment,STRING
rpt-network-plng,sitetracker_data,ST_FXP_PHASE_ELSE_SITE_V,olt_location,STRING
rpt-network-plng,sitetracker_data,ST_FXP_PHASE_ELSE_SITE_V,olt_manufacturer_type,STRING
rpt-network-plng,sitetracker_data,ST_FXP_PHASE_ELSE_SITE_V,olt_ports,STRING
rpt-network-plng,sitetracker_data,ST_FXP_PHASE_ELSE_SITE_V,olt_shelf,STRING
rpt-network-plng,sitetracker_data,ST_FXP_PHASE_ELSE_SITE_V,olt_to_fsai,STRING
rpt-network-plng,sitetracker_data,ST_FXP_PHASE_ELSE_SITE_V,olt_type,STRING
rpt-network-plng,sitetracker_data,ST_FXP_PHASE_ELSE_SITE_V,on_time,STRING
rpt-network-plng,sitetracker_data,ST_FXP_PHASE_ELSE_SITE_V,ona,STRING
rpt-network-plng,sitetracker_data,ST_FXP_PHASE_ELSE_SITE_V,ona_cuid,STRING
rpt-network-plng,sitetracker_data,ST_FXP_PHASE_ELSE_SITE_V,ont_type,STRING
rpt-network-plng,sitetracker_data,ST_FXP_PHASE_ELSE_SITE_V,opportunity_created_a,TIMESTAMP
rpt-network-plng,sitetracker_data,ST_FXP_PHASE_ELSE_SITE_V,opportunity_created_f,TIMESTAMP
rpt-network-plng,sitetracker_data,ST_FXP_PHASE_ELSE_SITE_V,order_materials_a,TIMESTAMP
rpt-network-plng,sitetracker_data,ST_FXP_PHASE_ELSE_SITE_V,order_materials_f,TIMESTAMP
rpt-network-plng,sitetracker_data,ST_FXP_PHASE_ELSE_SITE_V,osp_construction_complete_a,TIMESTAMP
rpt-network-plng,sitetracker_data,ST_FXP_PHASE_ELSE_SITE_V,osp_construction_complete_f,TIMESTAMP
rpt-network-plng,sitetracker_data,ST_FXP_PHASE_ELSE_SITE_V,osp_construction_start_a,TIMESTAMP
rpt-network-plng,sitetracker_data,ST_FXP_PHASE_ELSE_SITE_V,osp_construction_start_f,TIMESTAMP
rpt-network-plng,sitetracker_data,ST_FXP_PHASE_ELSE_SITE_V,site_partial_rfs_received,TIMESTAMP
rpt-network-plng,sitetracker_data,ST_FXP_PHASE_ELSE_SITE_V,phase_partial_rfs_received,TIMESTAMP
rpt-network-plng,sitetracker_data,ST_FXP_PHASE_ELSE_SITE_V,path_to_layer_1,STRING
rpt-network-plng,sitetracker_data,ST_FXP_PHASE_ELSE_SITE_V,permit_fee,NUMERIC
rpt-network-plng,sitetracker_data,ST_FXP_PHASE_ELSE_SITE_V,permit_fee_s,NUMERIC
rpt-network-plng,sitetracker_data,ST_FXP_PHASE_ELSE_SITE_V,permits_received_a,TIMESTAMP
rpt-network-plng,sitetracker_data,ST_FXP_PHASE_ELSE_SITE_V,permits_received_f,TIMESTAMP
rpt-network-plng,sitetracker_data,ST_FXP_PHASE_ELSE_SITE_V,permits_required,STRING
rpt-network-plng,sitetracker_data,ST_FXP_PHASE_ELSE_SITE_V,permits_submitted_a,TIMESTAMP
rpt-network-plng,sitetracker_data,ST_FXP_PHASE_ELSE_SITE_V,permits_submitted_f,TIMESTAMP
rpt-network-plng,sitetracker_data,ST_FXP_PHASE_ELSE_SITE_V,permitting_right_of_way_dependencies_a,TIMESTAMP
rpt-network-plng,sitetracker_data,ST_FXP_PHASE_ELSE_SITE_V,permitting_right_of_way_dependencies_f,TIMESTAMP
rpt-network-plng,sitetracker_data,ST_FXP_PHASE_ELSE_SITE_V,phase_lus_out_of_sync_with_salesforce,NUMERIC
rpt-network-plng,sitetracker_data,ST_FXP_PHASE_ELSE_SITE_V,phase_s_implementation_a,TIMESTAMP
rpt-network-plng,sitetracker_data,ST_FXP_PHASE_ELSE_SITE_V,phase_s_implementation_f,TIMESTAMP
rpt-network-plng,sitetracker_data,ST_FXP_PHASE_ELSE_SITE_V,placing_a,TIMESTAMP
rpt-network-plng,sitetracker_data,ST_FXP_PHASE_ELSE_SITE_V,placing_f,TIMESTAMP
rpt-network-plng,sitetracker_data,ST_FXP_PHASE_ELSE_SITE_V,planner_reviews_offer_decision_a,TIMESTAMP
rpt-network-plng,sitetracker_data,ST_FXP_PHASE_ELSE_SITE_V,planner_reviews_offer_decision_f,TIMESTAMP
rpt-network-plng,sitetracker_data,ST_FXP_PHASE_ELSE_SITE_V,planning_accepts_handoff_a,TIMESTAMP
rpt-network-plng,sitetracker_data,ST_FXP_PHASE_ELSE_SITE_V,planning_accepts_handoff_f,TIMESTAMP
rpt-network-plng,sitetracker_data,ST_FXP_PHASE_ELSE_SITE_V,planning_gate_decision_a,TIMESTAMP
rpt-network-plng,sitetracker_data,ST_FXP_PHASE_ELSE_SITE_V,planning_gate_decision_f,TIMESTAMP
rpt-network-plng,sitetracker_data,ST_FXP_PHASE_ELSE_SITE_V,planning_gate_submittal_a,TIMESTAMP
rpt-network-plng,sitetracker_data,ST_FXP_PHASE_ELSE_SITE_V,planning_gate_submittal_f,TIMESTAMP
rpt-network-plng,sitetracker_data,ST_FXP_PHASE_ELSE_SITE_V,planning_handoff_complete_a,TIMESTAMP
rpt-network-plng,sitetracker_data,ST_FXP_PHASE_ELSE_SITE_V,planning_handoff_complete_f,TIMESTAMP
rpt-network-plng,sitetracker_data,ST_FXP_PHASE_ELSE_SITE_V,plats_uploaded,NUMERIC
rpt-network-plng,sitetracker_data,ST_FXP_PHASE_ELSE_SITE_V,poles_denied_s,NUMERIC
rpt-network-plng,sitetracker_data,ST_FXP_PHASE_ELSE_SITE_V,site_polygon_ecd,TIMESTAMP
rpt-network-plng,sitetracker_data,ST_FXP_PHASE_ELSE_SITE_V,phase_polygon_ecd,TIMESTAMP
rpt-network-plng,sitetracker_data,ST_FXP_PHASE_ELSE_SITE_V,site_polygon_id,STRING
rpt-network-plng,sitetracker_data,ST_FXP_PHASE_ELSE_SITE_V,phase_polygon_id,STRING
rpt-network-plng,sitetracker_data,ST_FXP_PHASE_ELSE_SITE_V,polygon_in_production_a,TIMESTAMP
rpt-network-plng,sitetracker_data,ST_FXP_PHASE_ELSE_SITE_V,polygon_in_production_f,TIMESTAMP
rpt-network-plng,sitetracker_data,ST_FXP_PHASE_ELSE_SITE_V,site_polygon_in_service,STRING
rpt-network-plng,sitetracker_data,ST_FXP_PHASE_ELSE_SITE_V,phase_polygon_in_service,STRING
rpt-network-plng,sitetracker_data,ST_FXP_PHASE_ELSE_SITE_V,site_polygon_in_service_date,TIMESTAMP
rpt-network-plng,sitetracker_data,ST_FXP_PHASE_ELSE_SITE_V,phase_polygon_in_service_date,TIMESTAMP
rpt-network-plng,sitetracker_data,ST_FXP_PHASE_ELSE_SITE_V,site_polygon_status,STRING
rpt-network-plng,sitetracker_data,ST_FXP_PHASE_ELSE_SITE_V,phase_polygon_status,STRING
rpt-network-plng,sitetracker_data,ST_FXP_PHASE_ELSE_SITE_V,pom_decision_a,TIMESTAMP
rpt-network-plng,sitetracker_data,ST_FXP_PHASE_ELSE_SITE_V,pom_decision_f,TIMESTAMP
rpt-network-plng,sitetracker_data,ST_FXP_PHASE_ELSE_SITE_V,pom_review_a,TIMESTAMP
rpt-network-plng,sitetracker_data,ST_FXP_PHASE_ELSE_SITE_V,pom_review_f,TIMESTAMP
rpt-network-plng,sitetracker_data,ST_FXP_PHASE_ELSE_SITE_V,ports,STRING
rpt-network-plng,sitetracker_data,ST_FXP_PHASE_ELSE_SITE_V,power_company_name,STRING
rpt-network-plng,sitetracker_data,ST_FXP_PHASE_ELSE_SITE_V,power_source,STRING
rpt-network-plng,sitetracker_data,ST_FXP_PHASE_ELSE_SITE_V,power_source_location,STRING
rpt-network-plng,sitetracker_data,ST_FXP_PHASE_ELSE_SITE_V,premise_equipment_installed_a,TIMESTAMP
rpt-network-plng,sitetracker_data,ST_FXP_PHASE_ELSE_SITE_V,premise_equipment_installed_f,TIMESTAMP
rpt-network-plng,sitetracker_data,ST_FXP_PHASE_ELSE_SITE_V,site_premise_ready,TIMESTAMP
rpt-network-plng,sitetracker_data,ST_FXP_PHASE_ELSE_SITE_V,phase_premise_ready,TIMESTAMP
rpt-network-plng,sitetracker_data,ST_FXP_PHASE_ELSE_SITE_V,primary_power_company_name,STRING
rpt-network-plng,sitetracker_data,ST_FXP_PHASE_ELSE_SITE_V,site_program_name,STRING
rpt-network-plng,sitetracker_data,ST_FXP_PHASE_ELSE_SITE_V,phase_program_name,STRING
rpt-network-plng,sitetracker_data,ST_FXP_PHASE_ELSE_SITE_V,site_project_audit_comments,STRING
rpt-network-plng,sitetracker_data,ST_FXP_PHASE_ELSE_SITE_V,phase_project_audit_comments,STRING
rpt-network-plng,sitetracker_data,ST_FXP_PHASE_ELSE_SITE_V,site_project_audit_requested,NUMERIC
rpt-network-plng,sitetracker_data,ST_FXP_PHASE_ELSE_SITE_V,phase_project_audit_requested,NUMERIC
rpt-network-plng,sitetracker_data,ST_FXP_PHASE_ELSE_SITE_V,project_boundary_created_a,TIMESTAMP
rpt-network-plng,sitetracker_data,ST_FXP_PHASE_ELSE_SITE_V,project_boundary_created_f,TIMESTAMP
rpt-network-plng,sitetracker_data,ST_FXP_PHASE_ELSE_SITE_V,site_project_comments_history_long_text,STRING
rpt-network-plng,sitetracker_data,ST_FXP_PHASE_ELSE_SITE_V,phase_project_comments_history_long_text,STRING
rpt-network-plng,sitetracker_data,ST_FXP_PHASE_ELSE_SITE_V,site_project_comments_long_text,STRING
rpt-network-plng,sitetracker_data,ST_FXP_PHASE_ELSE_SITE_V,phase_project_comments_long_text,STRING
rpt-network-plng,sitetracker_data,ST_FXP_PHASE_ELSE_SITE_V,site_project_description,STRING
rpt-network-plng,sitetracker_data,ST_FXP_PHASE_ELSE_SITE_V,phase_project_description,STRING
rpt-network-plng,sitetracker_data,ST_FXP_PHASE_ELSE_SITE_V,project_fiber_aerial_footage,NUMERIC
rpt-network-plng,sitetracker_data,ST_FXP_PHASE_ELSE_SITE_V,project_fiber_buried_ug_footage,NUMERIC
rpt-network-plng,sitetracker_data,ST_FXP_PHASE_ELSE_SITE_V,project_fiber_footage,NUMERIC
rpt-network-plng,sitetracker_data,ST_FXP_PHASE_ELSE_SITE_V,project_fiber_plcg_footage_complete,NUMERIC
rpt-network-plng,sitetracker_data,ST_FXP_PHASE_ELSE_SITE_V,project_fiber_plcg_percentage,NUMERIC
rpt-network-plng,sitetracker_data,ST_FXP_PHASE_ELSE_SITE_V,project_fiber_spl_footage_complete,NUMERIC
rpt-network-plng,sitetracker_data,ST_FXP_PHASE_ELSE_SITE_V,project_fiber_spl_percentage,NUMERIC
rpt-network-plng,sitetracker_data,ST_FXP_PHASE_ELSE_SITE_V,project_initiated_in_sap_fireworks_a,TIMESTAMP
rpt-network-plng,sitetracker_data,ST_FXP_PHASE_ELSE_SITE_V,project_initiated_in_sap_fireworks_f,TIMESTAMP
rpt-network-plng,sitetracker_data,ST_FXP_PHASE_ELSE_SITE_V,site_project_name,STRING
rpt-network-plng,sitetracker_data,ST_FXP_PHASE_ELSE_SITE_V,phase_project_name,STRING
rpt-network-plng,sitetracker_data,ST_FXP_PHASE_ELSE_SITE_V,project_redlines_completed_a,TIMESTAMP
rpt-network-plng,sitetracker_data,ST_FXP_PHASE_ELSE_SITE_V,project_redlines_completed_f,TIMESTAMP
rpt-network-plng,sitetracker_data,ST_FXP_PHASE_ELSE_SITE_V,provisioning_complete_a,TIMESTAMP
rpt-network-plng,sitetracker_data,ST_FXP_PHASE_ELSE_SITE_V,provisioning_complete_f,TIMESTAMP
rpt-network-plng,sitetracker_data,ST_FXP_PHASE_ELSE_SITE_V,pta_pole_application_submitted_a,TIMESTAMP
rpt-network-plng,sitetracker_data,ST_FXP_PHASE_ELSE_SITE_V,pta_pole_application_submitted_f,TIMESTAMP
rpt-network-plng,sitetracker_data,ST_FXP_PHASE_ELSE_SITE_V,pta_received_from_pole_owner_a,TIMESTAMP
rpt-network-plng,sitetracker_data,ST_FXP_PHASE_ELSE_SITE_V,pta_received_from_pole_owner_f,TIMESTAMP
rpt-network-plng,sitetracker_data,ST_FXP_PHASE_ELSE_SITE_V,pta_vendor_assignment_p,STRING
rpt-network-plng,sitetracker_data,ST_FXP_PHASE_ELSE_SITE_V,pta_vendor_assignment_s,STRING
rpt-network-plng,sitetracker_data,ST_FXP_PHASE_ELSE_SITE_V,pta_vendor_p,STRING
rpt-network-plng,sitetracker_data,ST_FXP_PHASE_ELSE_SITE_V,pta_vendor_s,STRING
rpt-network-plng,sitetracker_data,ST_FXP_PHASE_ELSE_SITE_V,pun_form_a,TIMESTAMP
rpt-network-plng,sitetracker_data,ST_FXP_PHASE_ELSE_SITE_V,pun_form_f,TIMESTAMP
rpt-network-plng,sitetracker_data,ST_FXP_PHASE_ELSE_SITE_V,qf_automation_posted_to_top_a,TIMESTAMP
rpt-network-plng,sitetracker_data,ST_FXP_PHASE_ELSE_SITE_V,qf_automation_posted_to_top_f,TIMESTAMP
rpt-network-plng,sitetracker_data,ST_FXP_PHASE_ELSE_SITE_V,record_updates_final_post_a,TIMESTAMP
rpt-network-plng,sitetracker_data,ST_FXP_PHASE_ELSE_SITE_V,record_updates_final_post_f,TIMESTAMP
rpt-network-plng,sitetracker_data,ST_FXP_PHASE_ELSE_SITE_V,redlines_to_design_a,TIMESTAMP
rpt-network-plng,sitetracker_data,ST_FXP_PHASE_ELSE_SITE_V,redlines_to_design_f,TIMESTAMP
rpt-network-plng,sitetracker_data,ST_FXP_PHASE_ELSE_SITE_V,site_reject_flag,NUMERIC
rpt-network-plng,sitetracker_data,ST_FXP_PHASE_ELSE_SITE_V,phase_reject_flag,NUMERIC
rpt-network-plng,sitetracker_data,ST_FXP_PHASE_ELSE_SITE_V,related_f1_footage_plcg_complete,NUMERIC
rpt-network-plng,sitetracker_data,ST_FXP_PHASE_ELSE_SITE_V,related_f1_footage_spl_complete,NUMERIC
rpt-network-plng,sitetracker_data,ST_FXP_PHASE_ELSE_SITE_V,related_f1_plcg_percentage_complete,NUMERIC
rpt-network-plng,sitetracker_data,ST_FXP_PHASE_ELSE_SITE_V,related_f1_spl_percentage_complete,NUMERIC
rpt-network-plng,sitetracker_data,ST_FXP_PHASE_ELSE_SITE_V,related_f2_footage_plcg_complete,NUMERIC
rpt-network-plng,sitetracker_data,ST_FXP_PHASE_ELSE_SITE_V,related_f2_footage_spl_complete,NUMERIC
rpt-network-plng,sitetracker_data,ST_FXP_PHASE_ELSE_SITE_V,related_f2_plcg_percentage_complete,NUMERIC
rpt-network-plng,sitetracker_data,ST_FXP_PHASE_ELSE_SITE_V,related_f2_spl_percentage_complete,NUMERIC
rpt-network-plng,sitetracker_data,ST_FXP_PHASE_ELSE_SITE_V,related_fiber_aerial_footage,NUMERIC
rpt-network-plng,sitetracker_data,ST_FXP_PHASE_ELSE_SITE_V,related_fiber_buried_ug_footage,NUMERIC
rpt-network-plng,sitetracker_data,ST_FXP_PHASE_ELSE_SITE_V,related_fiber_footage,NUMERIC
rpt-network-plng,sitetracker_data,ST_FXP_PHASE_ELSE_SITE_V,related_fiber_plcg_footage_complete,NUMERIC
rpt-network-plng,sitetracker_data,ST_FXP_PHASE_ELSE_SITE_V,related_fiber_plcg_percentage,NUMERIC
rpt-network-plng,sitetracker_data,ST_FXP_PHASE_ELSE_SITE_V,related_fiber_spl_footage_complete,NUMERIC
rpt-network-plng,sitetracker_data,ST_FXP_PHASE_ELSE_SITE_V,related_fiber_spl_percentage,NUMERIC
rpt-network-plng,sitetracker_data,ST_FXP_PHASE_ELSE_SITE_V,related_project_s_implementation_a,TIMESTAMP
rpt-network-plng,sitetracker_data,ST_FXP_PHASE_ELSE_SITE_V,related_project_s_implementation_f,TIMESTAMP
rpt-network-plng,sitetracker_data,ST_FXP_PHASE_ELSE_SITE_V,relay_rack,STRING
rpt-network-plng,sitetracker_data,ST_FXP_PHASE_ELSE_SITE_V,released_to_construction_a,TIMESTAMP
rpt-network-plng,sitetracker_data,ST_FXP_PHASE_ELSE_SITE_V,released_to_construction_f,TIMESTAMP
rpt-network-plng,sitetracker_data,ST_FXP_PHASE_ELSE_SITE_V,review_capital_design_and_add_f1_cos_a,TIMESTAMP
rpt-network-plng,sitetracker_data,ST_FXP_PHASE_ELSE_SITE_V,review_capital_design_and_add_f1_cos_f,TIMESTAMP
rpt-network-plng,sitetracker_data,ST_FXP_PHASE_ELSE_SITE_V,review_in_staging_a,TIMESTAMP
rpt-network-plng,sitetracker_data,ST_FXP_PHASE_ELSE_SITE_V,review_in_staging_f,TIMESTAMP
rpt-network-plng,sitetracker_data,ST_FXP_PHASE_ELSE_SITE_V,sf_phase_record,STRING
rpt-network-plng,sitetracker_data,ST_FXP_PHASE_ELSE_SITE_V,sales_osr_contact,STRING
rpt-network-plng,sitetracker_data,ST_FXP_PHASE_ELSE_SITE_V,sf_implementation_record,STRING
rpt-network-plng,sitetracker_data,ST_FXP_PHASE_ELSE_SITE_V,sap_system_status,STRING
rpt-network-plng,sitetracker_data,ST_FXP_PHASE_ELSE_SITE_V,secondary_power_company_name,STRING
rpt-network-plng,sitetracker_data,ST_FXP_PHASE_ELSE_SITE_V,segment,STRING
rpt-network-plng,sitetracker_data,ST_FXP_PHASE_ELSE_SITE_V,service_area,STRING
rpt-network-plng,sitetracker_data,ST_FXP_PHASE_ELSE_SITE_V,shelf,STRING
rpt-network-plng,sitetracker_data,ST_FXP_PHASE_ELSE_SITE_V,site_project_status,STRING
rpt-network-plng,sitetracker_data,ST_FXP_PHASE_ELSE_SITE_V,phase_project_status,STRING
rpt-network-plng,sitetracker_data,ST_FXP_PHASE_ELSE_SITE_V,site_project_status_override,NUMERIC
rpt-network-plng,sitetracker_data,ST_FXP_PHASE_ELSE_SITE_V,site_project_status_override_reason,STRING
rpt-network-plng,sitetracker_data,ST_FXP_PHASE_ELSE_SITE_V,phase_project_status_override,NUMERIC
rpt-network-plng,sitetracker_data,ST_FXP_PHASE_ELSE_SITE_V,phase_project_status_override_reason,STRING
rpt-network-plng,sitetracker_data,ST_FXP_PHASE_ELSE_SITE_V,site_name,STRING
rpt-network-plng,sitetracker_data,ST_FXP_PHASE_ELSE_SITE_V,sitewalk_category_1,STRING
rpt-network-plng,sitetracker_data,ST_FXP_PHASE_ELSE_SITE_V,sitewalk_category_2,STRING
rpt-network-plng,sitetracker_data,ST_FXP_PHASE_ELSE_SITE_V,sitewalk_completed_a,TIMESTAMP
rpt-network-plng,sitetracker_data,ST_FXP_PHASE_ELSE_SITE_V,sitewalk_completed_f,TIMESTAMP
rpt-network-plng,sitetracker_data,ST_FXP_PHASE_ELSE_SITE_V,sitewalk_handed_off_a,TIMESTAMP
rpt-network-plng,sitetracker_data,ST_FXP_PHASE_ELSE_SITE_V,sitewalk_handed_off_f,TIMESTAMP
rpt-network-plng,sitetracker_data,ST_FXP_PHASE_ELSE_SITE_V,sitewalk_required,STRING
rpt-network-plng,sitetracker_data,ST_FXP_PHASE_ELSE_SITE_V,sitewalk_start_a,TIMESTAMP
rpt-network-plng,sitetracker_data,ST_FXP_PHASE_ELSE_SITE_V,sitewalk_start_f,TIMESTAMP
rpt-network-plng,sitetracker_data,ST_FXP_PHASE_ELSE_SITE_V,sitewalk_vendor_1,STRING
rpt-network-plng,sitetracker_data,ST_FXP_PHASE_ELSE_SITE_V,sitewalk_vendor_2,STRING
rpt-network-plng,sitetracker_data,ST_FXP_PHASE_ELSE_SITE_V,sow_form,STRING
rpt-network-plng,sitetracker_data,ST_FXP_PHASE_ELSE_SITE_V,splicing_a,TIMESTAMP
rpt-network-plng,sitetracker_data,ST_FXP_PHASE_ELSE_SITE_V,splicing_f,TIMESTAMP
rpt-network-plng,sitetracker_data,ST_FXP_PHASE_ELSE_SITE_V,splitter_size,STRING
rpt-network-plng,sitetracker_data,ST_FXP_PHASE_ELSE_SITE_V,site_star_id_1,STRING
rpt-network-plng,sitetracker_data,ST_FXP_PHASE_ELSE_SITE_V,site_star_id_2,STRING
rpt-network-plng,sitetracker_data,ST_FXP_PHASE_ELSE_SITE_V,site_star_id_3,STRING
rpt-network-plng,sitetracker_data,ST_FXP_PHASE_ELSE_SITE_V,site_star_id_4,STRING
rpt-network-plng,sitetracker_data,ST_FXP_PHASE_ELSE_SITE_V,site_star_id_5,STRING
rpt-network-plng,sitetracker_data,ST_FXP_PHASE_ELSE_SITE_V,site_star_id_6,STRING
rpt-network-plng,sitetracker_data,ST_FXP_PHASE_ELSE_SITE_V,site_star_id_7,STRING
rpt-network-plng,sitetracker_data,ST_FXP_PHASE_ELSE_SITE_V,site_star_id_8,STRING
rpt-network-plng,sitetracker_data,ST_FXP_PHASE_ELSE_SITE_V,site_star_id_9,STRING
rpt-network-plng,sitetracker_data,ST_FXP_PHASE_ELSE_SITE_V,site_star_id_10,STRING
rpt-network-plng,sitetracker_data,ST_FXP_PHASE_ELSE_SITE_V,site_star_id_11,STRING
rpt-network-plng,sitetracker_data,ST_FXP_PHASE_ELSE_SITE_V,site_star_id_12,STRING
rpt-network-plng,sitetracker_data,ST_FXP_PHASE_ELSE_SITE_V,site_star_id_13,STRING
rpt-network-plng,sitetracker_data,ST_FXP_PHASE_ELSE_SITE_V,site_star_id_14,STRING
rpt-network-plng,sitetracker_data,ST_FXP_PHASE_ELSE_SITE_V,site_star_id_15,STRING
rpt-network-plng,sitetracker_data,ST_FXP_PHASE_ELSE_SITE_V,site_star_id_16,STRING
rpt-network-plng,sitetracker_data,ST_FXP_PHASE_ELSE_SITE_V,site_star_id_17,STRING
rpt-network-plng,sitetracker_data,ST_FXP_PHASE_ELSE_SITE_V,site_star_id_18,STRING
rpt-network-plng,sitetracker_data,ST_FXP_PHASE_ELSE_SITE_V,site_star_id_19,STRING
rpt-network-plng,sitetracker_data,ST_FXP_PHASE_ELSE_SITE_V,site_star_id_20,STRING
rpt-network-plng,sitetracker_data,ST_FXP_PHASE_ELSE_SITE_V,phase_star_id_1,STRING
rpt-network-plng,sitetracker_data,ST_FXP_PHASE_ELSE_SITE_V,phase_star_id_2,STRING
rpt-network-plng,sitetracker_data,ST_FXP_PHASE_ELSE_SITE_V,phase_star_id_3,STRING
rpt-network-plng,sitetracker_data,ST_FXP_PHASE_ELSE_SITE_V,phase_star_id_4,STRING
rpt-network-plng,sitetracker_data,ST_FXP_PHASE_ELSE_SITE_V,phase_star_id_5,STRING
rpt-network-plng,sitetracker_data,ST_FXP_PHASE_ELSE_SITE_V,phase_star_id_6,STRING
rpt-network-plng,sitetracker_data,ST_FXP_PHASE_ELSE_SITE_V,phase_star_id_7,STRING
rpt-network-plng,sitetracker_data,ST_FXP_PHASE_ELSE_SITE_V,phase_star_id_8,STRING
rpt-network-plng,sitetracker_data,ST_FXP_PHASE_ELSE_SITE_V,phase_star_id_9,STRING
rpt-network-plng,sitetracker_data,ST_FXP_PHASE_ELSE_SITE_V,phase_star_id_10,STRING
rpt-network-plng,sitetracker_data,ST_FXP_PHASE_ELSE_SITE_V,phase_star_id_11,STRING
rpt-network-plng,sitetracker_data,ST_FXP_PHASE_ELSE_SITE_V,phase_star_id_12,STRING
rpt-network-plng,sitetracker_data,ST_FXP_PHASE_ELSE_SITE_V,phase_star_id_13,STRING
rpt-network-plng,sitetracker_data,ST_FXP_PHASE_ELSE_SITE_V,phase_star_id_14,STRING
rpt-network-plng,sitetracker_data,ST_FXP_PHASE_ELSE_SITE_V,phase_star_id_15,STRING
rpt-network-plng,sitetracker_data,ST_FXP_PHASE_ELSE_SITE_V,phase_star_id_16,STRING
rpt-network-plng,sitetracker_data,ST_FXP_PHASE_ELSE_SITE_V,phase_star_id_17,STRING
rpt-network-plng,sitetracker_data,ST_FXP_PHASE_ELSE_SITE_V,phase_star_id_18,STRING
rpt-network-plng,sitetracker_data,ST_FXP_PHASE_ELSE_SITE_V,phase_star_id_19,STRING
rpt-network-plng,sitetracker_data,ST_FXP_PHASE_ELSE_SITE_V,phase_star_id_20,STRING
rpt-network-plng,sitetracker_data,ST_FXP_PHASE_ELSE_SITE_V,submit_capital_design_for_assessment_a,TIMESTAMP
rpt-network-plng,sitetracker_data,ST_FXP_PHASE_ELSE_SITE_V,submit_capital_design_for_assessment_f,TIMESTAMP
rpt-network-plng,sitetracker_data,ST_FXP_PHASE_ELSE_SITE_V,submits_proposal_to_developer_a,TIMESTAMP
rpt-network-plng,sitetracker_data,ST_FXP_PHASE_ELSE_SITE_V,submits_proposal_to_developer_f,TIMESTAMP
rpt-network-plng,sitetracker_data,ST_FXP_PHASE_ELSE_SITE_V,submitted_to_prod_a,TIMESTAMP
rpt-network-plng,sitetracker_data,ST_FXP_PHASE_ELSE_SITE_V,submitted_to_prod_f,TIMESTAMP
rpt-network-plng,sitetracker_data,ST_FXP_PHASE_ELSE_SITE_V,submitted_to_staging_a,TIMESTAMP
rpt-network-plng,sitetracker_data,ST_FXP_PHASE_ELSE_SITE_V,submitted_to_staging_f,TIMESTAMP
rpt-network-plng,sitetracker_data,ST_FXP_PHASE_ELSE_SITE_V,success_in_prod_a,TIMESTAMP
rpt-network-plng,sitetracker_data,ST_FXP_PHASE_ELSE_SITE_V,success_in_prod_f,TIMESTAMP
rpt-network-plng,sitetracker_data,ST_FXP_PHASE_ELSE_SITE_V,service_delivery,STRING
rpt-network-plng,sitetracker_data,ST_FXP_PHASE_ELSE_SITE_V,tdm_required,STRING
rpt-network-plng,sitetracker_data,ST_FXP_PHASE_ELSE_SITE_V,tech_resources_in_salesforce,STRING
rpt-network-plng,sitetracker_data,ST_FXP_PHASE_ELSE_SITE_V,technically_complete_a,TIMESTAMP
rpt-network-plng,sitetracker_data,ST_FXP_PHASE_ELSE_SITE_V,technically_complete_f,TIMESTAMP
rpt-network-plng,sitetracker_data,ST_FXP_PHASE_ELSE_SITE_V,site_third_party_make_ready_estimate_complete,TIMESTAMP
rpt-network-plng,sitetracker_data,ST_FXP_PHASE_ELSE_SITE_V,phase_third_party_make_ready_estimate_complete,TIMESTAMP
rpt-network-plng,sitetracker_data,ST_FXP_PHASE_ELSE_SITE_V,tid,STRING
rpt-network-plng,sitetracker_data,ST_FXP_PHASE_ELSE_SITE_V,tie_pair_name,STRING
rpt-network-plng,sitetracker_data,ST_FXP_PHASE_ELSE_SITE_V,tirks_circuits_requested_a,TIMESTAMP
rpt-network-plng,sitetracker_data,ST_FXP_PHASE_ELSE_SITE_V,tirks_circuits_requested_f,TIMESTAMP
rpt-network-plng,sitetracker_data,ST_FXP_PHASE_ELSE_SITE_V,tirks_fiber_inventory_f1_submitted_a,TIMESTAMP
rpt-network-plng,sitetracker_data,ST_FXP_PHASE_ELSE_SITE_V,tirks_fiber_inventory_f1_submitted_f,TIMESTAMP
rpt-network-plng,sitetracker_data,ST_FXP_PHASE_ELSE_SITE_V,total_fiber_aerial_footage,NUMERIC
rpt-network-plng,sitetracker_data,ST_FXP_PHASE_ELSE_SITE_V,total_fiber_buried_ug_footage,NUMERIC
rpt-network-plng,sitetracker_data,ST_FXP_PHASE_ELSE_SITE_V,total_fiber_footage,NUMERIC
rpt-network-plng,sitetracker_data,ST_FXP_PHASE_ELSE_SITE_V,total_fiber_plcg_footage_complete,NUMERIC
rpt-network-plng,sitetracker_data,ST_FXP_PHASE_ELSE_SITE_V,total_fiber_plcg_percentage,NUMERIC
rpt-network-plng,sitetracker_data,ST_FXP_PHASE_ELSE_SITE_V,total_fiber_spl_footage_complete,NUMERIC
rpt-network-plng,sitetracker_data,ST_FXP_PHASE_ELSE_SITE_V,total_fiber_spl_percentage,NUMERIC
rpt-network-plng,sitetracker_data,ST_FXP_PHASE_ELSE_SITE_V,total_make_ready_cost,NUMERIC
rpt-network-plng,sitetracker_data,ST_FXP_PHASE_ELSE_SITE_V,total_number_of_poles,NUMERIC
rpt-network-plng,sitetracker_data,ST_FXP_PHASE_ELSE_SITE_V,total_permit_fees,NUMERIC
rpt-network-plng,sitetracker_data,ST_FXP_PHASE_ELSE_SITE_V,total_permits_submitted,NUMERIC
rpt-network-plng,sitetracker_data,ST_FXP_PHASE_ELSE_SITE_V,total_poles_denied,NUMERIC
rpt-network-plng,sitetracker_data,ST_FXP_PHASE_ELSE_SITE_V,trench_type,STRING
rpt-network-plng,sitetracker_data,ST_FXP_PHASE_ELSE_SITE_V,turned_up_market_launch_a,TIMESTAMP
rpt-network-plng,sitetracker_data,ST_FXP_PHASE_ELSE_SITE_V,turned_up_market_launch_f,TIMESTAMP
rpt-network-plng,sitetracker_data,ST_FXP_PHASE_ELSE_SITE_V,upload_asbuilts_a,TIMESTAMP
rpt-network-plng,sitetracker_data,ST_FXP_PHASE_ELSE_SITE_V,upload_asbuilts_f,TIMESTAMP
rpt-network-plng,sitetracker_data,ST_FXP_PHASE_ELSE_SITE_V,validate_qual_type_in_the_qf_portal_a,TIMESTAMP
rpt-network-plng,sitetracker_data,ST_FXP_PHASE_ELSE_SITE_V,validate_qual_type_in_the_qf_portal_f,TIMESTAMP
rpt-network-plng,sitetracker_data,ST_FXP_PHASE_ELSE_SITE_V,vendor_assignment_a,TIMESTAMP
rpt-network-plng,sitetracker_data,ST_FXP_PHASE_ELSE_SITE_V,vendor_assignment_f,TIMESTAMP
rpt-network-plng,sitetracker_data,ST_FXP_PHASE_ELSE_SITE_V,vendor_commitment_confirmed_a,TIMESTAMP
rpt-network-plng,sitetracker_data,ST_FXP_PHASE_ELSE_SITE_V,vendor_commitment_confirmed_f,TIMESTAMP
rpt-network-plng,sitetracker_data,ST_FXP_PHASE_ELSE_SITE_V,site_vendor_contract_assignment,STRING
rpt-network-plng,sitetracker_data,ST_FXP_PHASE_ELSE_SITE_V,phase_vendor_contract_assignment,STRING
rpt-network-plng,sitetracker_data,ST_FXP_PHASE_ELSE_SITE_V,vendor_materials_ordered_a,TIMESTAMP
rpt-network-plng,sitetracker_data,ST_FXP_PHASE_ELSE_SITE_V,vendor_materials_ordered_f,TIMESTAMP
rpt-network-plng,sitetracker_data,ST_FXP_PHASE_ELSE_SITE_V,vendor_materials_received_a,TIMESTAMP
rpt-network-plng,sitetracker_data,ST_FXP_PHASE_ELSE_SITE_V,vendor_materials_received_f,TIMESTAMP
rpt-network-plng,sitetracker_data,ST_FXP_PHASE_ELSE_SITE_V,verb_code_and_description,STRING
rpt-network-plng,sitetracker_data,ST_FXP_PHASE_ELSE_SITE_V,verify_actuals_a,TIMESTAMP
rpt-network-plng,sitetracker_data,ST_FXP_PHASE_ELSE_SITE_V,verify_actuals_f,TIMESTAMP
rpt-network-plng,sitetracker_data,ST_FXP_PHASE_ELSE_SITE_V,what_job_placed_olt,STRING
rpt-network-plng,sitetracker_data,ST_FXP_PHASE_ELSE_SITE_V,site_why,STRING
rpt-network-plng,sitetracker_data,ST_FXP_PHASE_ELSE_SITE_V,phase_why,STRING
rpt-network-plng,sitetracker_data,ST_FXP_PHASE_ELSE_SITE_V,site_why_now,STRING
rpt-network-plng,sitetracker_data,ST_FXP_PHASE_ELSE_SITE_V,phase_why_now,STRING
rpt-network-plng,sitetracker_data,ST_FXP_PHASE_ELSE_SITE_V,won_1st_home,STRING
rpt-network-plng,sitetracker_data,ST_FXP_PHASE_ELSE_SITE_V,site_work_type,STRING
rpt-network-plng,sitetracker_data,ST_FXP_PHASE_ELSE_SITE_V,phase_work_type,STRING
rpt-network-plng,sitetracker_data,ST_FXP_PHASE_ELSE_SITE_V,wrecking_restoral_a,TIMESTAMP
rpt-network-plng,sitetracker_data,ST_FXP_PHASE_ELSE_SITE_V,wrecking_restoral_f,TIMESTAMP
rpt-network-plng,sitetracker_data,ST_FXP_PHASE_ELSE_SITE_V,x3rd_party_aerial_make_ready_completed_a,TIMESTAMP
rpt-network-plng,sitetracker_data,ST_FXP_PHASE_ELSE_SITE_V,x3rd_party_aerial_make_ready_completed_f,TIMESTAMP
rpt-network-plng,sitetracker_data,ST_FXP_PHASE_ELSE_SITE_V,st_project_url,STRING
rpt-network-plng,sitetracker_data,ST_FXP_PHASE_ELSE_SITE_V,fw_project_url,STRING
rpt-network-plng,sitetracker_data,ST_FXP_PHASE_ELSE_SITE_V,site_st_project_id,STRING
rpt-network-plng,sitetracker_data,ST_FXP_PHASE_ELSE_SITE_V,site_project_type,STRING
rpt-network-plng,sitetracker_data,ST_FXP_PHASE_ELSE_SITE_V,site_st_project_url,STRING
rpt-network-plng,sitetracker_data,ST_FXP_PHASE_ELSE_SITE_V,site_fw_proj_url,STRING
rpt-network-plng,sitetracker_data,ST_FXP_PHASE_ELSE_SITE_V,site_actual_launch,TIMESTAMP
rpt-network-plng,sitetracker_data,ST_FXP_PHASE_ELSE_SITE_V,phase_actual_launch,TIMESTAMP
rpt-network-plng,sitetracker_data,ST_FXP_PHASE_ELSE_SITE_V,Site_Site_Launch,STRING
rpt-network-plng,sitetracker_data,ST_FXP_PHASE_ELSE_SITE_V,Phase_Site_Launch,STRING
rpt-network-plng,sitetracker_data,ST_FXP_PHASE_ELSE_SITE_V,phase_projects,STRING
rpt-network-plng,sitetracker_data,ST_FXP_PHASE_ELSE_SITE_V,related_projects,STRING
rpt-network-plng,sitetracker_data,ST_FXP_PHASE_ELSE_SITE_V,st_site_phase,STRING
rpt-network-plng,sitetracker_data,ST_FXP_PHASE_ELSE_SITE_V,meta_load_dttm,DATE
rpt-network-plng,sitetracker_data,LDR_ST_ACTIVITY_ALL_V,ID_ACTIVITY_TABLE,STRING
rpt-network-plng,sitetracker_data,LDR_ST_ACTIVITY_ALL_V,ISDELETED,NUMERIC
rpt-network-plng,sitetracker_data,LDR_ST_ACTIVITY_ALL_V,NAME_ACTIVITY,STRING
rpt-network-plng,sitetracker_data,LDR_ST_ACTIVITY_ALL_V,CREATEDDATE,TIMESTAMP
rpt-network-plng,sitetracker_data,LDR_ST_ACTIVITY_ALL_V,CREATEDBYID,STRING
rpt-network-plng,sitetracker_data,LDR_ST_ACTIVITY_ALL_V,CREATED_BY,STRING
rpt-network-plng,sitetracker_data,LDR_ST_ACTIVITY_ALL_V,LASTMODIFIEDDATE,TIMESTAMP
rpt-network-plng,sitetracker_data,LDR_ST_ACTIVITY_ALL_V,LASTMODIFIEDBYID,STRING
rpt-network-plng,sitetracker_data,LDR_ST_ACTIVITY_ALL_V,LASTMODIFIEDBY,STRING
rpt-network-plng,sitetracker_data,LDR_ST_ACTIVITY_ALL_V,SYSTEMMODSTAMP,TIMESTAMP
rpt-network-plng,sitetracker_data,LDR_ST_ACTIVITY_ALL_V,LASTACTIVITYDATE,TIMESTAMP
rpt-network-plng,sitetracker_data,LDR_ST_ACTIVITY_ALL_V,LASTVIEWEDDATE,TIMESTAMP
rpt-network-plng,sitetracker_data,LDR_ST_ACTIVITY_ALL_V,LASTREFERENCEDDATE,TIMESTAMP
rpt-network-plng,sitetracker_data,LDR_ST_ACTIVITY_ALL_V,CONNECTIONRECEIVEDID,STRING
rpt-network-plng,sitetracker_data,LDR_ST_ACTIVITY_ALL_V,CONNECTIONSENTID,STRING
rpt-network-plng,sitetracker_data,LDR_ST_ACTIVITY_ALL_V,SITETRACKER__PROJECT,STRING
rpt-network-plng,sitetracker_data,LDR_ST_ACTIVITY_ALL_V,ST_PROJECT_ID,STRING
rpt-network-plng,sitetracker_data,LDR_ST_ACTIVITY_ALL_V,PROJECT_TYPE,STRING
rpt-network-plng,sitetracker_data,LDR_ST_ACTIVITY_ALL_V,GPON_FXP_SITE_PROJECT_TYPE,STRING
rpt-network-plng,sitetracker_data,LDR_ST_ACTIVITY_ALL_V,SITETRACKER__ACTION_VERB,STRING
rpt-network-plng,sitetracker_data,LDR_ST_ACTIVITY_ALL_V,SITETRACKER__ACTIVE,NUMERIC
rpt-network-plng,sitetracker_data,LDR_ST_ACTIVITY_ALL_V,SITETRACKER__ACTIVITYOWNER,STRING
rpt-network-plng,sitetracker_data,LDR_ST_ACTIVITY_ALL_V,ACTIVITY_OWNER,STRING
rpt-network-plng,sitetracker_data,LDR_ST_ACTIVITY_ALL_V,SITETRACKER__ACTIVITY_ACTIVE_D,TIMESTAMP
rpt-network-plng,sitetracker_data,LDR_ST_ACTIVITY_ALL_V,SITETRACKER__ACTIVITY_ACTIVITY,NUMERIC
rpt-network-plng,sitetracker_data,LDR_ST_ACTIVITY_ALL_V,SITETRACKER__ACTIVITY_CATEGORY,STRING
rpt-network-plng,sitetracker_data,LDR_ST_ACTIVITY_ALL_V,SITETRACKER__ACTIVITY_OWNER_OV,NUMERIC
rpt-network-plng,sitetracker_data,LDR_ST_ACTIVITY_ALL_V,SITETRACKER__ACTIVITY_OWNER_RE,STRING
rpt-network-plng,sitetracker_data,LDR_ST_ACTIVITY_ALL_V,SITETRACKER__ACTIVITY_OWNER,STRING
rpt-network-plng,sitetracker_data,LDR_ST_ACTIVITY_ALL_V,SITETRACKER__ACTIVITY_SEARCH__,STRING
rpt-network-plng,sitetracker_data,LDR_ST_ACTIVITY_ALL_V,SITETRACKER__ACTIVITY_SECTION_,STRING
rpt-network-plng,sitetracker_data,LDR_ST_ACTIVITY_ALL_V,SITETRACKER__ACTIVITY_STATUS__,STRING
rpt-network-plng,sitetracker_data,LDR_ST_ACTIVITY_ALL_V,SITETRACKER__ACTIVITY_TEMPLATE,STRING
rpt-network-plng,sitetracker_data,LDR_ST_ACTIVITY_ALL_V,SITETRACKER__ACTIVITY_TYPE,STRING
rpt-network-plng,sitetracker_data,LDR_ST_ACTIVITY_ALL_V,SITETRACKER__ACTUALDATE,TIMESTAMP
rpt-network-plng,sitetracker_data,LDR_ST_ACTIVITY_ALL_V,SITETRACKER__ACTUAL_MILESTONE_,STRING
rpt-network-plng,sitetracker_data,LDR_ST_ACTIVITY_ALL_V,SITETRACKER__APPROVED,NUMERIC
rpt-network-plng,sitetracker_data,LDR_ST_ACTIVITY_ALL_V,SITETRACKER__APPROVER,STRING
rpt-network-plng,sitetracker_data,LDR_ST_ACTIVITY_ALL_V,SITETRACKER__ATTACHMENT_COUNT_,NUMERIC
rpt-network-plng,sitetracker_data,LDR_ST_ACTIVITY_ALL_V,SITETRACKER__BASELINE_DATE,TIMESTAMP
rpt-network-plng,sitetracker_data,LDR_ST_ACTIVITY_ALL_V,SITETRACKER__BASELINE_TO_ACTUA,NUMERIC
rpt-network-plng,sitetracker_data,LDR_ST_ACTIVITY_ALL_V,SITETRACKERHECKLIST,STRING
rpt-network-plng,sitetracker_data,LDR_ST_ACTIVITY_ALL_V,SITETRACKEROMMENTS_HISTORY_,STRING
rpt-network-plng,sitetracker_data,LDR_ST_ACTIVITY_ALL_V,SITETRACKEROMMENTS,STRING
rpt-network-plng,sitetracker_data,LDR_ST_ACTIVITY_ALL_V,SITETRACKEROMPLETE,NUMERIC
rpt-network-plng,sitetracker_data,LDR_ST_ACTIVITY_ALL_V,SITETRACKEROMPLETED_PREDECE,STRING
rpt-network-plng,sitetracker_data,LDR_ST_ACTIVITY_ALL_V,SITETRACKERRITICAL,STRING
rpt-network-plng,sitetracker_data,LDR_ST_ACTIVITY_ALL_V,SITETRACKER__DURATION_OVERRIDE,NUMERIC
rpt-network-plng,sitetracker_data,LDR_ST_ACTIVITY_ALL_V,SITETRACKER__DURATION,NUMERIC
rpt-network-plng,sitetracker_data,LDR_ST_ACTIVITY_ALL_V,SITETRACKER__FINANCIAL,STRING
rpt-network-plng,sitetracker_data,LDR_ST_ACTIVITY_ALL_V,SITETRACKER__FORECAST_ACTUAL_F,STRING
rpt-network-plng,sitetracker_data,LDR_ST_ACTIVITY_ALL_V,SITETRACKER__FORECAST_ACTUAL__,TIMESTAMP
rpt-network-plng,sitetracker_data,LDR_ST_ACTIVITY_ALL_V,SITETRACKER__FORECAST_DATE_BLA,NUMERIC
rpt-network-plng,sitetracker_data,LDR_ST_ACTIVITY_ALL_V,SITETRACKER__FORECAST_DATE_CHA,NUMERIC
rpt-network-plng,sitetracker_data,LDR_ST_ACTIVITY_ALL_V,SITETRACKER__FORECAST_DATE_FIL,NUMERIC
rpt-network-plng,sitetracker_data,LDR_ST_ACTIVITY_ALL_V,SITETRACKER__FORECAST_DATE_PUL,NUMERIC
rpt-network-plng,sitetracker_data,LDR_ST_ACTIVITY_ALL_V,SITETRACKER__FORECAST_DATE_PUS,NUMERIC
rpt-network-plng,sitetracker_data,LDR_ST_ACTIVITY_ALL_V,SITETRACKER__FORECAST_DATE,TIMESTAMP
rpt-network-plng,sitetracker_data,LDR_ST_ACTIVITY_ALL_V,SITETRACKER__FORECAST_MILESTON,STRING
rpt-network-plng,sitetracker_data,LDR_ST_ACTIVITY_ALL_V,SITETRACKER__FORECAST_TO_ACTUA,NUMERIC
rpt-network-plng,sitetracker_data,LDR_ST_ACTIVITY_ALL_V,SITETRACKER__FORM_COMPLETE,NUMERIC
rpt-network-plng,sitetracker_data,LDR_ST_ACTIVITY_ALL_V,SITETRACKER__FORMATTED_ACTUAL_,STRING
rpt-network-plng,sitetracker_data,LDR_ST_ACTIVITY_ALL_V,SITETRACKER__FORMATTED_FORECAS,STRING
rpt-network-plng,sitetracker_data,LDR_ST_ACTIVITY_ALL_V,SITETRACKER__JOB,STRING
rpt-network-plng,sitetracker_data,LDR_ST_ACTIVITY_ALL_V,SITETRACKER__LATE_ENTRY_DAYS__,NUMERIC
rpt-network-plng,sitetracker_data,LDR_ST_ACTIVITY_ALL_V,SITETRACKER__LOCK,NUMERIC
rpt-network-plng,sitetracker_data,LDR_ST_ACTIVITY_ALL_V,SITETRACKER__MILESTONE_ACTUAL_,STRING
rpt-network-plng,sitetracker_data,LDR_ST_ACTIVITY_ALL_V,SITETRACKER__MILESTONE_FORECAS,STRING
rpt-network-plng,sitetracker_data,LDR_ST_ACTIVITY_ALL_V,SITETRACKER__MILESTONE_OBJECT_,STRING
rpt-network-plng,sitetracker_data,LDR_ST_ACTIVITY_ALL_V,SITETRACKER__MILESTONE,STRING
rpt-network-plng,sitetracker_data,LDR_ST_ACTIVITY_ALL_V,SITETRACKER__MY_ACTIVITY,NUMERIC
rpt-network-plng,sitetracker_data,LDR_ST_ACTIVITY_ALL_V,SITETRACKER__NA_DATE,TIMESTAMP
rpt-network-plng,sitetracker_data,LDR_ST_ACTIVITY_ALL_V,SITETRACKER__NA_REASON,STRING
rpt-network-plng,sitetracker_data,LDR_ST_ACTIVITY_ALL_V,SITETRACKER__NA,NUMERIC
rpt-network-plng,sitetracker_data,LDR_ST_ACTIVITY_ALL_V,SITETRACKER__NO_ACTIVITY_TEMPL,NUMERIC
rpt-network-plng,sitetracker_data,LDR_ST_ACTIVITY_ALL_V,SITETRACKER__NUMBER_OF_COMPLET,NUMERIC
rpt-network-plng,sitetracker_data,LDR_ST_ACTIVITY_ALL_V,SITETRACKER__NUMBER_OF_PREDECE,NUMERIC
rpt-network-plng,sitetracker_data,LDR_ST_ACTIVITY_ALL_V,SITETRACKER__OPTIONAL,NUMERIC
rpt-network-plng,sitetracker_data,LDR_ST_ACTIVITY_ALL_V,SITETRACKER__ORDER,NUMERIC
rpt-network-plng,sitetracker_data,LDR_ST_ACTIVITY_ALL_V,SITETRACKER__OVERDUE,NUMERIC
rpt-network-plng,sitetracker_data,LDR_ST_ACTIVITY_ALL_V,SITETRACKER__PREDECESSORS_COMP,TIMESTAMP
rpt-network-plng,sitetracker_data,LDR_ST_ACTIVITY_ALL_V,SITETRACKER__PREDECESSORS,STRING
rpt-network-plng,sitetracker_data,LDR_ST_ACTIVITY_ALL_V,SITETRACKER__PROJECT_TEMPLATE_,STRING
rpt-network-plng,sitetracker_data,LDR_ST_ACTIVITY_ALL_V,SITETRACKER__REJECTER,STRING
rpt-network-plng,sitetracker_data,LDR_ST_ACTIVITY_ALL_V,SITETRACKER__REWORK_COMMENTS__,STRING
rpt-network-plng,sitetracker_data,LDR_ST_ACTIVITY_ALL_V,SITETRACKER__REWORK_REASON_COD,STRING
rpt-network-plng,sitetracker_data,LDR_ST_ACTIVITY_ALL_V,SITETRACKER__REWORK,NUMERIC
rpt-network-plng,sitetracker_data,LDR_ST_ACTIVITY_ALL_V,SITETRACKER__SEND_EMAIL_ON_ACT,NUMERIC
rpt-network-plng,sitetracker_data,LDR_ST_ACTIVITY_ALL_V,SITETRACKER__WBS_CODE,STRING
rpt-network-plng,sitetracker_data,LDR_ST_ACTIVITY_ALL_V,ACTIVITY,STRING
rpt-network-plng,sitetracker_data,LDR_ST_ACTIVITY_ALL_V,COMPANY_CODE,STRING
rpt-network-plng,sitetracker_data,LDR_ST_ACTIVITY_ALL_V,CRITICAL_ACTIVITY,NUMERIC
rpt-network-plng,sitetracker_data,LDR_ST_ACTIVITY_ALL_V,MY_DIRECT_REPORT_S_ACTIVITY,NUMERIC
rpt-network-plng,sitetracker_data,LDR_ST_ACTIVITY_ALL_V,PROJECT_DESCRIPTION,STRING
rpt-network-plng,sitetracker_data,LDR_ST_ACTIVITY_ALL_V,PROJECT_ID,STRING
rpt-network-plng,sitetracker_data,LDR_ST_ACTIVITY_ALL_V,PROJECT_RECORD_ID,STRING
rpt-network-plng,sitetracker_data,LDR_ST_ACTIVITY_ALL_V,ACTIVE_HOLD,NUMERIC
rpt-network-plng,sitetracker_data,LDR_ST_ACTIVITY_ALL_V,OWNER_OVERRIDE_FORMULA,NUMERIC
rpt-network-plng,sitetracker_data,LDR_ST_ACTIVITY_ALL_V,MY_TEAM_S_ACTIVITY,NUMERIC
rpt-network-plng,sitetracker_data,LDR_ST_ACTIVITY_ALL_V,META_LOAD_DTTM,STRING
rpt-network-plng,sitetracker_data,TMP_ST_SOW_FIBER_DESIGN_SVCS_T,ST_PROJECT_ID,STRING
rpt-network-plng,sitetracker_data,TMP_ST_SOW_FIBER_DESIGN_SVCS_T,ST_INTERNAL_PROJECT_ID,STRING
rpt-network-plng,sitetracker_data,TMP_ST_SOW_FIBER_DESIGN_SVCS_T,PROJECT_TYPE,STRING
rpt-network-plng,sitetracker_data,TMP_ST_SOW_FIBER_DESIGN_SVCS_T,AMO_GROOMS_ORDER_ID,STRING
rpt-network-plng,sitetracker_data,TMP_ST_SOW_FIBER_DESIGN_SVCS_T,AFFILIATE_ORDER_ID,STRING
rpt-network-plng,sitetracker_data,TMP_ST_SOW_FIBER_DESIGN_SVCS_T,ARMOR_ORDER_NUMBER,STRING
rpt-network-plng,sitetracker_data,TMP_ST_SOW_FIBER_DESIGN_SVCS_T,ARMOR_STATUS,STRING
rpt-network-plng,sitetracker_data,TMP_ST_SOW_FIBER_DESIGN_SVCS_T,ARMOR_TICKET_NUMBER,STRING
rpt-network-plng,sitetracker_data,TMP_ST_SOW_FIBER_DESIGN_SVCS_T,BUILDING_PROPERTY_MANAGEMENT_CONTACT,STRING
rpt-network-plng,sitetracker_data,TMP_ST_SOW_FIBER_DESIGN_SVCS_T,CKID,STRING
rpt-network-plng,sitetracker_data,TMP_ST_SOW_FIBER_DESIGN_SVCS_T,CLLI_PRIMARY_WIRE_CENTER_ID,STRING
rpt-network-plng,sitetracker_data,TMP_ST_SOW_FIBER_DESIGN_SVCS_T,CLLI_SITE_LOCATION,STRING
rpt-network-plng,sitetracker_data,TMP_ST_SOW_FIBER_DESIGN_SVCS_T,CANCELATION_OF_SERVICE_REQUEST,STRING
rpt-network-plng,sitetracker_data,TMP_ST_SOW_FIBER_DESIGN_SVCS_T,CAT_ESTIMATE_ORDER_ID,STRING
rpt-network-plng,sitetracker_data,TMP_ST_SOW_FIBER_DESIGN_SVCS_T,CUSTOMER_CARRIER_NAME,STRING
rpt-network-plng,sitetracker_data,TMP_ST_SOW_FIBER_DESIGN_SVCS_T,CUSTOMER_CONTACT_INFO,STRING
rpt-network-plng,sitetracker_data,TMP_ST_SOW_FIBER_DESIGN_SVCS_T,CUSTOMER_REQUIREMENTS,STRING
rpt-network-plng,sitetracker_data,TMP_ST_SOW_FIBER_DESIGN_SVCS_T,END_DATE,TIMESTAMP
rpt-network-plng,sitetracker_data,TMP_ST_SOW_FIBER_DESIGN_SVCS_T,EVENT_TICKET_NUMBER,STRING
rpt-network-plng,sitetracker_data,TMP_ST_SOW_FIBER_DESIGN_SVCS_T,EVOLUTION_ORDER_ID,STRING
rpt-network-plng,sitetracker_data,TMP_ST_SOW_FIBER_DESIGN_SVCS_T,EVOLUTION_TASK_ID,STRING
rpt-network-plng,sitetracker_data,TMP_ST_SOW_FIBER_DESIGN_SVCS_T,FUNDING_MRR_MRC,NUMERIC
rpt-network-plng,sitetracker_data,TMP_ST_SOW_FIBER_DESIGN_SVCS_T,FUNDING_NRR_NRC,NUMERIC
rpt-network-plng,sitetracker_data,TMP_ST_SOW_FIBER_DESIGN_SVCS_T,FUNDING_TERM,NUMERIC
rpt-network-plng,sitetracker_data,TMP_ST_SOW_FIBER_DESIGN_SVCS_T,GCR_NUMBER,STRING
rpt-network-plng,sitetracker_data,TMP_ST_SOW_FIBER_DESIGN_SVCS_T,GLM_SITE_SURVEY,STRING
rpt-network-plng,sitetracker_data,TMP_ST_SOW_FIBER_DESIGN_SVCS_T,MATERIAL_REPLENISHMENT_ORDER_ID,STRING
rpt-network-plng,sitetracker_data,TMP_ST_SOW_FIBER_DESIGN_SVCS_T,NCI_CODE,STRING
rpt-network-plng,sitetracker_data,TMP_ST_SOW_FIBER_DESIGN_SVCS_T,NC_CODE,STRING
rpt-network-plng,sitetracker_data,TMP_ST_SOW_FIBER_DESIGN_SVCS_T,NPR_CREATE_DATE,STRING
rpt-network-plng,sitetracker_data,TMP_ST_SOW_FIBER_DESIGN_SVCS_T,NPR_NUMBER,STRING
rpt-network-plng,sitetracker_data,TMP_ST_SOW_FIBER_DESIGN_SVCS_T,NETWORK_TYPE,STRING
rpt-network-plng,sitetracker_data,TMP_ST_SOW_FIBER_DESIGN_SVCS_T,OTHER_CONTRIBUTORS,STRING
rpt-network-plng,sitetracker_data,TMP_ST_SOW_FIBER_DESIGN_SVCS_T,OTHER_ORDER_ID,STRING
rpt-network-plng,sitetracker_data,TMP_ST_SOW_FIBER_DESIGN_SVCS_T,OTHER_ORDER_SYSTEM,STRING
rpt-network-plng,sitetracker_data,TMP_ST_SOW_FIBER_DESIGN_SVCS_T,OTHER_TASK_ID,STRING
rpt-network-plng,sitetracker_data,TMP_ST_SOW_FIBER_DESIGN_SVCS_T,PON_OTHER_COMPANY_ORDER_NUMBER,STRING
rpt-network-plng,sitetracker_data,TMP_ST_SOW_FIBER_DESIGN_SVCS_T,PR_REFERENCE_NUMBER,STRING
rpt-network-plng,sitetracker_data,TMP_ST_SOW_FIBER_DESIGN_SVCS_T,SEC_NCI_CODE,STRING
rpt-network-plng,sitetracker_data,TMP_ST_SOW_FIBER_DESIGN_SVCS_T,SERVICE_REQUEST_CANCELLATION_REASON,STRING
rpt-network-plng,sitetracker_data,TMP_ST_SOW_FIBER_DESIGN_SVCS_T,SERVICE_TYPE_SOLUTION,STRING
rpt-network-plng,sitetracker_data,TMP_ST_SOW_FIBER_DESIGN_SVCS_T,SITE_ADDRESS,STRING
rpt-network-plng,sitetracker_data,TMP_ST_SOW_FIBER_DESIGN_SVCS_T,SITE_READINESS_CUSTOMER_ECD,TIMESTAMP
rpt-network-plng,sitetracker_data,TMP_ST_SOW_FIBER_DESIGN_SVCS_T,SPAN_CITY_TO_CITY_OR_METRO_LOOP_NAME,STRING
rpt-network-plng,sitetracker_data,TMP_ST_SOW_FIBER_DESIGN_SVCS_T,SPEED_OF_ETHERNET,STRING
rpt-network-plng,sitetracker_data,TMP_ST_SOW_FIBER_DESIGN_SVCS_T,STATUS_VALUE,STRING
rpt-network-plng,sitetracker_data,TMP_ST_SOW_FIBER_DESIGN_SVCS_T,TECHNICAL_CONTACT_NAME_AND_NUMBER,STRING
rpt-network-plng,sitetracker_data,TMP_ST_SOW_FIBER_DESIGN_SVCS_T,WFMT_ORDER_ID,STRING
rpt-network-plng,sitetracker_data,TMP_ST_SOW_FIBER_DESIGN_SVCS_T,WHO_WILL_PROVIDE_BUILDING_EXTENSION,STRING
rpt-network-plng,sitetracker_data,TMP_ST_SOW_FIBER_DESIGN_SVCS_T,WHO_WILL_PROVIDE_ENTRANCE_FACILITY,STRING
rpt-network-plng,sitetracker_data,TMP_ST_SOW_FIBER_DESIGN_SVCS_T,WHO_WILL_PROVIDE_SPACE_POWER,STRING
rpt-network-plng,sitetracker_data,TMP_ST_SOW_FIBER_DESIGN_SVCS_T,WILL_THERE_BE_RIGHT_OF_WAY_FEES,STRING
rpt-network-plng,sitetracker_data,TMP_ST_SOW_FIBER_DESIGN_SVCS_T,WIRE_CENTER_NPA_NXX,STRING
rpt-network-plng,sitetracker_data,TMP_ST_SOW_FIBER_DESIGN_SVCS_T,ZIP,STRING
rpt-network-plng,sitetracker_data,TMP_ST_SOW_FIBER_DESIGN_SVCS_T,META_LOAD_DATE,DATE
rpt-network-plng,sitetracker_data,ST_ACTIVITY_ALL_T_DAILY_SNAP_T,ID_ACTIVITY_TABLE,STRING
rpt-network-plng,sitetracker_data,ST_ACTIVITY_ALL_T_DAILY_SNAP_T,ISDELETED,NUMERIC
rpt-network-plng,sitetracker_data,ST_ACTIVITY_ALL_T_DAILY_SNAP_T,NAME_ACTIVITY,STRING
rpt-network-plng,sitetracker_data,ST_ACTIVITY_ALL_T_DAILY_SNAP_T,CREATEDDATE,TIMESTAMP
rpt-network-plng,sitetracker_data,ST_ACTIVITY_ALL_T_DAILY_SNAP_T,CREATEDBYID,STRING
rpt-network-plng,sitetracker_data,ST_ACTIVITY_ALL_T_DAILY_SNAP_T,CREATED_BY,STRING
rpt-network-plng,sitetracker_data,ST_ACTIVITY_ALL_T_DAILY_SNAP_T,LASTMODIFIEDDATE,TIMESTAMP
rpt-network-plng,sitetracker_data,ST_ACTIVITY_ALL_T_DAILY_SNAP_T,LASTMODIFIEDBYID,STRING
rpt-network-plng,sitetracker_data,ST_ACTIVITY_ALL_T_DAILY_SNAP_T,LASTMODIFIEDBY,STRING
rpt-network-plng,sitetracker_data,ST_ACTIVITY_ALL_T_DAILY_SNAP_T,SYSTEMMODSTAMP,TIMESTAMP
rpt-network-plng,sitetracker_data,ST_ACTIVITY_ALL_T_DAILY_SNAP_T,LASTACTIVITYDATE,TIMESTAMP
rpt-network-plng,sitetracker_data,ST_ACTIVITY_ALL_T_DAILY_SNAP_T,LASTVIEWEDDATE,TIMESTAMP
rpt-network-plng,sitetracker_data,ST_ACTIVITY_ALL_T_DAILY_SNAP_T,LASTREFERENCEDDATE,TIMESTAMP
rpt-network-plng,sitetracker_data,ST_ACTIVITY_ALL_T_DAILY_SNAP_T,CONNECTIONRECEIVEDID,STRING
rpt-network-plng,sitetracker_data,ST_ACTIVITY_ALL_T_DAILY_SNAP_T,CONNECTIONSENTID,STRING
rpt-network-plng,sitetracker_data,ST_ACTIVITY_ALL_T_DAILY_SNAP_T,SITETRACKER__PROJECT,STRING
rpt-network-plng,sitetracker_data,ST_ACTIVITY_ALL_T_DAILY_SNAP_T,ST_PROJECT_ID,STRING
rpt-network-plng,sitetracker_data,ST_ACTIVITY_ALL_T_DAILY_SNAP_T,PROJECT_TYPE,STRING
rpt-network-plng,sitetracker_data,ST_ACTIVITY_ALL_T_DAILY_SNAP_T,GPON_FXP_SITE_PROJECT_TYPE,STRING
rpt-network-plng,sitetracker_data,ST_ACTIVITY_ALL_T_DAILY_SNAP_T,SITETRACKER__ACTION_VERB,STRING
rpt-network-plng,sitetracker_data,ST_ACTIVITY_ALL_T_DAILY_SNAP_T,SITETRACKER__ACTIVE,NUMERIC
rpt-network-plng,sitetracker_data,ST_ACTIVITY_ALL_T_DAILY_SNAP_T,SITETRACKER__ACTIVITYOWNER,STRING
rpt-network-plng,sitetracker_data,ST_ACTIVITY_ALL_T_DAILY_SNAP_T,ACTIVITY_OWNER,STRING
rpt-network-plng,sitetracker_data,ST_ACTIVITY_ALL_T_DAILY_SNAP_T,SITETRACKER__ACTIVITY_ACTIVE_D,TIMESTAMP
rpt-network-plng,sitetracker_data,ST_ACTIVITY_ALL_T_DAILY_SNAP_T,SITETRACKER__ACTIVITY_ACTIVITY,NUMERIC
rpt-network-plng,sitetracker_data,ST_ACTIVITY_ALL_T_DAILY_SNAP_T,SITETRACKER__ACTIVITY_CATEGORY,STRING
rpt-network-plng,sitetracker_data,ST_ACTIVITY_ALL_T_DAILY_SNAP_T,SITETRACKER__ACTIVITY_OWNER_OV,NUMERIC
rpt-network-plng,sitetracker_data,ST_ACTIVITY_ALL_T_DAILY_SNAP_T,SITETRACKER__ACTIVITY_OWNER_RE,STRING
rpt-network-plng,sitetracker_data,ST_ACTIVITY_ALL_T_DAILY_SNAP_T,SITETRACKER__ACTIVITY_OWNER,STRING
rpt-network-plng,sitetracker_data,ST_ACTIVITY_ALL_T_DAILY_SNAP_T,SITETRACKER__ACTIVITY_SEARCH__,STRING
rpt-network-plng,sitetracker_data,ST_ACTIVITY_ALL_T_DAILY_SNAP_T,SITETRACKER__ACTIVITY_SECTION_,STRING
rpt-network-plng,sitetracker_data,ST_ACTIVITY_ALL_T_DAILY_SNAP_T,SITETRACKER__ACTIVITY_STATUS__,STRING
rpt-network-plng,sitetracker_data,ST_ACTIVITY_ALL_T_DAILY_SNAP_T,SITETRACKER__ACTIVITY_TEMPLATE,STRING
rpt-network-plng,sitetracker_data,ST_ACTIVITY_ALL_T_DAILY_SNAP_T,SITETRACKER__ACTIVITY_TYPE,STRING
rpt-network-plng,sitetracker_data,ST_ACTIVITY_ALL_T_DAILY_SNAP_T,SITETRACKER__ACTUALDATE,TIMESTAMP
rpt-network-plng,sitetracker_data,ST_ACTIVITY_ALL_T_DAILY_SNAP_T,SITETRACKER__ACTUAL_MILESTONE_,STRING
rpt-network-plng,sitetracker_data,ST_ACTIVITY_ALL_T_DAILY_SNAP_T,SITETRACKER__APPROVED,NUMERIC
rpt-network-plng,sitetracker_data,ST_ACTIVITY_ALL_T_DAILY_SNAP_T,SITETRACKER__APPROVER,STRING
rpt-network-plng,sitetracker_data,ST_ACTIVITY_ALL_T_DAILY_SNAP_T,SITETRACKER__ATTACHMENT_COUNT_,NUMERIC
rpt-network-plng,sitetracker_data,ST_ACTIVITY_ALL_T_DAILY_SNAP_T,SITETRACKER__BASELINE_DATE,TIMESTAMP
rpt-network-plng,sitetracker_data,ST_ACTIVITY_ALL_T_DAILY_SNAP_T,SITETRACKER__BASELINE_TO_ACTUA,NUMERIC
rpt-network-plng,sitetracker_data,ST_ACTIVITY_ALL_T_DAILY_SNAP_T,SITETRACKERHECKLIST,STRING
rpt-network-plng,sitetracker_data,ST_ACTIVITY_ALL_T_DAILY_SNAP_T,SITETRACKEROMMENTS_HISTORY_,STRING
rpt-network-plng,sitetracker_data,ST_ACTIVITY_ALL_T_DAILY_SNAP_T,SITETRACKEROMMENTS,STRING
rpt-network-plng,sitetracker_data,ST_ACTIVITY_ALL_T_DAILY_SNAP_T,SITETRACKEROMPLETE,NUMERIC
rpt-network-plng,sitetracker_data,ST_ACTIVITY_ALL_T_DAILY_SNAP_T,SITETRACKEROMPLETED_PREDECE,STRING
rpt-network-plng,sitetracker_data,ST_ACTIVITY_ALL_T_DAILY_SNAP_T,SITETRACKERRITICAL,STRING
rpt-network-plng,sitetracker_data,ST_ACTIVITY_ALL_T_DAILY_SNAP_T,SITETRACKER__DURATION_OVERRIDE,NUMERIC
rpt-network-plng,sitetracker_data,ST_ACTIVITY_ALL_T_DAILY_SNAP_T,SITETRACKER__DURATION,NUMERIC
rpt-network-plng,sitetracker_data,ST_ACTIVITY_ALL_T_DAILY_SNAP_T,SITETRACKER__FINANCIAL,STRING
rpt-network-plng,sitetracker_data,ST_ACTIVITY_ALL_T_DAILY_SNAP_T,SITETRACKER__FORECAST_ACTUAL_F,STRING
rpt-network-plng,sitetracker_data,ST_ACTIVITY_ALL_T_DAILY_SNAP_T,SITETRACKER__FORECAST_ACTUAL__,TIMESTAMP
rpt-network-plng,sitetracker_data,ST_ACTIVITY_ALL_T_DAILY_SNAP_T,SITETRACKER__FORECAST_DATE_BLA,NUMERIC
rpt-network-plng,sitetracker_data,ST_ACTIVITY_ALL_T_DAILY_SNAP_T,SITETRACKER__FORECAST_DATE_CHA,NUMERIC
rpt-network-plng,sitetracker_data,ST_ACTIVITY_ALL_T_DAILY_SNAP_T,SITETRACKER__FORECAST_DATE_FIL,NUMERIC
rpt-network-plng,sitetracker_data,ST_ACTIVITY_ALL_T_DAILY_SNAP_T,SITETRACKER__FORECAST_DATE_PUL,NUMERIC
rpt-network-plng,sitetracker_data,ST_ACTIVITY_ALL_T_DAILY_SNAP_T,SITETRACKER__FORECAST_DATE_PUS,NUMERIC
rpt-network-plng,sitetracker_data,ST_ACTIVITY_ALL_T_DAILY_SNAP_T,SITETRACKER__FORECAST_DATE,TIMESTAMP
rpt-network-plng,sitetracker_data,ST_ACTIVITY_ALL_T_DAILY_SNAP_T,SITETRACKER__FORECAST_MILESTON,STRING
rpt-network-plng,sitetracker_data,ST_ACTIVITY_ALL_T_DAILY_SNAP_T,SITETRACKER__FORECAST_TO_ACTUA,NUMERIC
rpt-network-plng,sitetracker_data,ST_ACTIVITY_ALL_T_DAILY_SNAP_T,SITETRACKER__FORM_COMPLETE,NUMERIC
rpt-network-plng,sitetracker_data,ST_ACTIVITY_ALL_T_DAILY_SNAP_T,SITETRACKER__FORMATTED_ACTUAL_,STRING
rpt-network-plng,sitetracker_data,ST_ACTIVITY_ALL_T_DAILY_SNAP_T,SITETRACKER__FORMATTED_FORECAS,STRING
rpt-network-plng,sitetracker_data,ST_ACTIVITY_ALL_T_DAILY_SNAP_T,SITETRACKER__JOB,STRING
rpt-network-plng,sitetracker_data,ST_ACTIVITY_ALL_T_DAILY_SNAP_T,SITETRACKER__LATE_ENTRY_DAYS__,NUMERIC
rpt-network-plng,sitetracker_data,ST_ACTIVITY_ALL_T_DAILY_SNAP_T,SITETRACKER__LOCK,NUMERIC
rpt-network-plng,sitetracker_data,ST_ACTIVITY_ALL_T_DAILY_SNAP_T,SITETRACKER__MILESTONE_ACTUAL_,STRING
rpt-network-plng,sitetracker_data,ST_ACTIVITY_ALL_T_DAILY_SNAP_T,SITETRACKER__MILESTONE_FORECAS,STRING
rpt-network-plng,sitetracker_data,ST_ACTIVITY_ALL_T_DAILY_SNAP_T,SITETRACKER__MILESTONE_OBJECT_,STRING
rpt-network-plng,sitetracker_data,ST_ACTIVITY_ALL_T_DAILY_SNAP_T,SITETRACKER__MILESTONE,STRING
rpt-network-plng,sitetracker_data,ST_ACTIVITY_ALL_T_DAILY_SNAP_T,SITETRACKER__MY_ACTIVITY,NUMERIC
rpt-network-plng,sitetracker_data,ST_ACTIVITY_ALL_T_DAILY_SNAP_T,SITETRACKER__NA_DATE,TIMESTAMP
rpt-network-plng,sitetracker_data,ST_ACTIVITY_ALL_T_DAILY_SNAP_T,SITETRACKER__NA_REASON,STRING
rpt-network-plng,sitetracker_data,ST_ACTIVITY_ALL_T_DAILY_SNAP_T,SITETRACKER__NA,NUMERIC
rpt-network-plng,sitetracker_data,ST_ACTIVITY_ALL_T_DAILY_SNAP_T,SITETRACKER__NO_ACTIVITY_TEMPL,NUMERIC
rpt-network-plng,sitetracker_data,ST_ACTIVITY_ALL_T_DAILY_SNAP_T,SITETRACKER__NUMBER_OF_COMPLET,NUMERIC
rpt-network-plng,sitetracker_data,ST_ACTIVITY_ALL_T_DAILY_SNAP_T,SITETRACKER__NUMBER_OF_PREDECE,NUMERIC
rpt-network-plng,sitetracker_data,ST_ACTIVITY_ALL_T_DAILY_SNAP_T,SITETRACKER__OPTIONAL,NUMERIC
rpt-network-plng,sitetracker_data,ST_ACTIVITY_ALL_T_DAILY_SNAP_T,SITETRACKER__ORDER,NUMERIC
rpt-network-plng,sitetracker_data,ST_ACTIVITY_ALL_T_DAILY_SNAP_T,SITETRACKER__OVERDUE,NUMERIC
rpt-network-plng,sitetracker_data,ST_ACTIVITY_ALL_T_DAILY_SNAP_T,SITETRACKER__PREDECESSORS_COMP,TIMESTAMP
rpt-network-plng,sitetracker_data,ST_ACTIVITY_ALL_T_DAILY_SNAP_T,SITETRACKER__PREDECESSORS,STRING
rpt-network-plng,sitetracker_data,ST_ACTIVITY_ALL_T_DAILY_SNAP_T,SITETRACKER__PROJECT_TEMPLATE_,STRING
rpt-network-plng,sitetracker_data,ST_ACTIVITY_ALL_T_DAILY_SNAP_T,SITETRACKER__REJECTER,STRING
rpt-network-plng,sitetracker_data,ST_ACTIVITY_ALL_T_DAILY_SNAP_T,SITETRACKER__REWORK_COMMENTS__,STRING
rpt-network-plng,sitetracker_data,ST_ACTIVITY_ALL_T_DAILY_SNAP_T,SITETRACKER__REWORK_REASON_COD,STRING
rpt-network-plng,sitetracker_data,ST_ACTIVITY_ALL_T_DAILY_SNAP_T,SITETRACKER__REWORK,NUMERIC
rpt-network-plng,sitetracker_data,ST_ACTIVITY_ALL_T_DAILY_SNAP_T,SITETRACKER__SEND_EMAIL_ON_ACT,NUMERIC
rpt-network-plng,sitetracker_data,ST_ACTIVITY_ALL_T_DAILY_SNAP_T,SITETRACKER__WBS_CODE,STRING
rpt-network-plng,sitetracker_data,ST_ACTIVITY_ALL_T_DAILY_SNAP_T,ACTIVITY,STRING
rpt-network-plng,sitetracker_data,ST_ACTIVITY_ALL_T_DAILY_SNAP_T,COMPANY_CODE,STRING
rpt-network-plng,sitetracker_data,ST_ACTIVITY_ALL_T_DAILY_SNAP_T,CRITICAL_ACTIVITY,NUMERIC
rpt-network-plng,sitetracker_data,ST_ACTIVITY_ALL_T_DAILY_SNAP_T,MY_DIRECT_REPORT_S_ACTIVITY,NUMERIC
rpt-network-plng,sitetracker_data,ST_ACTIVITY_ALL_T_DAILY_SNAP_T,PROJECT_DESCRIPTION,STRING
rpt-network-plng,sitetracker_data,ST_ACTIVITY_ALL_T_DAILY_SNAP_T,PROJECT_ID,STRING
rpt-network-plng,sitetracker_data,ST_ACTIVITY_ALL_T_DAILY_SNAP_T,PROJECT_RECORD_ID,STRING
rpt-network-plng,sitetracker_data,ST_ACTIVITY_ALL_T_DAILY_SNAP_T,ACTIVE_HOLD,NUMERIC
rpt-network-plng,sitetracker_data,ST_ACTIVITY_ALL_T_DAILY_SNAP_T,OWNER_OVERRIDE_FORMULA,NUMERIC
rpt-network-plng,sitetracker_data,ST_ACTIVITY_ALL_T_DAILY_SNAP_T,MY_TEAM_S_ACTIVITY,NUMERIC
rpt-network-plng,sitetracker_data,ST_ACTIVITY_ALL_T_DAILY_SNAP_T,meta_load_dttm,DATE
rpt-network-plng,sitetracker_data,ST_ACTIVITY_ALL_T_DAILY_SNAP_T,META_SRC_LOAD_DTTM,STRING
rpt-network-plng,sitetracker_data,LDR_ST_SOW_FIBER_DESIGN_SVCS_V,ST_PROJECT_ID,STRING
rpt-network-plng,sitetracker_data,LDR_ST_SOW_FIBER_DESIGN_SVCS_V,ST_INTERNAL_PROJECT_ID,STRING
rpt-network-plng,sitetracker_data,LDR_ST_SOW_FIBER_DESIGN_SVCS_V,PROJECT_TYPE,STRING
rpt-network-plng,sitetracker_data,LDR_ST_SOW_FIBER_DESIGN_SVCS_V,AMO_GROOMS_ORDER_ID,STRING
rpt-network-plng,sitetracker_data,LDR_ST_SOW_FIBER_DESIGN_SVCS_V,AFFILIATE_ORDER_ID,STRING
rpt-network-plng,sitetracker_data,LDR_ST_SOW_FIBER_DESIGN_SVCS_V,ARMOR_ORDER_NUMBER,STRING
rpt-network-plng,sitetracker_data,LDR_ST_SOW_FIBER_DESIGN_SVCS_V,ARMOR_STATUS,STRING
rpt-network-plng,sitetracker_data,LDR_ST_SOW_FIBER_DESIGN_SVCS_V,ARMOR_TICKET_NUMBER,STRING
rpt-network-plng,sitetracker_data,LDR_ST_SOW_FIBER_DESIGN_SVCS_V,BUILDING_PROPERTY_MANAGEMENT_CONTACT,STRING
rpt-network-plng,sitetracker_data,LDR_ST_SOW_FIBER_DESIGN_SVCS_V,CKID,STRING
rpt-network-plng,sitetracker_data,LDR_ST_SOW_FIBER_DESIGN_SVCS_V,CLLI_PRIMARY_WIRE_CENTER_ID,STRING
rpt-network-plng,sitetracker_data,LDR_ST_SOW_FIBER_DESIGN_SVCS_V,CLLI_SITE_LOCATION,STRING
rpt-network-plng,sitetracker_data,LDR_ST_SOW_FIBER_DESIGN_SVCS_V,CANCELATION_OF_SERVICE_REQUEST,STRING
rpt-network-plng,sitetracker_data,LDR_ST_SOW_FIBER_DESIGN_SVCS_V,CAT_ESTIMATE_ORDER_ID,STRING
rpt-network-plng,sitetracker_data,LDR_ST_SOW_FIBER_DESIGN_SVCS_V,CUSTOMER_CARRIER_NAME,STRING
rpt-network-plng,sitetracker_data,LDR_ST_SOW_FIBER_DESIGN_SVCS_V,CUSTOMER_CONTACT_INFO,STRING
rpt-network-plng,sitetracker_data,LDR_ST_SOW_FIBER_DESIGN_SVCS_V,CUSTOMER_REQUIREMENTS,STRING
rpt-network-plng,sitetracker_data,LDR_ST_SOW_FIBER_DESIGN_SVCS_V,END_DATE,TIMESTAMP
rpt-network-plng,sitetracker_data,LDR_ST_SOW_FIBER_DESIGN_SVCS_V,EVENT_TICKET_NUMBER,STRING
rpt-network-plng,sitetracker_data,LDR_ST_SOW_FIBER_DESIGN_SVCS_V,EVOLUTION_ORDER_ID,STRING
rpt-network-plng,sitetracker_data,LDR_ST_SOW_FIBER_DESIGN_SVCS_V,EVOLUTION_TASK_ID,STRING
rpt-network-plng,sitetracker_data,LDR_ST_SOW_FIBER_DESIGN_SVCS_V,FUNDING_MRR_MRC,NUMERIC
rpt-network-plng,sitetracker_data,LDR_ST_SOW_FIBER_DESIGN_SVCS_V,FUNDING_NRR_NRC,NUMERIC
rpt-network-plng,sitetracker_data,LDR_ST_SOW_FIBER_DESIGN_SVCS_V,FUNDING_TERM,NUMERIC
rpt-network-plng,sitetracker_data,LDR_ST_SOW_FIBER_DESIGN_SVCS_V,GCR_NUMBER,STRING
rpt-network-plng,sitetracker_data,LDR_ST_SOW_FIBER_DESIGN_SVCS_V,GLM_SITE_SURVEY,STRING
rpt-network-plng,sitetracker_data,LDR_ST_SOW_FIBER_DESIGN_SVCS_V,MATERIAL_REPLENISHMENT_ORDER_ID,STRING
rpt-network-plng,sitetracker_data,LDR_ST_SOW_FIBER_DESIGN_SVCS_V,NCI_CODE,STRING
rpt-network-plng,sitetracker_data,LDR_ST_SOW_FIBER_DESIGN_SVCS_V,NC_CODE,STRING
rpt-network-plng,sitetracker_data,LDR_ST_SOW_FIBER_DESIGN_SVCS_V,NPR_CREATE_DATE,STRING
rpt-network-plng,sitetracker_data,LDR_ST_SOW_FIBER_DESIGN_SVCS_V,NPR_NUMBER,STRING
rpt-network-plng,sitetracker_data,LDR_ST_SOW_FIBER_DESIGN_SVCS_V,NETWORK_TYPE,STRING
rpt-network-plng,sitetracker_data,LDR_ST_SOW_FIBER_DESIGN_SVCS_V,OTHER_CONTRIBUTORS,STRING
rpt-network-plng,sitetracker_data,LDR_ST_SOW_FIBER_DESIGN_SVCS_V,OTHER_ORDER_ID,STRING
rpt-network-plng,sitetracker_data,LDR_ST_SOW_FIBER_DESIGN_SVCS_V,OTHER_ORDER_SYSTEM,STRING
rpt-network-plng,sitetracker_data,LDR_ST_SOW_FIBER_DESIGN_SVCS_V,OTHER_TASK_ID,STRING
rpt-network-plng,sitetracker_data,LDR_ST_SOW_FIBER_DESIGN_SVCS_V,PON_OTHER_COMPANY_ORDER_NUMBER,STRING
rpt-network-plng,sitetracker_data,LDR_ST_SOW_FIBER_DESIGN_SVCS_V,PR_REFERENCE_NUMBER,STRING
rpt-network-plng,sitetracker_data,LDR_ST_SOW_FIBER_DESIGN_SVCS_V,SEC_NCI_CODE,STRING
rpt-network-plng,sitetracker_data,LDR_ST_SOW_FIBER_DESIGN_SVCS_V,SERVICE_REQUEST_CANCELLATION_REASON,STRING
rpt-network-plng,sitetracker_data,LDR_ST_SOW_FIBER_DESIGN_SVCS_V,SERVICE_TYPE_SOLUTION,STRING
rpt-network-plng,sitetracker_data,LDR_ST_SOW_FIBER_DESIGN_SVCS_V,SITE_ADDRESS,STRING
rpt-network-plng,sitetracker_data,LDR_ST_SOW_FIBER_DESIGN_SVCS_V,SITE_READINESS_CUSTOMER_ECD,TIMESTAMP
rpt-network-plng,sitetracker_data,LDR_ST_SOW_FIBER_DESIGN_SVCS_V,SPAN_CITY_TO_CITY_OR_METRO_LOOP_NAME,STRING
rpt-network-plng,sitetracker_data,LDR_ST_SOW_FIBER_DESIGN_SVCS_V,SPEED_OF_ETHERNET,STRING
rpt-network-plng,sitetracker_data,LDR_ST_SOW_FIBER_DESIGN_SVCS_V,STATUS_VALUE,STRING
rpt-network-plng,sitetracker_data,LDR_ST_SOW_FIBER_DESIGN_SVCS_V,TECHNICAL_CONTACT_NAME_AND_NUMBER,STRING
rpt-network-plng,sitetracker_data,LDR_ST_SOW_FIBER_DESIGN_SVCS_V,WFMT_ORDER_ID,STRING
rpt-network-plng,sitetracker_data,LDR_ST_SOW_FIBER_DESIGN_SVCS_V,WHO_WILL_PROVIDE_BUILDING_EXTENSION,STRING
rpt-network-plng,sitetracker_data,LDR_ST_SOW_FIBER_DESIGN_SVCS_V,WHO_WILL_PROVIDE_ENTRANCE_FACILITY,STRING
rpt-network-plng,sitetracker_data,LDR_ST_SOW_FIBER_DESIGN_SVCS_V,WHO_WILL_PROVIDE_SPACE_POWER,STRING
rpt-network-plng,sitetracker_data,LDR_ST_SOW_FIBER_DESIGN_SVCS_V,WILL_THERE_BE_RIGHT_OF_WAY_FEES,STRING
rpt-network-plng,sitetracker_data,LDR_ST_SOW_FIBER_DESIGN_SVCS_V,WIRE_CENTER_NPA_NXX,STRING
rpt-network-plng,sitetracker_data,LDR_ST_SOW_FIBER_DESIGN_SVCS_V,ZIP,STRING
rpt-network-plng,sitetracker_data,LDR_ST_SOW_FIBER_DESIGN_SVCS_V,META_LOAD_DATE,DATE
rpt-network-plng,sitetracker_data,ST_USER,ID,STRING
rpt-network-plng,sitetracker_data,ST_USER,USERNAME,STRING
rpt-network-plng,sitetracker_data,ST_USER,LASTNAME,STRING
rpt-network-plng,sitetracker_data,ST_USER,FIRSTNAME,STRING
rpt-network-plng,sitetracker_data,ST_USER,NAME,STRING
rpt-network-plng,sitetracker_data,ST_USER,COMPANYNAME,STRING
rpt-network-plng,sitetracker_data,ST_USER,DIVISION,STRING
rpt-network-plng,sitetracker_data,ST_USER,DEPARTMENT,STRING
rpt-network-plng,sitetracker_data,ST_USER,TITLE,STRING
rpt-network-plng,sitetracker_data,ST_USER,STREET,STRING
rpt-network-plng,sitetracker_data,ST_USER,CITY,STRING
rpt-network-plng,sitetracker_data,ST_USER,STATE,STRING
rpt-network-plng,sitetracker_data,ST_USER,POSTALCODE,STRING
rpt-network-plng,sitetracker_data,ST_USER,COUNTRY,STRING
rpt-network-plng,sitetracker_data,ST_USER,STATECODE,STRING
rpt-network-plng,sitetracker_data,ST_USER,COUNTRYCODE,STRING
rpt-network-plng,sitetracker_data,ST_USER,LATITUDE,NUMERIC
rpt-network-plng,sitetracker_data,ST_USER,LONGITUDE,NUMERIC
rpt-network-plng,sitetracker_data,ST_USER,GEOCODEACCURACY,STRING
rpt-network-plng,sitetracker_data,ST_USER,EMAIL,STRING
rpt-network-plng,sitetracker_data,ST_USER,EMAILPREFERENCESAUTOBCC,NUMERIC
rpt-network-plng,sitetracker_data,ST_USER,EMAILPREFERENCESAUTOBCCSTAYINT,NUMERIC
rpt-network-plng,sitetracker_data,ST_USER,EMAILPREFERENCESSTAYINTOUCHREM,NUMERIC
rpt-network-plng,sitetracker_data,ST_USER,SENDEREMAIL,STRING
rpt-network-plng,sitetracker_data,ST_USER,SENDERNAME,STRING
rpt-network-plng,sitetracker_data,ST_USER,SIGNATURE,STRING
rpt-network-plng,sitetracker_data,ST_USER,STAYINTOUCHSUBJECT,STRING
rpt-network-plng,sitetracker_data,ST_USER,STAYINTOUCHSIGNATURE,STRING
rpt-network-plng,sitetracker_data,ST_USER,STAYINTOUCHNOTE,STRING
rpt-network-plng,sitetracker_data,ST_USER,PHONE,STRING
rpt-network-plng,sitetracker_data,ST_USER,FAX,STRING
rpt-network-plng,sitetracker_data,ST_USER,MOBILEPHONE,STRING
rpt-network-plng,sitetracker_data,ST_USER,ALIAS,STRING
rpt-network-plng,sitetracker_data,ST_USER,COMMUNITYNICKNAME,STRING
rpt-network-plng,sitetracker_data,ST_USER,BADGETEXT,STRING
rpt-network-plng,sitetracker_data,ST_USER,ISACTIVE,NUMERIC
rpt-network-plng,sitetracker_data,ST_USER,TIMEZONESIDKEY,STRING
rpt-network-plng,sitetracker_data,ST_USER,USERROLEID,STRING
rpt-network-plng,sitetracker_data,ST_USER,LOCALESIDKEY,STRING
rpt-network-plng,sitetracker_data,ST_USER,RECEIVESINFOEMAILS,NUMERIC
rpt-network-plng,sitetracker_data,ST_USER,RECEIVESADMININFOEMAILS,NUMERIC
rpt-network-plng,sitetracker_data,ST_USER,EMAILENCODINGKEY,STRING
rpt-network-plng,sitetracker_data,ST_USER,DEFAULTCURRENCYISOCODE,STRING
rpt-network-plng,sitetracker_data,ST_USER,CURRENCYISOCODE,STRING
rpt-network-plng,sitetracker_data,ST_USER,PROFILEID,STRING
rpt-network-plng,sitetracker_data,ST_USER,USERTYPE,STRING
rpt-network-plng,sitetracker_data,ST_USER,LANGUAGELOCALEKEY,STRING
rpt-network-plng,sitetracker_data,ST_USER,EMPLOYEENUMBER,STRING
rpt-network-plng,sitetracker_data,ST_USER,DELEGATEDAPPROVERID,STRING
rpt-network-plng,sitetracker_data,ST_USER,MANAGERID,STRING
rpt-network-plng,sitetracker_data,ST_USER,LASTLOGINDATE,DATE
rpt-network-plng,sitetracker_data,ST_USER,CREATEDDATE,DATE
rpt-network-plng,sitetracker_data,ST_USER,CREATEDBYID,STRING
rpt-network-plng,sitetracker_data,ST_USER,LASTMODIFIEDDATE,DATE
rpt-network-plng,sitetracker_data,ST_USER,LASTMODIFIEDBYID,STRING
rpt-network-plng,sitetracker_data,ST_USER,SYSTEMMODSTAMP,DATE
rpt-network-plng,sitetracker_data,ST_USER,OFFLINETRIALEXPIRATIONDATE,DATE
rpt-network-plng,sitetracker_data,ST_USER,OFFLINEPDATRIALEXPIRATIONDATE,DATE
rpt-network-plng,sitetracker_data,ST_USER,USERPERMISSIONSMARKETINGUSER,NUMERIC
rpt-network-plng,sitetracker_data,ST_USER,USERPERMISSIONSOFFLINEUSER,NUMERIC
rpt-network-plng,sitetracker_data,ST_USER,USERPERMISSIONSAVANTGOUSER,NUMERIC
rpt-network-plng,sitetracker_data,ST_USER,USERPERMISSIONSCALLCENTERAUTOL,NUMERIC
rpt-network-plng,sitetracker_data,ST_USER,USERPERMISSIONSMOBILEUSER,NUMERIC
rpt-network-plng,sitetracker_data,ST_USER,USERPERMISSIONSSFCONTENTUSER,NUMERIC
rpt-network-plng,sitetracker_data,ST_USER,USERPERMISSIONSINTERACTIONUSER,NUMERIC
rpt-network-plng,sitetracker_data,ST_USER,USERPERMISSIONSCHATTERANSWERSU,NUMERIC
rpt-network-plng,sitetracker_data,ST_USER,FORECASTENABLED,NUMERIC
rpt-network-plng,sitetracker_data,ST_USER,USERPREFERENCESACTIVITYREMINDE,NUMERIC
rpt-network-plng,sitetracker_data,ST_USER,USERPREFERENCESEVENTREMINDERSC,NUMERIC
rpt-network-plng,sitetracker_data,ST_USER,USERPREFERENCESTASKREMINDERSCH,NUMERIC
rpt-network-plng,sitetracker_data,ST_USER,USERPREFERENCESREMINDERSOUNDOF,NUMERIC
rpt-network-plng,sitetracker_data,ST_USER,USERPREFERENCESDISABLEALLFEEDS,NUMERIC
rpt-network-plng,sitetracker_data,ST_USER,USERPREFERENCESDISABLEFOLLOWER,NUMERIC
rpt-network-plng,sitetracker_data,ST_USER,USERPREFERENCESDISABLEPROFILEP,NUMERIC
rpt-network-plng,sitetracker_data,ST_USER,USERPREFERENCESDISABLECHANGECO,NUMERIC
rpt-network-plng,sitetracker_data,ST_USER,USERPREFERENCESDISABLELATERCOM,NUMERIC
rpt-network-plng,sitetracker_data,ST_USER,USERPREFERENCESDISPROFPOSTCOMM,NUMERIC
rpt-network-plng,sitetracker_data,ST_USER,USERPREFERENCESCONTENTNOEMAIL,NUMERIC
rpt-network-plng,sitetracker_data,ST_USER,USERPREFERENCESCONTENTEMAILASA,NUMERIC
rpt-network-plng,sitetracker_data,ST_USER,USERPREFERENCESAPEXPAGESDEVELO,NUMERIC
rpt-network-plng,sitetracker_data,ST_USER,USERPREFERENCESHIDECSNGETCHATT,NUMERIC
rpt-network-plng,sitetracker_data,ST_USER,USERPREFERENCESDISABLEMENTIONS,NUMERIC
rpt-network-plng,sitetracker_data,ST_USER,USERPREFERENCESDISMENTIONSCOMM,NUMERIC
rpt-network-plng,sitetracker_data,ST_USER,USERPREFERENCESHIDECSNDESKTOPT,NUMERIC
rpt-network-plng,sitetracker_data,ST_USER,USERPREFERENCESHIDECHATTERONBO,NUMERIC
rpt-network-plng,sitetracker_data,ST_USER,USERPREFERENCESHIDESECONDCHATT,NUMERIC
rpt-network-plng,sitetracker_data,ST_USER,USERPREFERENCESDISCOMMENTAFTER,NUMERIC
rpt-network-plng,sitetracker_data,ST_USER,USERPREFERENCESDISABLELIKEEMAI,NUMERIC
rpt-network-plng,sitetracker_data,ST_USER,USERPREFERENCESSORTFEEDBYCOMME,NUMERIC
rpt-network-plng,sitetracker_data,ST_USER,USERPREFERENCESDISABLEMESSAGEE,NUMERIC
rpt-network-plng,sitetracker_data,ST_USER,USERPREFERENCESDISABLEBOOKMARK,NUMERIC
rpt-network-plng,sitetracker_data,ST_USER,USERPREFERENCESDISABLESHAREPOS,NUMERIC
rpt-network-plng,sitetracker_data,ST_USER,USERPREFERENCESENABLEAUTOSUBFO,NUMERIC
rpt-network-plng,sitetracker_data,ST_USER,USERPREFERENCESDISABLEFILESHAR,NUMERIC
rpt-network-plng,sitetracker_data,ST_USER,USERPREFERENCESSHOWTITLETOEXTE,NUMERIC
rpt-network-plng,sitetracker_data,ST_USER,USERPREFERENCESSHOWMANAGERTOEX,NUMERIC
rpt-network-plng,sitetracker_data,ST_USER,USERPREFERENCESSHOWEMAILTOEXTE,NUMERIC
rpt-network-plng,sitetracker_data,ST_USER,USERPREFERENCESSHOWWORKPHONETO,NUMERIC
rpt-network-plng,sitetracker_data,ST_USER,USERPREFERENCESSHOWMOBILEPHONE,NUMERIC
rpt-network-plng,sitetracker_data,ST_USER,USERPREFERENCESSHOWFAXTOEXTERN,NUMERIC
rpt-network-plng,sitetracker_data,ST_USER,USERPREFERENCESSHOWSTREETADDRE,NUMERIC
rpt-network-plng,sitetracker_data,ST_USER,USERPREFERENCESSHOWCITYTOEXTER,NUMERIC
rpt-network-plng,sitetracker_data,ST_USER,USERPREFERENCESSHOWSTATETOEXTE,NUMERIC
rpt-network-plng,sitetracker_data,ST_USER,USERPREFERENCESSHOWPOSTALCODET,NUMERIC
rpt-network-plng,sitetracker_data,ST_USER,USERPREFERENCESSHOWCOUNTRYTOEX,NUMERIC
rpt-network-plng,sitetracker_data,ST_USER,USERPREFERENCESSHOWPROFILEPICT,NUMERIC
rpt-network-plng,sitetracker_data,ST_USER,USERPREFERENCESSHOWTITLETOGUES,NUMERIC
rpt-network-plng,sitetracker_data,ST_USER,USERPREFERENCESSHOWCITYTOGUEST,NUMERIC
rpt-network-plng,sitetracker_data,ST_USER,USERPREFERENCESSHOWSTATETOGUES,NUMERIC
rpt-network-plng,sitetracker_data,ST_USER,USERPREFERENCESSHOWPOSTALCODE1,NUMERIC
rpt-network-plng,sitetracker_data,ST_USER,USERPREFERENCESSHOWCOUNTRYTOGU,NUMERIC
rpt-network-plng,sitetracker_data,ST_USER,USERPREFERENCESDISABLEENDORSEM,NUMERIC
rpt-network-plng,sitetracker_data,ST_USER,USERPREFERENCESPATHASSISTANTCO,NUMERIC
rpt-network-plng,sitetracker_data,ST_USER,USERPREFERENCESCACHEDIAGNOSTIC,NUMERIC
rpt-network-plng,sitetracker_data,ST_USER,USERPREFERENCESSHOWEMAILTOGUES,NUMERIC
rpt-network-plng,sitetracker_data,ST_USER,USERPREFERENCESSHOWMANAGERTOGU,NUMERIC
rpt-network-plng,sitetracker_data,ST_USER,USERPREFERENCESSHOWWORKPHONET1,NUMERIC
rpt-network-plng,sitetracker_data,ST_USER,USERPREFERENCESSHOWMOBILEPHON1,NUMERIC
rpt-network-plng,sitetracker_data,ST_USER,USERPREFERENCESSHOWFAXTOGUESTU,NUMERIC
rpt-network-plng,sitetracker_data,ST_USER,USERPREFERENCESSHOWSTREETADDR1,NUMERIC
rpt-network-plng,sitetracker_data,ST_USER,USERPREFERENCESLIGHTNINGEXPERI,NUMERIC
rpt-network-plng,sitetracker_data,ST_USER,USERPREFERENCESHIDEENDUSERONBO,NUMERIC
rpt-network-plng,sitetracker_data,ST_USER,USERPREFERENCESHIDELIGHTNINGMI,NUMERIC
rpt-network-plng,sitetracker_data,ST_USER,USERPREFERENCESHIDESFXWELCOMEM,NUMERIC
rpt-network-plng,sitetracker_data,ST_USER,USERPREFERENCESHIDEBIGGERPHOTO,NUMERIC
rpt-network-plng,sitetracker_data,ST_USER,USERPREFERENCESGLOBALNAVBARWTS,NUMERIC
rpt-network-plng,sitetracker_data,ST_USER,USERPREFERENCESGLOBALNAVGRIDME,NUMERIC
rpt-network-plng,sitetracker_data,ST_USER,USERPREFERENCESCREATELEXAPPSWT,NUMERIC
rpt-network-plng,sitetracker_data,ST_USER,USERPREFERENCESFAVORITESWTSHOW,NUMERIC
rpt-network-plng,sitetracker_data,ST_USER,CONTACTID,STRING
rpt-network-plng,sitetracker_data,ST_USER,ACCOUNTID,STRING
rpt-network-plng,sitetracker_data,ST_USER,CALLCENTERID,STRING
rpt-network-plng,sitetracker_data,ST_USER,EXTENSION,STRING
rpt-network-plng,sitetracker_data,ST_USER,PORTALROLE,STRING
rpt-network-plng,sitetracker_data,ST_USER,ISPORTALENABLED,NUMERIC
rpt-network-plng,sitetracker_data,ST_USER,FEDERATIONIDENTIFIER,STRING
rpt-network-plng,sitetracker_data,ST_USER,ABOUTME,STRING
rpt-network-plng,sitetracker_data,ST_USER,FULLPHOTOURL,STRING
rpt-network-plng,sitetracker_data,ST_USER,SMALLPHOTOURL,STRING
rpt-network-plng,sitetracker_data,ST_USER,MEDIUMPHOTOURL,STRING
rpt-network-plng,sitetracker_data,ST_USER,DIGESTFREQUENCY,STRING
rpt-network-plng,sitetracker_data,ST_USER,DEFAULTGROUPNOTIFICATIONFREQUE,STRING
rpt-network-plng,sitetracker_data,ST_USER,LASTVIEWEDDATE,DATE
rpt-network-plng,sitetracker_data,ST_USER,LASTREFERENCEDDATE,DATE
rpt-network-plng,sitetracker_data,ST_USER,BANNERPHOTOURL,STRING
rpt-network-plng,sitetracker_data,ST_USER,SMALLBANNERPHOTOURL,STRING
rpt-network-plng,sitetracker_data,ST_USER,MEDIUMBANNERPHOTOURL,STRING
rpt-network-plng,sitetracker_data,ST_USER,ISPROFILEPHOTOACTIVE,NUMERIC
rpt-network-plng,sitetracker_data,ST_USER,ECHOSIGN_DEV1__ECHOSIGN_ALLOW_,NUMERIC
rpt-network-plng,sitetracker_data,ST_USER,ECHOSIGN_DEV1__ECHOSIGN_EMAIL_,NUMERIC
rpt-network-plng,sitetracker_data,ST_USER,ISPRMSUPERUSER,NUMERIC
rpt-network-plng,sitetracker_data,ST_USER,DSFS__DSPROSFPASSWORD__C,STRING
rpt-network-plng,sitetracker_data,ST_USER,DSFS__DSPROSFUSERNAME__C,STRING
rpt-network-plng,sitetracker_data,ST_USER,AGENT_ID__C,NUMERIC
rpt-network-plng,sitetracker_data,ST_USER,BMG_SALES_CHANNEL__C,STRING
rpt-network-plng,sitetracker_data,ST_USER,CUID__C,STRING
rpt-network-plng,sitetracker_data,ST_USER,CUST_SEG_ID__C,STRING
rpt-network-plng,sitetracker_data,ST_USER,DIRECTOR__C,STRING
rpt-network-plng,sitetracker_data,ST_USER,HM_USER_CHANGE_LOG_ID__C,STRING
rpt-network-plng,sitetracker_data,ST_USER,META_LOAD_TMSTAMP__C,DATE
rpt-network-plng,sitetracker_data,ST_USER,SALES_CHANNEL_ID__C,STRING
rpt-network-plng,sitetracker_data,ST_USER,SALES_CHANNEL_NAME__C,STRING
rpt-network-plng,sitetracker_data,ST_USER,SALES_REP_ID__C,STRING
rpt-network-plng,sitetracker_data,ST_USER,SALES_OFFICE__C,STRING
rpt-network-plng,sitetracker_data,ST_USER,SUB_CHANNEL_ID__C,STRING
rpt-network-plng,sitetracker_data,ST_USER,VP__C,STRING
rpt-network-plng,sitetracker_data,ST_USER,META_ETL_PROC_CNTRL_ID__C,STRING
rpt-network-plng,sitetracker_data,ST_USER,FOREIGN_AGENT_ID__C,STRING
rpt-network-plng,sitetracker_data,ST_USER,MH_BLUE_MANAGER__C,NUMERIC
rpt-network-plng,sitetracker_data,ST_USER,MH_BLUE_READ_WRITE__C,NUMERIC
rpt-network-plng,sitetracker_data,ST_USER,MH_BLUE_READ_ONLY__C,NUMERIC
rpt-network-plng,sitetracker_data,ST_USER,MH_GOLD_MANAGER__C,NUMERIC
rpt-network-plng,sitetracker_data,ST_USER,MH_GOLD_READ_WRITE__C,NUMERIC
rpt-network-plng,sitetracker_data,ST_USER,MH_GOLD_READ_ONLY__C,NUMERIC
rpt-network-plng,sitetracker_data,ST_USER,MH_GREEN_MANAGER__C,NUMERIC
rpt-network-plng,sitetracker_data,ST_USER,MH_GREEN_READ_WRITE__C,NUMERIC
rpt-network-plng,sitetracker_data,ST_USER,MH_GREEN_READ_ONLY__C,NUMERIC
rpt-network-plng,sitetracker_data,ST_USER,SAM_ADMIN__C,NUMERIC
rpt-network-plng,sitetracker_data,ST_USER,USER_S_MANAGER__C,STRING
rpt-network-plng,sitetracker_data,ST_USER,EMPLOYEE_START_DATE__C,DATE
rpt-network-plng,sitetracker_data,ST_USER,EMPLOYEE_END_DATE__C,DATE
rpt-network-plng,sitetracker_data,ST_USER,TRAINING_START_DATE__C,DATE
rpt-network-plng,sitetracker_data,ST_USER,POSITION_START_DATE__C,DATE
rpt-network-plng,sitetracker_data,ST_USER,POSITION_END_DATE__C,DATE
rpt-network-plng,sitetracker_data,ST_USER,AREA__C,STRING
rpt-network-plng,sitetracker_data,ST_USER,CREATE_MIRROR_CONTACT__C,NUMERIC
rpt-network-plng,sitetracker_data,ST_USER,EQ_ID__C,STRING
rpt-network-plng,sitetracker_data,ST_USER,LEGACY_SFDC_COMPANY__C,STRING
rpt-network-plng,sitetracker_data,ST_USER,MARKETING_TOOLBOX_GROUP__C,STRING
rpt-network-plng,sitetracker_data,ST_USER,SALES_OFFICE_RMG__C,STRING
rpt-network-plng,sitetracker_data,ST_USER,UNCONFIRMED_EMAIL__C,STRING
rpt-network-plng,sitetracker_data,ST_USER,SEGMENT__C,STRING
rpt-network-plng,sitetracker_data,ST_USER,STRATEGIC_BLUE_SHEET_TRAINING_,DATE
rpt-network-plng,sitetracker_data,ST_USER,ADVANCED_TEAM_SELLING_START_DA,DATE
rpt-network-plng,sitetracker_data,ST_USER,COMMENTS__C,STRING
rpt-network-plng,sitetracker_data,ST_USER,ORDERING_QUEUE__C,STRING
rpt-network-plng,sitetracker_data,ST_USER,PLACEHOLDER_ID__C,STRING
rpt-network-plng,sitetracker_data,ST_USER,DSFS__DSPROSFMEMBERSHIPSTATUS_,STRING
rpt-network-plng,sitetracker_data,ST_USER,BILLING_TICKET_BULK_APPROVAL_N,NUMERIC
rpt-network-plng,sitetracker_data,ST_USER,HR_EMP_NUM__C,STRING
rpt-network-plng,sitetracker_data,ST_USER,BILLING_TICKET_QUEUE__C,STRING
rpt-network-plng,sitetracker_data,ST_USER,DEALER_CODE__C,STRING
rpt-network-plng,sitetracker_data,ST_USER,DEFAULT_ENGINEERING_GROUP__C,STRING
rpt-network-plng,sitetracker_data,ST_USER,NIBS_ID__C,STRING
rpt-network-plng,sitetracker_data,ST_USER,TOLL_FREE_NUMBER__C,STRING
rpt-network-plng,sitetracker_data,ST_USER,USER_IS_ENGINEER__C,NUMERIC
rpt-network-plng,sitetracker_data,ST_USER,USER_IS_ENGINEERING_MANAGER__C,NUMERIC
rpt-network-plng,sitetracker_data,ST_USER,SR_MANAGER__C,STRING
rpt-network-plng,sitetracker_data,ST_USER,IGNORE_OPPRTUNITY_VALIDATION_R,NUMERIC
rpt-network-plng,sitetracker_data,ST_USER,PRAMATA_VIEW_ALL__C,NUMERIC
rpt-network-plng,sitetracker_data,ST_USER,MKTO_SI__ISCACHINGANONWEBACTIV,NUMERIC
rpt-network-plng,sitetracker_data,ST_USER,MKTO_SI__ISCACHINGBESTBETS__C,NUMERIC
rpt-network-plng,sitetracker_data,ST_USER,MKTO_SI__ISCACHINGEMAILACTIVIT,NUMERIC
rpt-network-plng,sitetracker_data,ST_USER,MKTO_SI__ISCACHINGGROUPEDWEBAC,NUMERIC
rpt-network-plng,sitetracker_data,ST_USER,MKTO_SI__ISCACHINGINTERESTINGM,NUMERIC
rpt-network-plng,sitetracker_data,ST_USER,MKTO_SI__ISCACHINGSCORINGLIST_,NUMERIC
rpt-network-plng,sitetracker_data,ST_USER,MKTO_SI__ISCACHINGSTREAMLIST__,NUMERIC
rpt-network-plng,sitetracker_data,ST_USER,MKTO_SI__ISCACHINGWATCHLIST__C,NUMERIC
rpt-network-plng,sitetracker_data,ST_USER,MKTO_SI__ISCACHINGWEBACTIVITYL,NUMERIC
rpt-network-plng,sitetracker_data,ST_USER,MKTO_SI__SALES_INSIGHT_COUNTER,NUMERIC
rpt-network-plng,sitetracker_data,ST_USER,DIRECTOR_AVP_NCI_PLACEHOLDER_I,STRING
rpt-network-plng,sitetracker_data,ST_USER,CHANNEL_REGION__C,STRING
rpt-network-plng,sitetracker_data,ST_USER,BIGMACHINES__ACCESS_TYPE__C,STRING
rpt-network-plng,sitetracker_data,ST_USER,BIGMACHINES__ASSOCIATION_TO_OR,STRING
rpt-network-plng,sitetracker_data,ST_USER,BIGMACHINES__BULK_SYNCHRONIZAT,NUMERIC
rpt-network-plng,sitetracker_data,ST_USER,BIGMACHINES__CURRENCY_PREFEREN,STRING
rpt-network-plng,sitetracker_data,ST_USER,BIGMACHINES__DATE_TIME_FORMAT_,STRING
rpt-network-plng,sitetracker_data,ST_USER,BIGMACHINES__DELEGATED_APPROVE,STRING
rpt-network-plng,sitetracker_data,ST_USER,BIGMACHINES__LANGUAGE_PREFEREN,STRING
rpt-network-plng,sitetracker_data,ST_USER,BIGMACHINES__LOGIN__C,STRING
rpt-network-plng,sitetracker_data,ST_USER,BIGMACHINES__NUMBER_FORMAT__C,STRING
rpt-network-plng,sitetracker_data,ST_USER,BIGMACHINES__PARTNER_ORGANIZAT,STRING
rpt-network-plng,sitetracker_data,ST_USER,BIGMACHINES__PROVISIONED__C,NUMERIC
rpt-network-plng,sitetracker_data,ST_USER,BIGMACHINES__TIME_ZONE__C,STRING
rpt-network-plng,sitetracker_data,ST_USER,BIGMACHINES__UNIT_SYSTEM__C,STRING
rpt-network-plng,sitetracker_data,ST_USER,BIGMACHINES__USER_GROUPS__C,STRING
rpt-network-plng,sitetracker_data,ST_USER,COLL_ID__C,STRING
rpt-network-plng,sitetracker_data,ST_USER,COLLECTIONS_CENTER__C,STRING
rpt-network-plng,sitetracker_data,ST_USER,MANAGER_EMAIL__C,STRING
rpt-network-plng,sitetracker_data,ST_USER,TMP_NITRO_USER__C,NUMERIC
rpt-network-plng,sitetracker_data,ST_USER,REGION__C,STRING
rpt-network-plng,sitetracker_data,ST_USER,AVAYA_AGENT_ID__C,STRING
rpt-network-plng,sitetracker_data,ST_USER,COLLECTIONS_GROUP__C,STRING
rpt-network-plng,sitetracker_data,ST_USER,SALES_CREDIT__C,STRING
rpt-network-plng,sitetracker_data,ST_USER,SPL_FILTER_CODE__C,STRING
rpt-network-plng,sitetracker_data,ST_USER,INTERNAL_ID_TYPE__C,STRING
rpt-network-plng,sitetracker_data,ST_USER,BMISYNCHREQUIRED__C,NUMERIC
rpt-network-plng,sitetracker_data,ST_USER,ENVISIONQUOTECREATERESTRICTED_,NUMERIC
rpt-network-plng,sitetracker_data,ST_USER,SAVVIS_ROLE__C,STRING
rpt-network-plng,sitetracker_data,ST_USER,ISUSERCREATEDINBMI__C,NUMERIC
rpt-network-plng,sitetracker_data,ST_USER,BIGMACHINEUSERNAME__C,STRING
rpt-network-plng,sitetracker_data,ST_USER,ORG__C,STRING
rpt-network-plng,sitetracker_data,ST_USER,WEB_CONFERENCE__C,STRING
rpt-network-plng,sitetracker_data,ST_USER,TERRITORY__C,STRING
rpt-network-plng,sitetracker_data,ST_USER,CTS_SALES_REGION__C,STRING
rpt-network-plng,sitetracker_data,ST_USER,SALES_BUSINESS_UNIT__C,STRING
rpt-network-plng,sitetracker_data,ST_USER,CTS_REGION_GEO_NAME__C,STRING
rpt-network-plng,sitetracker_data,ST_USER,USER_IS_BA_OWNER__C,NUMERIC
rpt-network-plng,sitetracker_data,ST_USER,LITE_QUOTE_DEACTIVATION_DATE__,DATE
rpt-network-plng,sitetracker_data,ST_USER,IQ_NETWORKING_CORE_CONNECT_TRA,DATE
rpt-network-plng,sitetracker_data,ST_USER,LF_NAME__C,STRING
rpt-network-plng,sitetracker_data,ST_USER,PREVIOUS_DIRECTOR__C,STRING
rpt-network-plng,sitetracker_data,ST_USER,PREVIOUS_DIRECTOR_TEXT__C,STRING
rpt-network-plng,sitetracker_data,ST_USER,WARNING__C,STRING
rpt-network-plng,sitetracker_data,ST_USER,SALES_ROLE__C,STRING
rpt-network-plng,sitetracker_data,ST_USER,WARNING_MESSAGE__C,STRING
rpt-network-plng,sitetracker_data,ST_USER,TPC__C,STRING
rpt-network-plng,sitetracker_data,ST_USER,EXPERTISE__C,STRING
rpt-network-plng,sitetracker_data,ST_USER,PERSONNEL_NUMBER__C,STRING
rpt-network-plng,sitetracker_data,ST_USER,PROFILE_NAME__C,STRING
rpt-network-plng,sitetracker_data,ST_USER,PROFILE_USERLICENSE__C,STRING
rpt-network-plng,sitetracker_data,ST_USER,TPC_IS_ME__C,NUMERIC
rpt-network-plng,sitetracker_data,ST_USER,INTL_COLO_PRTNR__C,NUMERIC
rpt-network-plng,sitetracker_data,ST_USER,LICENSE_ASSIGNMENT__C,STRING
rpt-network-plng,sitetracker_data,ST_USER,DA_APPROVER__C,NUMERIC
rpt-network-plng,sitetracker_data,ST_USER,NTM_WORKGROUP__C,STRING
rpt-network-plng,sitetracker_data,ST_USER,APTTUS_APPROVAL__APPROVAL_LEVE,STRING
rpt-network-plng,sitetracker_data,ST_USER,APTTUS_APPROVAL__NEXT_LEVEL_AP,STRING
rpt-network-plng,sitetracker_data,ST_USER,SLS_TITLE__C,STRING
rpt-network-plng,sitetracker_data,ST_USER,ACCESS_EXCEPTION__C,STRING
rpt-network-plng,sitetracker_data,ST_USER,ADDITIONAL_BACKUP__C,STRING
rpt-network-plng,sitetracker_data,ST_USER,API_URL__C,STRING
rpt-network-plng,sitetracker_data,ST_USER,NS2020_ENABLED__C,NUMERIC
rpt-network-plng,sitetracker_data,ST_USER,BACKUP__C,STRING
rpt-network-plng,sitetracker_data,ST_USER,TEXT_DIRECTOR__C,STRING
rpt-network-plng,sitetracker_data,ST_USER,USER_HIERARCHY__C,STRING
rpt-network-plng,sitetracker_data,ST_USER,PARTNER_OPERATIONS__C,NUMERIC
rpt-network-plng,sitetracker_data,ST_USER,TEXT_MANAGER__C,STRING
rpt-network-plng,sitetracker_data,ST_USER,PRIMARY_SE__C,STRING
rpt-network-plng,sitetracker_data,ST_USER,MEDAL_TYPE__C,STRING
rpt-network-plng,sitetracker_data,ST_USER,ADDITIONAL_SALES_IDS__C,STRING
rpt-network-plng,sitetracker_data,ST_USER,NETWORKING_OD_APPROVAL_USER__C,NUMERIC
rpt-network-plng,sitetracker_data,ST_USER,ONTRACKADMIN__C,NUMERIC
rpt-network-plng,sitetracker_data,ST_USER,LEAD_OPT_OUT__C,NUMERIC
rpt-network-plng,sitetracker_data,ST_USER,PRIVILEGED_ACCESS_AUDIT_COMMEN,STRING
rpt-network-plng,sitetracker_data,ST_USER,PRIVILEGED_ACCESS_AUDIT_DATE__,DATE
rpt-network-plng,sitetracker_data,ST_USER,ALTIFY_ACCESS__C,NUMERIC
rpt-network-plng,sitetracker_data,ST_USER,ASSIGNMENT_GROUP_ACTIVE__C,NUMERIC
rpt-network-plng,sitetracker_data,ST_USER,DIVISION__C,STRING
rpt-network-plng,sitetracker_data,ST_USER,EMPLOYEE_NUMBER__C,STRING
rpt-network-plng,sitetracker_data,ST_USER,FTTT_MANAGER__C,STRING
rpt-network-plng,sitetracker_data,ST_USER,GM_TEXT__C,STRING
rpt-network-plng,sitetracker_data,ST_USER,GLOBAL_REGION__C,STRING
rpt-network-plng,sitetracker_data,ST_USER,LEAD_TEXT__C,STRING
rpt-network-plng,sitetracker_data,ST_USER,LOCAL_REGION__C,STRING
rpt-network-plng,sitetracker_data,ST_USER,MIDDLE_NAME__C,STRING
rpt-network-plng,sitetracker_data,ST_USER,MIGRATION_ACTION__C,STRING
rpt-network-plng,sitetracker_data,ST_USER,MIGRATION_SOURCE_ID__C,STRING
rpt-network-plng,sitetracker_data,ST_USER,PLAN_PROFILE__C,STRING
rpt-network-plng,sitetracker_data,ST_USER,READY_TO_PROCESS__C,NUMERIC
rpt-network-plng,sitetracker_data,ST_USER,SALES_CHANNEL__C,STRING
rpt-network-plng,sitetracker_data,ST_USER,SALES_ENGINEERS_TEXT__C,STRING
rpt-network-plng,sitetracker_data,ST_USER,SALES_EXEC_TEXT__C,STRING
rpt-network-plng,sitetracker_data,ST_USER,SALES_MANAGER_TEXT__C,STRING
rpt-network-plng,sitetracker_data,ST_USER,SCENARIO_ACCESS__C,STRING
rpt-network-plng,sitetracker_data,ST_USER,SYSTEM_USER__C,NUMERIC
rpt-network-plng,sitetracker_data,ST_USER,TEAM_NAME__C,STRING
rpt-network-plng,sitetracker_data,ST_USER,UNIVERSAL_ID__C,STRING
rpt-network-plng,sitetracker_data,ST_USER,USER_DEFINED_FIELD_1__C,STRING
rpt-network-plng,sitetracker_data,ST_USER,USER_DEFINED_FIELD_2__C,STRING
rpt-network-plng,sitetracker_data,ST_USER,USER_ID_18__C,STRING
rpt-network-plng,sitetracker_data,ST_USER,CIE_DIRECT_APPROVER__C,STRING
rpt-network-plng,sitetracker_data,ST_USER,CIE_PARTNER_APPROVER__C,STRING
rpt-network-plng,sitetracker_data,ST_USER,EMPTY_STRING__C,STRING
rpt-network-plng,sitetracker_data,ST_USER,POM_DIRECTOR__C,STRING
rpt-network-plng,sitetracker_data,ST_USER,ACCOUNT_ASSIGNMENT_DELEGATED_A,STRING
rpt-network-plng,sitetracker_data,ST_USER,SALES_EXECUTIVE__C,NUMERIC
rpt-network-plng,sitetracker_data,ST_USER,SR_DIRECTOR_GM__C,STRING
rpt-network-plng,sitetracker_data,ST_USER,SAT_TEAM_MEMBER__C,NUMERIC
rpt-network-plng,sitetracker_data,ST_USER,ORACLE_ID_UNIQUE__C,STRING
rpt-network-plng,sitetracker_data,ST_USER,UNIVERSAL_ID_UNIQUE__C,STRING
rpt-network-plng,sitetracker_data,ST_USER,NOTIFICATION_SENT_DATE__C,DATE
rpt-network-plng,sitetracker_data,ST_USER,REP_PLACEHOLDER_ID__C,STRING
rpt-network-plng,sitetracker_data,ST_USER,MGR_SALES_ID__C,STRING
rpt-network-plng,sitetracker_data,ST_USER,APTTUS_ACCESS__C,NUMERIC
rpt-network-plng,sitetracker_data,ST_USER,LOCK_ACCT_OWNER__C,NUMERIC
rpt-network-plng,sitetracker_data,ST_USER,LIGHTNING_ENABLED__C,NUMERIC
rpt-network-plng,sitetracker_data,ST_USER,LIGHTNING_GROUP__C,STRING
rpt-network-plng,sitetracker_data,ST_USER,LIGHTNING_TRANSITION_DATE__C,DATE
rpt-network-plng,sitetracker_data,ST_USER,ALTIFY_CP_ACCESS__C,NUMERIC
rpt-network-plng,sitetracker_data,ST_USER,ACCOUNT_ID__C,STRING
rpt-network-plng,sitetracker_data,ST_USER,ALTIFY_AM_ACCESS__C,NUMERIC
rpt-network-plng,sitetracker_data,ST_USER,ALTIFY_OM_ACCESS__C,NUMERIC
rpt-network-plng,sitetracker_data,ST_USER,HOME_PAGE_DASHBOARD__C,STRING
rpt-network-plng,sitetracker_data,ST_USER,BIGMACHINES__ALLOW_QUOTE_CREAT,NUMERIC
rpt-network-plng,sitetracker_data,ST_USER,POSID_PLAN__C,STRING
rpt-network-plng,sitetracker_data,ST_USER,PRMSO__PRAMATA_ROLE_NAME__C,STRING
rpt-network-plng,sitetracker_data,ST_USER,PRMSO__PRAMATA_ROLE__C,STRING
rpt-network-plng,sitetracker_data,ST_USER,USERPERMISSIONSKNOWLEDGEUSER,NUMERIC
rpt-network-plng,sitetracker_data,ST_USER,USERPERMISSIONSSUPPORTUSER,NUMERIC
rpt-network-plng,sitetracker_data,ST_USER,USERPERMISSIONSWORKDOTCOMUSERF,NUMERIC
rpt-network-plng,sitetracker_data,ST_USER,USERPERMISSIONSLIVEAGENTUSER,NUMERIC
rpt-network-plng,sitetracker_data,ST_USER,VLOCITY__C,NUMERIC
rpt-network-plng,sitetracker_data,ST_USER,POSITION_ID_UNIQUE__C,STRING
rpt-network-plng,sitetracker_data,ST_USER,OLD_SALLES_ID_TEMP__C,STRING
rpt-network-plng,sitetracker_data,ST_USER,GAINSIGHT_FULL_LICENSE__C,NUMERIC
rpt-network-plng,sitetracker_data,ST_USER,ABM_MARKET_ID__C,STRING
rpt-network-plng,sitetracker_data,ST_USER,LBM_MARKET_ID__C,STRING
rpt-network-plng,sitetracker_data,ST_USER,GAINSIGHT_VIEW_ONLY_LICENSE__C,NUMERIC
rpt-network-plng,sitetracker_data,ST_USER,ALTIFY_SPM_ACCESS__C,NUMERIC
rpt-network-plng,sitetracker_data,ST_USER,POOL_ID__C,STRING
rpt-network-plng,sitetracker_data,ST_USER,APTTUS_LAST_USED_DATE__C,DATE
rpt-network-plng,sitetracker_data,ST_USER,AZURE_TERM_DATE__C,DATE
rpt-network-plng,sitetracker_data,ST_USER,STESR2__EDS_TEAM__C,STRING
rpt-network-plng,sitetracker_data,ST_USER,SITETRACKER_USER__C,NUMERIC
rpt-network-plng,sitetracker_data,ST_USER,AZURE_TERMED__C,NUMERIC
rpt-network-plng,sitetracker_data,ST_USER,IS_USER_MANAGER__C,NUMERIC
rpt-network-plng,sitetracker_data,ST_USER,GS_VIEWALL_FEDERAL__C,NUMERIC
rpt-network-plng,sitetracker_data,ST_USER,GS_VIEWALL_IKLVRE__C,NUMERIC
rpt-network-plng,sitetracker_data,ST_USER,GS_VIEWALL_INDIRECT__C,NUMERIC
rpt-network-plng,sitetracker_data,ST_USER,GS_VIEWALL_INTERNATIONAL__C,NUMERIC
rpt-network-plng,sitetracker_data,ST_USER,GS_VIEWALL_ONSHORE__C,NUMERIC
rpt-network-plng,sitetracker_data,ST_USER,GS_VIEWALL_PUBLICSECTOR__C,NUMERIC
rpt-network-plng,sitetracker_data,ST_USER,GS_VIEWALL_ULTIMATE__C,NUMERIC
rpt-network-plng,sitetracker_data,ST_USER,SECURE_COMPANY__C,STRING
rpt-network-plng,sitetracker_data,ST_USER,GAINSIGHT_VIEW_PLUS_LICENSE__C,NUMERIC
rpt-network-plng,sitetracker_data,ST_USER,LIGHTSPEED_TO_VELOCITY_TRANSIT,NUMERIC
rpt-network-plng,sitetracker_data,ST_USER,BQ_INSERT_TIMESTAMP,TIMESTAMP
rpt-network-plng,sitetracker_data,ST_USER,BQ_UPDATE_TIMESTAMP,TIMESTAMP
rpt-network-plng,sitetracker_data,ST_USER,BQ_INSERT_RUN_ID,STRING
rpt-network-plng,sitetracker_data,ST_USER,BQ_UPDATE_RUN_ID,STRING
rpt-network-plng,sitetracker_data,ST_FXP_SPLITTER_AUGMENT_V,st_project_id,STRING
rpt-network-plng,sitetracker_data,ST_FXP_SPLITTER_AUGMENT_V,project_type,STRING
rpt-network-plng,sitetracker_data,ST_FXP_SPLITTER_AUGMENT_V,state,STRING
rpt-network-plng,sitetracker_data,ST_FXP_SPLITTER_AUGMENT_V,county,STRING
rpt-network-plng,sitetracker_data,ST_FXP_SPLITTER_AUGMENT_V,city,STRING
rpt-network-plng,sitetracker_data,ST_FXP_SPLITTER_AUGMENT_V,exchange_name,STRING
rpt-network-plng,sitetracker_data,ST_FXP_SPLITTER_AUGMENT_V,exchange,STRING
rpt-network-plng,sitetracker_data,ST_FXP_SPLITTER_AUGMENT_V,company_code,STRING
rpt-network-plng,sitetracker_data,ST_FXP_SPLITTER_AUGMENT_V,company_name,STRING
rpt-network-plng,sitetracker_data,ST_FXP_SPLITTER_AUGMENT_V,legacy_company,STRING
rpt-network-plng,sitetracker_data,ST_FXP_SPLITTER_AUGMENT_V,market,STRING
rpt-network-plng,sitetracker_data,ST_FXP_SPLITTER_AUGMENT_V,market_cluster,STRING
rpt-network-plng,sitetracker_data,ST_FXP_SPLITTER_AUGMENT_V,wire_center,STRING
rpt-network-plng,sitetracker_data,ST_FXP_SPLITTER_AUGMENT_V,wire_center_name,STRING
rpt-network-plng,sitetracker_data,ST_FXP_SPLITTER_AUGMENT_V,primary_wire_center_id,STRING
rpt-network-plng,sitetracker_data,ST_FXP_SPLITTER_AUGMENT_V,primary_wire_center_name,STRING
rpt-network-plng,sitetracker_data,ST_FXP_SPLITTER_AUGMENT_V,cost_center,STRING
rpt-network-plng,sitetracker_data,ST_FXP_SPLITTER_AUGMENT_V,fw_project_id,STRING
rpt-network-plng,sitetracker_data,ST_FXP_SPLITTER_AUGMENT_V,osp_eng_director_name,STRING
rpt-network-plng,sitetracker_data,ST_FXP_SPLITTER_AUGMENT_V,osp_eng_director_cuid,STRING
rpt-network-plng,sitetracker_data,ST_FXP_SPLITTER_AUGMENT_V,osp_manager_name,STRING
rpt-network-plng,sitetracker_data,ST_FXP_SPLITTER_AUGMENT_V,osp_manager_cuid,STRING
rpt-network-plng,sitetracker_data,ST_FXP_SPLITTER_AUGMENT_V,osp_engineer_name,STRING
rpt-network-plng,sitetracker_data,ST_FXP_SPLITTER_AUGMENT_V,osp_engineer_cuid,STRING
rpt-network-plng,sitetracker_data,ST_FXP_SPLITTER_AUGMENT_V,responsible_person_name,STRING
rpt-network-plng,sitetracker_data,ST_FXP_SPLITTER_AUGMENT_V,responsible_person_cuid,STRING
rpt-network-plng,sitetracker_data,ST_FXP_SPLITTER_AUGMENT_V,gpon_pm_name,STRING
rpt-network-plng,sitetracker_data,ST_FXP_SPLITTER_AUGMENT_V,gpon_pm_cuid,STRING
rpt-network-plng,sitetracker_data,ST_FXP_SPLITTER_AUGMENT_V,implementation_pm_name,STRING
rpt-network-plng,sitetracker_data,ST_FXP_SPLITTER_AUGMENT_V,implementation_pm_cuid,STRING
rpt-network-plng,sitetracker_data,ST_FXP_SPLITTER_AUGMENT_V,marketing_pm_name,STRING
rpt-network-plng,sitetracker_data,ST_FXP_SPLITTER_AUGMENT_V,marketing_pm_cuid,STRING
rpt-network-plng,sitetracker_data,ST_FXP_SPLITTER_AUGMENT_V,sales_engineer_name,STRING
rpt-network-plng,sitetracker_data,ST_FXP_SPLITTER_AUGMENT_V,sales_engineer_cuid,STRING
rpt-network-plng,sitetracker_data,ST_FXP_SPLITTER_AUGMENT_V,planning_manager_name,STRING
rpt-network-plng,sitetracker_data,ST_FXP_SPLITTER_AUGMENT_V,planning_manager_cuid,STRING
rpt-network-plng,sitetracker_data,ST_FXP_SPLITTER_AUGMENT_V,planner_name,STRING
rpt-network-plng,sitetracker_data,ST_FXP_SPLITTER_AUGMENT_V,planner_cuid,STRING
rpt-network-plng,sitetracker_data,ST_FXP_SPLITTER_AUGMENT_V,construction_coordinator_cuid,STRING
rpt-network-plng,sitetracker_data,ST_FXP_SPLITTER_AUGMENT_V,construction_coordinator_name,STRING
rpt-network-plng,sitetracker_data,ST_FXP_SPLITTER_AUGMENT_V,splicing_supervisor_name,STRING
rpt-network-plng,sitetracker_data,ST_FXP_SPLITTER_AUGMENT_V,splicing_supervisor_cuid,STRING
rpt-network-plng,sitetracker_data,ST_FXP_SPLITTER_AUGMENT_V,ona_name,STRING
rpt-network-plng,sitetracker_data,ST_FXP_SPLITTER_AUGMENT_V,ona_cuid,STRING
rpt-network-plng,sitetracker_data,ST_FXP_SPLITTER_AUGMENT_V,sl_name,STRING
rpt-network-plng,sitetracker_data,ST_FXP_SPLITTER_AUGMENT_V,sl_cuid,STRING
rpt-network-plng,sitetracker_data,ST_FXP_SPLITTER_AUGMENT_V,original_ecd_ncd,TIMESTAMP
rpt-network-plng,sitetracker_data,ST_FXP_SPLITTER_AUGMENT_V,modified_ecd,TIMESTAMP
rpt-network-plng,sitetracker_data,ST_FXP_SPLITTER_AUGMENT_V,ecd_logic,TIMESTAMP
rpt-network-plng,sitetracker_data,ST_FXP_SPLITTER_AUGMENT_V,ml_ecd_logic,TIMESTAMP
rpt-network-plng,sitetracker_data,ST_FXP_SPLITTER_AUGMENT_V,address,STRING
rpt-network-plng,sitetracker_data,ST_FXP_SPLITTER_AUGMENT_V,aerial_attachment_required,STRING
rpt-network-plng,sitetracker_data,ST_FXP_SPLITTER_AUGMENT_V,apo_audit_a,TIMESTAMP
rpt-network-plng,sitetracker_data,ST_FXP_SPLITTER_AUGMENT_V,apo_audit_f,TIMESTAMP
rpt-network-plng,sitetracker_data,ST_FXP_SPLITTER_AUGMENT_V,bid_acceptance_a,TIMESTAMP
rpt-network-plng,sitetracker_data,ST_FXP_SPLITTER_AUGMENT_V,bid_acceptance_f,TIMESTAMP
rpt-network-plng,sitetracker_data,ST_FXP_SPLITTER_AUGMENT_V,bid_creation_a,TIMESTAMP
rpt-network-plng,sitetracker_data,ST_FXP_SPLITTER_AUGMENT_V,bid_creation_f,TIMESTAMP
rpt-network-plng,sitetracker_data,ST_FXP_SPLITTER_AUGMENT_V,bid_posting_a,TIMESTAMP
rpt-network-plng,sitetracker_data,ST_FXP_SPLITTER_AUGMENT_V,bid_posting_f,TIMESTAMP
rpt-network-plng,sitetracker_data,ST_FXP_SPLITTER_AUGMENT_V,bid_vs_lec_vendor_assignment,STRING
rpt-network-plng,sitetracker_data,ST_FXP_SPLITTER_AUGMENT_V,build_circuits_a,TIMESTAMP
rpt-network-plng,sitetracker_data,ST_FXP_SPLITTER_AUGMENT_V,build_circuits_f,TIMESTAMP
rpt-network-plng,sitetracker_data,ST_FXP_SPLITTER_AUGMENT_V,build_or_no_build,STRING
rpt-network-plng,sitetracker_data,ST_FXP_SPLITTER_AUGMENT_V,builder_site_contact_info,STRING
rpt-network-plng,sitetracker_data,ST_FXP_SPLITTER_AUGMENT_V,builder_email,STRING
rpt-network-plng,sitetracker_data,ST_FXP_SPLITTER_AUGMENT_V,builder_name_site_name,STRING
rpt-network-plng,sitetracker_data,ST_FXP_SPLITTER_AUGMENT_V,builder_phone,STRING
rpt-network-plng,sitetracker_data,ST_FXP_SPLITTER_AUGMENT_V,business_case,STRING
rpt-network-plng,sitetracker_data,ST_FXP_SPLITTER_AUGMENT_V,cable_type,STRING
rpt-network-plng,sitetracker_data,ST_FXP_SPLITTER_AUGMENT_V,cad_design_complete_a,TIMESTAMP
rpt-network-plng,sitetracker_data,ST_FXP_SPLITTER_AUGMENT_V,cad_design_complete_f,TIMESTAMP
rpt-network-plng,sitetracker_data,ST_FXP_SPLITTER_AUGMENT_V,cad_design_started_a,TIMESTAMP
rpt-network-plng,sitetracker_data,ST_FXP_SPLITTER_AUGMENT_V,cad_design_started_f,TIMESTAMP
rpt-network-plng,sitetracker_data,ST_FXP_SPLITTER_AUGMENT_V,capital_approval_code,STRING
rpt-network-plng,sitetracker_data,ST_FXP_SPLITTER_AUGMENT_V,card_laser_installed_a,TIMESTAMP
rpt-network-plng,sitetracker_data,ST_FXP_SPLITTER_AUGMENT_V,card_laser_installed_f,TIMESTAMP
rpt-network-plng,sitetracker_data,ST_FXP_SPLITTER_AUGMENT_V,ccid,STRING
rpt-network-plng,sitetracker_data,ST_FXP_SPLITTER_AUGMENT_V,cet_opportunity_id,STRING
rpt-network-plng,sitetracker_data,ST_FXP_SPLITTER_AUGMENT_V,close_financial_tool_a,TIMESTAMP
rpt-network-plng,sitetracker_data,ST_FXP_SPLITTER_AUGMENT_V,close_financial_tool_f,TIMESTAMP
rpt-network-plng,sitetracker_data,ST_FXP_SPLITTER_AUGMENT_V,co_address,STRING
rpt-network-plng,sitetracker_data,ST_FXP_SPLITTER_AUGMENT_V,co_clli,STRING
rpt-network-plng,sitetracker_data,ST_FXP_SPLITTER_AUGMENT_V,co_equip_clli,STRING
rpt-network-plng,sitetracker_data,ST_FXP_SPLITTER_AUGMENT_V,capacity_shortages_identified_a,TIMESTAMP
rpt-network-plng,sitetracker_data,ST_FXP_SPLITTER_AUGMENT_V,capacity_shortages_identified_f,TIMESTAMP
rpt-network-plng,sitetracker_data,ST_FXP_SPLITTER_AUGMENT_V,community_or_serving_area_name,STRING
rpt-network-plng,sitetracker_data,ST_FXP_SPLITTER_AUGMENT_V,competitor,STRING
rpt-network-plng,sitetracker_data,ST_FXP_SPLITTER_AUGMENT_V,construction_category_1,STRING
rpt-network-plng,sitetracker_data,ST_FXP_SPLITTER_AUGMENT_V,construction_category_2,STRING
rpt-network-plng,sitetracker_data,ST_FXP_SPLITTER_AUGMENT_V,construction_vendor_1,STRING
rpt-network-plng,sitetracker_data,ST_FXP_SPLITTER_AUGMENT_V,construction_vendor_2,STRING
rpt-network-plng,sitetracker_data,ST_FXP_SPLITTER_AUGMENT_V,contract_agreement_status,STRING
rpt-network-plng,sitetracker_data,ST_FXP_SPLITTER_AUGMENT_V,cost_estimate_a,TIMESTAMP
rpt-network-plng,sitetracker_data,ST_FXP_SPLITTER_AUGMENT_V,cost_estimate_f,TIMESTAMP
rpt-network-plng,sitetracker_data,ST_FXP_SPLITTER_AUGMENT_V,costing_approval_uploaded,NUMERIC
rpt-network-plng,sitetracker_data,ST_FXP_SPLITTER_AUGMENT_V,current_open_activity,STRING
rpt-network-plng,sitetracker_data,ST_FXP_SPLITTER_AUGMENT_V,date_audit_completed,TIMESTAMP
rpt-network-plng,sitetracker_data,ST_FXP_SPLITTER_AUGMENT_V,date_audit_started,TIMESTAMP
rpt-network-plng,sitetracker_data,ST_FXP_SPLITTER_AUGMENT_V,date_of_post,TIMESTAMP
rpt-network-plng,sitetracker_data,ST_FXP_SPLITTER_AUGMENT_V,dev_type,STRING
rpt-network-plng,sitetracker_data,ST_FXP_SPLITTER_AUGMENT_V,developer_contact_info,STRING
rpt-network-plng,sitetracker_data,ST_FXP_SPLITTER_AUGMENT_V,developer_email,STRING
rpt-network-plng,sitetracker_data,ST_FXP_SPLITTER_AUGMENT_V,developer_name,STRING
rpt-network-plng,sitetracker_data,ST_FXP_SPLITTER_AUGMENT_V,developer_phone,STRING
rpt-network-plng,sitetracker_data,ST_FXP_SPLITTER_AUGMENT_V,development_address,STRING
rpt-network-plng,sitetracker_data,ST_FXP_SPLITTER_AUGMENT_V,easement_required,STRING
rpt-network-plng,sitetracker_data,ST_FXP_SPLITTER_AUGMENT_V,easement_row_received_a,TIMESTAMP
rpt-network-plng,sitetracker_data,ST_FXP_SPLITTER_AUGMENT_V,easement_row_received_f,TIMESTAMP
rpt-network-plng,sitetracker_data,ST_FXP_SPLITTER_AUGMENT_V,easement_row_requested_a,TIMESTAMP
rpt-network-plng,sitetracker_data,ST_FXP_SPLITTER_AUGMENT_V,easement_row_requested_f,TIMESTAMP
rpt-network-plng,sitetracker_data,ST_FXP_SPLITTER_AUGMENT_V,easement_row_required,STRING
rpt-network-plng,sitetracker_data,ST_FXP_SPLITTER_AUGMENT_V,engineering_state,STRING
rpt-network-plng,sitetracker_data,ST_FXP_SPLITTER_AUGMENT_V,engineering_vendor_1,STRING
rpt-network-plng,sitetracker_data,ST_FXP_SPLITTER_AUGMENT_V,engineering_vendor_2,STRING
rpt-network-plng,sitetracker_data,ST_FXP_SPLITTER_AUGMENT_V,engineering_category_1,STRING
rpt-network-plng,sitetracker_data,ST_FXP_SPLITTER_AUGMENT_V,engineering_category_2,STRING
rpt-network-plng,sitetracker_data,ST_FXP_SPLITTER_AUGMENT_V,equipment_planning_a,TIMESTAMP
rpt-network-plng,sitetracker_data,ST_FXP_SPLITTER_AUGMENT_V,equipment_planning_f,TIMESTAMP
rpt-network-plng,sitetracker_data,ST_FXP_SPLITTER_AUGMENT_V,f1_footage_plcg_complete,NUMERIC
rpt-network-plng,sitetracker_data,ST_FXP_SPLITTER_AUGMENT_V,f1_footage_spl_complete,NUMERIC
rpt-network-plng,sitetracker_data,ST_FXP_SPLITTER_AUGMENT_V,f1_plcg_percentage_complete,NUMERIC
rpt-network-plng,sitetracker_data,ST_FXP_SPLITTER_AUGMENT_V,f1_spl_percentage_complete,NUMERIC
rpt-network-plng,sitetracker_data,ST_FXP_SPLITTER_AUGMENT_V,f2_footage_plcg_complete,NUMERIC
rpt-network-plng,sitetracker_data,ST_FXP_SPLITTER_AUGMENT_V,f2_footage_spl_complete,NUMERIC
rpt-network-plng,sitetracker_data,ST_FXP_SPLITTER_AUGMENT_V,f2_plcg_percentage_complete,NUMERIC
rpt-network-plng,sitetracker_data,ST_FXP_SPLITTER_AUGMENT_V,f2_spl_percentage_complete,NUMERIC
rpt-network-plng,sitetracker_data,ST_FXP_SPLITTER_AUGMENT_V,feed_fiber_name_and_count,STRING
rpt-network-plng,sitetracker_data,ST_FXP_SPLITTER_AUGMENT_V,fiber_db_loss,STRING
rpt-network-plng,sitetracker_data,ST_FXP_SPLITTER_AUGMENT_V,fiber_distance,STRING
rpt-network-plng,sitetracker_data,ST_FXP_SPLITTER_AUGMENT_V,fiber_planning_a,TIMESTAMP
rpt-network-plng,sitetracker_data,ST_FXP_SPLITTER_AUGMENT_V,fiber_planning_f,TIMESTAMP
rpt-network-plng,sitetracker_data,ST_FXP_SPLITTER_AUGMENT_V,field_type,STRING
rpt-network-plng,sitetracker_data,ST_FXP_SPLITTER_AUGMENT_V,first_service_fire_alarm_elevator,STRING
rpt-network-plng,sitetracker_data,ST_FXP_SPLITTER_AUGMENT_V,cms_review_e7_2_shelves_only_a,TIMESTAMP
rpt-network-plng,sitetracker_data,ST_FXP_SPLITTER_AUGMENT_V,cms_review_e7_2_shelves_only_f,TIMESTAMP
rpt-network-plng,sitetracker_data,ST_FXP_SPLITTER_AUGMENT_V,finalize_network_design_a,TIMESTAMP
rpt-network-plng,sitetracker_data,ST_FXP_SPLITTER_AUGMENT_V,finalize_network_design_f,TIMESTAMP
rpt-network-plng,sitetracker_data,ST_FXP_SPLITTER_AUGMENT_V,finalize_all_vendor_invoicing_a,TIMESTAMP
rpt-network-plng,sitetracker_data,ST_FXP_SPLITTER_AUGMENT_V,finalize_all_vendor_invoicing_f,TIMESTAMP
rpt-network-plng,sitetracker_data,ST_FXP_SPLITTER_AUGMENT_V,first_occ_out_of_sync_with_salesforce,NUMERIC
rpt-network-plng,sitetracker_data,ST_FXP_SPLITTER_AUGMENT_V,first_occupancy_tgt_dt,TIMESTAMP
rpt-network-plng,sitetracker_data,ST_FXP_SPLITTER_AUGMENT_V,flag_for_deletion,NUMERIC
rpt-network-plng,sitetracker_data,ST_FXP_SPLITTER_AUGMENT_V,flag_for_migration,NUMERIC
rpt-network-plng,sitetracker_data,ST_FXP_SPLITTER_AUGMENT_V,frame,STRING
rpt-network-plng,sitetracker_data,ST_FXP_SPLITTER_AUGMENT_V,fsai_address,STRING
rpt-network-plng,sitetracker_data,ST_FXP_SPLITTER_AUGMENT_V,fsai_clli,STRING
rpt-network-plng,sitetracker_data,ST_FXP_SPLITTER_AUGMENT_V,fsai_manufacturer,STRING
rpt-network-plng,sitetracker_data,ST_FXP_SPLITTER_AUGMENT_V,fsai_size,STRING
rpt-network-plng,sitetracker_data,ST_FXP_SPLITTER_AUGMENT_V,fsai_taper_da_code,STRING
rpt-network-plng,sitetracker_data,ST_FXP_SPLITTER_AUGMENT_V,fsai_to_ont_s,STRING
rpt-network-plng,sitetracker_data,ST_FXP_SPLITTER_AUGMENT_V,fthgn_name_and_count,STRING
rpt-network-plng,sitetracker_data,ST_FXP_SPLITTER_AUGMENT_V,funding_request_decision_a,TIMESTAMP
rpt-network-plng,sitetracker_data,ST_FXP_SPLITTER_AUGMENT_V,funding_request_decision_f,TIMESTAMP
rpt-network-plng,sitetracker_data,ST_FXP_SPLITTER_AUGMENT_V,funding_request_submitted_a,TIMESTAMP
rpt-network-plng,sitetracker_data,ST_FXP_SPLITTER_AUGMENT_V,funding_request_submitted_f,TIMESTAMP
rpt-network-plng,sitetracker_data,ST_FXP_SPLITTER_AUGMENT_V,furthest_completed_activity,STRING
rpt-network-plng,sitetracker_data,ST_FXP_SPLITTER_AUGMENT_V,gratis,STRING
rpt-network-plng,sitetracker_data,ST_FXP_SPLITTER_AUGMENT_V,gratis_order,STRING
rpt-network-plng,sitetracker_data,ST_FXP_SPLITTER_AUGMENT_V,handed_off_to_engineer_a,TIMESTAMP
rpt-network-plng,sitetracker_data,ST_FXP_SPLITTER_AUGMENT_V,handed_off_to_engineer_f,TIMESTAMP
rpt-network-plng,sitetracker_data,ST_FXP_SPLITTER_AUGMENT_V,held_order_id,STRING
rpt-network-plng,sitetracker_data,ST_FXP_SPLITTER_AUGMENT_V,inventory_complete_a,TIMESTAMP
rpt-network-plng,sitetracker_data,ST_FXP_SPLITTER_AUGMENT_V,inventory_complete_f,TIMESTAMP
rpt-network-plng,sitetracker_data,ST_FXP_SPLITTER_AUGMENT_V,imp_lus_out_of_sync_with_salesforce,NUMERIC
rpt-network-plng,sitetracker_data,ST_FXP_SPLITTER_AUGMENT_V,imp_pm_out_of_sync_with_salesforce,NUMERIC
rpt-network-plng,sitetracker_data,ST_FXP_SPLITTER_AUGMENT_V,inventory_stack,STRING
rpt-network-plng,sitetracker_data,ST_FXP_SPLITTER_AUGMENT_V,investment_reason,STRING
rpt-network-plng,sitetracker_data,ST_FXP_SPLITTER_AUGMENT_V,joint_trench_ready_date,TIMESTAMP
rpt-network-plng,sitetracker_data,ST_FXP_SPLITTER_AUGMENT_V,latitude,STRING
rpt-network-plng,sitetracker_data,ST_FXP_SPLITTER_AUGMENT_V,leep_f1_portion_a,TIMESTAMP
rpt-network-plng,sitetracker_data,ST_FXP_SPLITTER_AUGMENT_V,leep_f1_portion_f,TIMESTAMP
rpt-network-plng,sitetracker_data,ST_FXP_SPLITTER_AUGMENT_V,leep_f2_portion_a,TIMESTAMP
rpt-network-plng,sitetracker_data,ST_FXP_SPLITTER_AUGMENT_V,leep_f2_portion_f,TIMESTAMP
rpt-network-plng,sitetracker_data,ST_FXP_SPLITTER_AUGMENT_V,len_assignments,STRING
rpt-network-plng,sitetracker_data,ST_FXP_SPLITTER_AUGMENT_V,longitude,STRING
rpt-network-plng,sitetracker_data,ST_FXP_SPLITTER_AUGMENT_V,lu_missed_on_complete,NUMERIC
rpt-network-plng,sitetracker_data,ST_FXP_SPLITTER_AUGMENT_V,make_ready_cost_s,NUMERIC
rpt-network-plng,sitetracker_data,ST_FXP_SPLITTER_AUGMENT_V,make_ready_cost_p,NUMERIC
rpt-network-plng,sitetracker_data,ST_FXP_SPLITTER_AUGMENT_V,make_ready_construction_est_cmp_p,TIMESTAMP
rpt-network-plng,sitetracker_data,ST_FXP_SPLITTER_AUGMENT_V,make_ready_construction_est_cmp_s,TIMESTAMP
rpt-network-plng,sitetracker_data,ST_FXP_SPLITTER_AUGMENT_V,make_ready_estimate_received_a,TIMESTAMP
rpt-network-plng,sitetracker_data,ST_FXP_SPLITTER_AUGMENT_V,make_ready_estimate_received_f,TIMESTAMP
rpt-network-plng,sitetracker_data,ST_FXP_SPLITTER_AUGMENT_V,make_ready_payment_submitted_a,TIMESTAMP
rpt-network-plng,sitetracker_data,ST_FXP_SPLITTER_AUGMENT_V,make_ready_payment_submitted_f,TIMESTAMP
rpt-network-plng,sitetracker_data,ST_FXP_SPLITTER_AUGMENT_V,make_ready_required,STRING
rpt-network-plng,sitetracker_data,ST_FXP_SPLITTER_AUGMENT_V,manual_ols_load_layer_1_a,TIMESTAMP
rpt-network-plng,sitetracker_data,ST_FXP_SPLITTER_AUGMENT_V,manual_ols_load_layer_1_f,TIMESTAMP
rpt-network-plng,sitetracker_data,ST_FXP_SPLITTER_AUGMENT_V,manual_ols_received,TIMESTAMP
rpt-network-plng,sitetracker_data,ST_FXP_SPLITTER_AUGMENT_V,materials_received_a,TIMESTAMP
rpt-network-plng,sitetracker_data,ST_FXP_SPLITTER_AUGMENT_V,materials_received_f,TIMESTAMP
rpt-network-plng,sitetracker_data,ST_FXP_SPLITTER_AUGMENT_V,mktg_contact_company,STRING
rpt-network-plng,sitetracker_data,ST_FXP_SPLITTER_AUGMENT_V,mktg_company_address,STRING
rpt-network-plng,sitetracker_data,ST_FXP_SPLITTER_AUGMENT_V,mktg_contact_email,STRING
rpt-network-plng,sitetracker_data,ST_FXP_SPLITTER_AUGMENT_V,mktg_contact_phone,STRING
rpt-network-plng,sitetracker_data,ST_FXP_SPLITTER_AUGMENT_V,mktg_contact_type,STRING
rpt-network-plng,sitetracker_data,ST_FXP_SPLITTER_AUGMENT_V,nds_qf_qm_error_cleanup_a,TIMESTAMP
rpt-network-plng,sitetracker_data,ST_FXP_SPLITTER_AUGMENT_V,nds_qf_qm_error_cleanup_f,TIMESTAMP
rpt-network-plng,sitetracker_data,ST_FXP_SPLITTER_AUGMENT_V,nds_project_name,STRING
rpt-network-plng,sitetracker_data,ST_FXP_SPLITTER_AUGMENT_V,nds_project_number,STRING
rpt-network-plng,sitetracker_data,ST_FXP_SPLITTER_AUGMENT_V,nds_user_id,STRING
rpt-network-plng,sitetracker_data,ST_FXP_SPLITTER_AUGMENT_V,new_or_existing_fsai,STRING
rpt-network-plng,sitetracker_data,ST_FXP_SPLITTER_AUGMENT_V,ni_accepted_handoff_a,TIMESTAMP
rpt-network-plng,sitetracker_data,ST_FXP_SPLITTER_AUGMENT_V,ni_accepted_handoff_f,TIMESTAMP
rpt-network-plng,sitetracker_data,ST_FXP_SPLITTER_AUGMENT_V,no_build_comments,STRING
rpt-network-plng,sitetracker_data,ST_FXP_SPLITTER_AUGMENT_V,num_of_permits_submitted_p,NUMERIC
rpt-network-plng,sitetracker_data,ST_FXP_SPLITTER_AUGMENT_V,num_of_permits_submitted_s,NUMERIC
rpt-network-plng,sitetracker_data,ST_FXP_SPLITTER_AUGMENT_V,num_of_splitters_being_placed,NUMERIC
rpt-network-plng,sitetracker_data,ST_FXP_SPLITTER_AUGMENT_V,number_of_lus,NUMERIC
rpt-network-plng,sitetracker_data,ST_FXP_SPLITTER_AUGMENT_V,number_of_poles_p,NUMERIC
rpt-network-plng,sitetracker_data,ST_FXP_SPLITTER_AUGMENT_V,number_of_poles_s,NUMERIC
rpt-network-plng,sitetracker_data,ST_FXP_SPLITTER_AUGMENT_V,odin_load_layer_1_a,TIMESTAMP
rpt-network-plng,sitetracker_data,ST_FXP_SPLITTER_AUGMENT_V,odin_load_layer_1_f,TIMESTAMP
rpt-network-plng,sitetracker_data,ST_FXP_SPLITTER_AUGMENT_V,odin_layer_2_3_ta_path_device_info_a,TIMESTAMP
rpt-network-plng,sitetracker_data,ST_FXP_SPLITTER_AUGMENT_V,odin_layer_2_3_ta_path_device_info_f,TIMESTAMP
rpt-network-plng,sitetracker_data,ST_FXP_SPLITTER_AUGMENT_V,odin_load_layer_2_3_sasktel_load_a,TIMESTAMP
rpt-network-plng,sitetracker_data,ST_FXP_SPLITTER_AUGMENT_V,odin_load_layer_2_3_sasktel_load_f,TIMESTAMP
rpt-network-plng,sitetracker_data,ST_FXP_SPLITTER_AUGMENT_V,olt,STRING
rpt-network-plng,sitetracker_data,ST_FXP_SPLITTER_AUGMENT_V,olt_f1_fiber_splitter_assignment,STRING
rpt-network-plng,sitetracker_data,ST_FXP_SPLITTER_AUGMENT_V,olt_address,STRING
rpt-network-plng,sitetracker_data,ST_FXP_SPLITTER_AUGMENT_V,olt_card,STRING
rpt-network-plng,sitetracker_data,ST_FXP_SPLITTER_AUGMENT_V,olt_clli,STRING
rpt-network-plng,sitetracker_data,ST_FXP_SPLITTER_AUGMENT_V,olt_configuration,STRING
rpt-network-plng,sitetracker_data,ST_FXP_SPLITTER_AUGMENT_V,olt_count,STRING
rpt-network-plng,sitetracker_data,ST_FXP_SPLITTER_AUGMENT_V,olt_location,STRING
rpt-network-plng,sitetracker_data,ST_FXP_SPLITTER_AUGMENT_V,olt_manufacturer_type,STRING
rpt-network-plng,sitetracker_data,ST_FXP_SPLITTER_AUGMENT_V,olt_ports,STRING
rpt-network-plng,sitetracker_data,ST_FXP_SPLITTER_AUGMENT_V,olt_shelf,STRING
rpt-network-plng,sitetracker_data,ST_FXP_SPLITTER_AUGMENT_V,olt_to_fsai,STRING
rpt-network-plng,sitetracker_data,ST_FXP_SPLITTER_AUGMENT_V,olt_type,STRING
rpt-network-plng,sitetracker_data,ST_FXP_SPLITTER_AUGMENT_V,on_time,STRING
rpt-network-plng,sitetracker_data,ST_FXP_SPLITTER_AUGMENT_V,ont_type,STRING
rpt-network-plng,sitetracker_data,ST_FXP_SPLITTER_AUGMENT_V,order_materials_a,TIMESTAMP
rpt-network-plng,sitetracker_data,ST_FXP_SPLITTER_AUGMENT_V,order_materials_f,TIMESTAMP
rpt-network-plng,sitetracker_data,ST_FXP_SPLITTER_AUGMENT_V,osp_construction_complete_a,TIMESTAMP
rpt-network-plng,sitetracker_data,ST_FXP_SPLITTER_AUGMENT_V,osp_construction_complete_f,TIMESTAMP
rpt-network-plng,sitetracker_data,ST_FXP_SPLITTER_AUGMENT_V,osp_construction_start_a,TIMESTAMP
rpt-network-plng,sitetracker_data,ST_FXP_SPLITTER_AUGMENT_V,partial_rfs_received,TIMESTAMP
rpt-network-plng,sitetracker_data,ST_FXP_SPLITTER_AUGMENT_V,path_to_layer_1,STRING
rpt-network-plng,sitetracker_data,ST_FXP_SPLITTER_AUGMENT_V,permit_fee,NUMERIC
rpt-network-plng,sitetracker_data,ST_FXP_SPLITTER_AUGMENT_V,permit_fee_s,NUMERIC
rpt-network-plng,sitetracker_data,ST_FXP_SPLITTER_AUGMENT_V,permits_received_a,TIMESTAMP
rpt-network-plng,sitetracker_data,ST_FXP_SPLITTER_AUGMENT_V,permits_received_f,TIMESTAMP
rpt-network-plng,sitetracker_data,ST_FXP_SPLITTER_AUGMENT_V,permits_required,STRING
rpt-network-plng,sitetracker_data,ST_FXP_SPLITTER_AUGMENT_V,permits_submitted_a,TIMESTAMP
rpt-network-plng,sitetracker_data,ST_FXP_SPLITTER_AUGMENT_V,permits_submitted_f,TIMESTAMP
rpt-network-plng,sitetracker_data,ST_FXP_SPLITTER_AUGMENT_V,phase_lus_out_of_sync_with_salesforce,NUMERIC
rpt-network-plng,sitetracker_data,ST_FXP_SPLITTER_AUGMENT_V,placing_a,TIMESTAMP
rpt-network-plng,sitetracker_data,ST_FXP_SPLITTER_AUGMENT_V,placing_f,TIMESTAMP
rpt-network-plng,sitetracker_data,ST_FXP_SPLITTER_AUGMENT_V,planning_handoff_complete_a,TIMESTAMP
rpt-network-plng,sitetracker_data,ST_FXP_SPLITTER_AUGMENT_V,planning_handoff_complete_f,TIMESTAMP
rpt-network-plng,sitetracker_data,ST_FXP_SPLITTER_AUGMENT_V,plats_uploaded,NUMERIC
rpt-network-plng,sitetracker_data,ST_FXP_SPLITTER_AUGMENT_V,poles_denied_s,NUMERIC
rpt-network-plng,sitetracker_data,ST_FXP_SPLITTER_AUGMENT_V,polygon_ecd,TIMESTAMP
rpt-network-plng,sitetracker_data,ST_FXP_SPLITTER_AUGMENT_V,polygon_id,STRING
rpt-network-plng,sitetracker_data,ST_FXP_SPLITTER_AUGMENT_V,polygon_in_service,STRING
rpt-network-plng,sitetracker_data,ST_FXP_SPLITTER_AUGMENT_V,polygon_in_service_date,TIMESTAMP
rpt-network-plng,sitetracker_data,ST_FXP_SPLITTER_AUGMENT_V,polygon_status,STRING
rpt-network-plng,sitetracker_data,ST_FXP_SPLITTER_AUGMENT_V,ports,STRING
rpt-network-plng,sitetracker_data,ST_FXP_SPLITTER_AUGMENT_V,power_company_name,STRING
rpt-network-plng,sitetracker_data,ST_FXP_SPLITTER_AUGMENT_V,power_source,STRING
rpt-network-plng,sitetracker_data,ST_FXP_SPLITTER_AUGMENT_V,power_source_location,STRING
rpt-network-plng,sitetracker_data,ST_FXP_SPLITTER_AUGMENT_V,premise_ready,TIMESTAMP
rpt-network-plng,sitetracker_data,ST_FXP_SPLITTER_AUGMENT_V,primary_power_company_name,STRING
rpt-network-plng,sitetracker_data,ST_FXP_SPLITTER_AUGMENT_V,program_name,STRING
rpt-network-plng,sitetracker_data,ST_FXP_SPLITTER_AUGMENT_V,project_audit_comments,STRING
rpt-network-plng,sitetracker_data,ST_FXP_SPLITTER_AUGMENT_V,project_audit_requested,NUMERIC
rpt-network-plng,sitetracker_data,ST_FXP_SPLITTER_AUGMENT_V,project_comments_history_long_text,STRING
rpt-network-plng,sitetracker_data,ST_FXP_SPLITTER_AUGMENT_V,project_comments_long_text,STRING
rpt-network-plng,sitetracker_data,ST_FXP_SPLITTER_AUGMENT_V,project_fiber_aerial_footage,NUMERIC
rpt-network-plng,sitetracker_data,ST_FXP_SPLITTER_AUGMENT_V,project_fiber_buried_ug_footage,NUMERIC
rpt-network-plng,sitetracker_data,ST_FXP_SPLITTER_AUGMENT_V,project_fiber_footage,NUMERIC
rpt-network-plng,sitetracker_data,ST_FXP_SPLITTER_AUGMENT_V,project_fiber_plcg_footage_complete,NUMERIC
rpt-network-plng,sitetracker_data,ST_FXP_SPLITTER_AUGMENT_V,project_fiber_plcg_percentage,NUMERIC
rpt-network-plng,sitetracker_data,ST_FXP_SPLITTER_AUGMENT_V,project_fiber_spl_percentage,NUMERIC
rpt-network-plng,sitetracker_data,ST_FXP_SPLITTER_AUGMENT_V,project_status,STRING
rpt-network-plng,sitetracker_data,ST_FXP_SPLITTER_AUGMENT_V,project_status_override,NUMERIC
rpt-network-plng,sitetracker_data,ST_FXP_SPLITTER_AUGMENT_V,project_status_override_reason,STRING
rpt-network-plng,sitetracker_data,ST_FXP_SPLITTER_AUGMENT_V,project_name,STRING
rpt-network-plng,sitetracker_data,ST_FXP_SPLITTER_AUGMENT_V,provisioning_complete_a,TIMESTAMP
rpt-network-plng,sitetracker_data,ST_FXP_SPLITTER_AUGMENT_V,provisioning_complete_f,TIMESTAMP
rpt-network-plng,sitetracker_data,ST_FXP_SPLITTER_AUGMENT_V,pta_pole_application_submitted_a,TIMESTAMP
rpt-network-plng,sitetracker_data,ST_FXP_SPLITTER_AUGMENT_V,pta_pole_application_submitted_f,TIMESTAMP
rpt-network-plng,sitetracker_data,ST_FXP_SPLITTER_AUGMENT_V,pta_received_from_pole_owner_a,TIMESTAMP
rpt-network-plng,sitetracker_data,ST_FXP_SPLITTER_AUGMENT_V,pta_received_from_pole_owner_f,TIMESTAMP
rpt-network-plng,sitetracker_data,ST_FXP_SPLITTER_AUGMENT_V,pta_vendor_p,STRING
rpt-network-plng,sitetracker_data,ST_FXP_SPLITTER_AUGMENT_V,pta_vendor_s,STRING
rpt-network-plng,sitetracker_data,ST_FXP_SPLITTER_AUGMENT_V,pta_vendor_assignment_p,STRING
rpt-network-plng,sitetracker_data,ST_FXP_SPLITTER_AUGMENT_V,pta_vendor_assignment_s,STRING
rpt-network-plng,sitetracker_data,ST_FXP_SPLITTER_AUGMENT_V,pun_form_a,TIMESTAMP
rpt-network-plng,sitetracker_data,ST_FXP_SPLITTER_AUGMENT_V,pun_form_f,TIMESTAMP
rpt-network-plng,sitetracker_data,ST_FXP_SPLITTER_AUGMENT_V,qf_automation_posted_to_top_a,TIMESTAMP
rpt-network-plng,sitetracker_data,ST_FXP_SPLITTER_AUGMENT_V,qf_automation_posted_to_top_f,TIMESTAMP
rpt-network-plng,sitetracker_data,ST_FXP_SPLITTER_AUGMENT_V,record_updates_final_post_a,TIMESTAMP
rpt-network-plng,sitetracker_data,ST_FXP_SPLITTER_AUGMENT_V,record_updates_final_post_f,TIMESTAMP
rpt-network-plng,sitetracker_data,ST_FXP_SPLITTER_AUGMENT_V,reject_flag,NUMERIC
rpt-network-plng,sitetracker_data,ST_FXP_SPLITTER_AUGMENT_V,related_fiber_footage,NUMERIC
rpt-network-plng,sitetracker_data,ST_FXP_SPLITTER_AUGMENT_V,related_f1_footage_plcg_complete,NUMERIC
rpt-network-plng,sitetracker_data,ST_FXP_SPLITTER_AUGMENT_V,related_f1_footage_spl_complete,NUMERIC
rpt-network-plng,sitetracker_data,ST_FXP_SPLITTER_AUGMENT_V,related_f1_plcg_percentage_complete,NUMERIC
rpt-network-plng,sitetracker_data,ST_FXP_SPLITTER_AUGMENT_V,related_f1_spl_percentage_complete,NUMERIC
rpt-network-plng,sitetracker_data,ST_FXP_SPLITTER_AUGMENT_V,related_f2_footage_plcg_complete,NUMERIC
rpt-network-plng,sitetracker_data,ST_FXP_SPLITTER_AUGMENT_V,related_f2_footage_spl_complete,NUMERIC
rpt-network-plng,sitetracker_data,ST_FXP_SPLITTER_AUGMENT_V,related_f2_plcg_percentage_complete,NUMERIC
rpt-network-plng,sitetracker_data,ST_FXP_SPLITTER_AUGMENT_V,related_f2_spl_percentage_complete,NUMERIC
rpt-network-plng,sitetracker_data,ST_FXP_SPLITTER_AUGMENT_V,related_fiber_aerial_footage,NUMERIC
rpt-network-plng,sitetracker_data,ST_FXP_SPLITTER_AUGMENT_V,related_fiber_buried_ug_footage,NUMERIC
rpt-network-plng,sitetracker_data,ST_FXP_SPLITTER_AUGMENT_V,related_fiber_plcg_footage_complete,NUMERIC
rpt-network-plng,sitetracker_data,ST_FXP_SPLITTER_AUGMENT_V,related_fiber_plcg_percentage,NUMERIC
rpt-network-plng,sitetracker_data,ST_FXP_SPLITTER_AUGMENT_V,related_fiber_spl_footage_complete,NUMERIC
rpt-network-plng,sitetracker_data,ST_FXP_SPLITTER_AUGMENT_V,related_fiber_spl_percentage,NUMERIC
rpt-network-plng,sitetracker_data,ST_FXP_SPLITTER_AUGMENT_V,related_isp_osp_projects_complete_a,TIMESTAMP
rpt-network-plng,sitetracker_data,ST_FXP_SPLITTER_AUGMENT_V,related_isp_osp_projects_complete_f,TIMESTAMP
rpt-network-plng,sitetracker_data,ST_FXP_SPLITTER_AUGMENT_V,relay_rack,STRING
rpt-network-plng,sitetracker_data,ST_FXP_SPLITTER_AUGMENT_V,released_to_construction_a,TIMESTAMP
rpt-network-plng,sitetracker_data,ST_FXP_SPLITTER_AUGMENT_V,released_to_construction_f,TIMESTAMP
rpt-network-plng,sitetracker_data,ST_FXP_SPLITTER_AUGMENT_V,review_in_staging_a,TIMESTAMP
rpt-network-plng,sitetracker_data,ST_FXP_SPLITTER_AUGMENT_V,review_in_staging_f,TIMESTAMP
rpt-network-plng,sitetracker_data,ST_FXP_SPLITTER_AUGMENT_V,sales_osr_contact,STRING
rpt-network-plng,sitetracker_data,ST_FXP_SPLITTER_AUGMENT_V,saleforce_phase_record,STRING
rpt-network-plng,sitetracker_data,ST_FXP_SPLITTER_AUGMENT_V,sap_system_status,STRING
rpt-network-plng,sitetracker_data,ST_FXP_SPLITTER_AUGMENT_V,sf_implementation_key,STRING
rpt-network-plng,sitetracker_data,ST_FXP_SPLITTER_AUGMENT_V,secondary_power_company_name,STRING
rpt-network-plng,sitetracker_data,ST_FXP_SPLITTER_AUGMENT_V,segment,STRING
rpt-network-plng,sitetracker_data,ST_FXP_SPLITTER_AUGMENT_V,service_area,STRING
rpt-network-plng,sitetracker_data,ST_FXP_SPLITTER_AUGMENT_V,shelf,STRING
rpt-network-plng,sitetracker_data,ST_FXP_SPLITTER_AUGMENT_V,sow_num_of_lus,NUMERIC
rpt-network-plng,sitetracker_data,ST_FXP_SPLITTER_AUGMENT_V,sitewalk_completed_a,TIMESTAMP
rpt-network-plng,sitetracker_data,ST_FXP_SPLITTER_AUGMENT_V,sitewalk_completed_f,TIMESTAMP
rpt-network-plng,sitetracker_data,ST_FXP_SPLITTER_AUGMENT_V,sitewalk_handed_off_a,TIMESTAMP
rpt-network-plng,sitetracker_data,ST_FXP_SPLITTER_AUGMENT_V,sitewalk_handed_off_f,TIMESTAMP
rpt-network-plng,sitetracker_data,ST_FXP_SPLITTER_AUGMENT_V,sitewalk_required,STRING
rpt-network-plng,sitetracker_data,ST_FXP_SPLITTER_AUGMENT_V,sitewalk_start_a,TIMESTAMP
rpt-network-plng,sitetracker_data,ST_FXP_SPLITTER_AUGMENT_V,sitewalk_start_f,TIMESTAMP
rpt-network-plng,sitetracker_data,ST_FXP_SPLITTER_AUGMENT_V,sitewalk_vendor_1,STRING
rpt-network-plng,sitetracker_data,ST_FXP_SPLITTER_AUGMENT_V,sitewalk_vendor_2,STRING
rpt-network-plng,sitetracker_data,ST_FXP_SPLITTER_AUGMENT_V,sitewalk_category_1,STRING
rpt-network-plng,sitetracker_data,ST_FXP_SPLITTER_AUGMENT_V,sitewalk_category_2,STRING
rpt-network-plng,sitetracker_data,ST_FXP_SPLITTER_AUGMENT_V,splicing_a,TIMESTAMP
rpt-network-plng,sitetracker_data,ST_FXP_SPLITTER_AUGMENT_V,splicing_f,TIMESTAMP
rpt-network-plng,sitetracker_data,ST_FXP_SPLITTER_AUGMENT_V,splitter_size,STRING
rpt-network-plng,sitetracker_data,ST_FXP_SPLITTER_AUGMENT_V,star_id_1,STRING
rpt-network-plng,sitetracker_data,ST_FXP_SPLITTER_AUGMENT_V,star_id_2,STRING
rpt-network-plng,sitetracker_data,ST_FXP_SPLITTER_AUGMENT_V,star_id_3,STRING
rpt-network-plng,sitetracker_data,ST_FXP_SPLITTER_AUGMENT_V,star_id_4,STRING
rpt-network-plng,sitetracker_data,ST_FXP_SPLITTER_AUGMENT_V,star_id_5,STRING
rpt-network-plng,sitetracker_data,ST_FXP_SPLITTER_AUGMENT_V,star_id_6,STRING
rpt-network-plng,sitetracker_data,ST_FXP_SPLITTER_AUGMENT_V,star_id_7,STRING
rpt-network-plng,sitetracker_data,ST_FXP_SPLITTER_AUGMENT_V,star_id_8,STRING
rpt-network-plng,sitetracker_data,ST_FXP_SPLITTER_AUGMENT_V,star_id_9,STRING
rpt-network-plng,sitetracker_data,ST_FXP_SPLITTER_AUGMENT_V,star_id_10,STRING
rpt-network-plng,sitetracker_data,ST_FXP_SPLITTER_AUGMENT_V,star_id_11,STRING
rpt-network-plng,sitetracker_data,ST_FXP_SPLITTER_AUGMENT_V,star_id_12,STRING
rpt-network-plng,sitetracker_data,ST_FXP_SPLITTER_AUGMENT_V,star_id_13,STRING
rpt-network-plng,sitetracker_data,ST_FXP_SPLITTER_AUGMENT_V,star_id_14,STRING
rpt-network-plng,sitetracker_data,ST_FXP_SPLITTER_AUGMENT_V,star_id_15,STRING
rpt-network-plng,sitetracker_data,ST_FXP_SPLITTER_AUGMENT_V,star_id_16,STRING
rpt-network-plng,sitetracker_data,ST_FXP_SPLITTER_AUGMENT_V,star_id_17,STRING
rpt-network-plng,sitetracker_data,ST_FXP_SPLITTER_AUGMENT_V,star_id_18,STRING
rpt-network-plng,sitetracker_data,ST_FXP_SPLITTER_AUGMENT_V,star_id_19,STRING
rpt-network-plng,sitetracker_data,ST_FXP_SPLITTER_AUGMENT_V,star_id_20,STRING
rpt-network-plng,sitetracker_data,ST_FXP_SPLITTER_AUGMENT_V,submitted_to_prod_a,TIMESTAMP
rpt-network-plng,sitetracker_data,ST_FXP_SPLITTER_AUGMENT_V,submitted_to_prod_f,TIMESTAMP
rpt-network-plng,sitetracker_data,ST_FXP_SPLITTER_AUGMENT_V,submitted_to_staging_a,TIMESTAMP
rpt-network-plng,sitetracker_data,ST_FXP_SPLITTER_AUGMENT_V,submitted_to_staging_f,TIMESTAMP
rpt-network-plng,sitetracker_data,ST_FXP_SPLITTER_AUGMENT_V,success_in_prod_a,TIMESTAMP
rpt-network-plng,sitetracker_data,ST_FXP_SPLITTER_AUGMENT_V,success_in_prod_f,TIMESTAMP
rpt-network-plng,sitetracker_data,ST_FXP_SPLITTER_AUGMENT_V,svc_delivery,STRING
rpt-network-plng,sitetracker_data,ST_FXP_SPLITTER_AUGMENT_V,tdm_required,STRING
rpt-network-plng,sitetracker_data,ST_FXP_SPLITTER_AUGMENT_V,technically_complete_a,TIMESTAMP
rpt-network-plng,sitetracker_data,ST_FXP_SPLITTER_AUGMENT_V,technically_complete_f,TIMESTAMP
rpt-network-plng,sitetracker_data,ST_FXP_SPLITTER_AUGMENT_V,tid,STRING
rpt-network-plng,sitetracker_data,ST_FXP_SPLITTER_AUGMENT_V,tie_pair_name,STRING
rpt-network-plng,sitetracker_data,ST_FXP_SPLITTER_AUGMENT_V,total_fiber_aerial_footage,NUMERIC
rpt-network-plng,sitetracker_data,ST_FXP_SPLITTER_AUGMENT_V,total_fiber_footage,NUMERIC
rpt-network-plng,sitetracker_data,ST_FXP_SPLITTER_AUGMENT_V,third_party_make_ready_estimate,TIMESTAMP
rpt-network-plng,sitetracker_data,ST_FXP_SPLITTER_AUGMENT_V,tirks_eqpmt_inventory_e1_completed_a,TIMESTAMP
rpt-network-plng,sitetracker_data,ST_FXP_SPLITTER_AUGMENT_V,tirks_eqpmt_inventory_e1_completed_f,TIMESTAMP
rpt-network-plng,sitetracker_data,ST_FXP_SPLITTER_AUGMENT_V,tirks_fiber_inventory_f1_completed_a,TIMESTAMP
rpt-network-plng,sitetracker_data,ST_FXP_SPLITTER_AUGMENT_V,tirks_fiber_inventory_f1_completed_f,TIMESTAMP
rpt-network-plng,sitetracker_data,ST_FXP_SPLITTER_AUGMENT_V,total_fiber_buried_ug_footage,NUMERIC
rpt-network-plng,sitetracker_data,ST_FXP_SPLITTER_AUGMENT_V,total_fiber_plcg_footage_complete,NUMERIC
rpt-network-plng,sitetracker_data,ST_FXP_SPLITTER_AUGMENT_V,total_fiber_spl_footage_complete,NUMERIC
rpt-network-plng,sitetracker_data,ST_FXP_SPLITTER_AUGMENT_V,total_fiber_plcg_percentage,NUMERIC
rpt-network-plng,sitetracker_data,ST_FXP_SPLITTER_AUGMENT_V,total_fiber_spl_percentage,NUMERIC
rpt-network-plng,sitetracker_data,ST_FXP_SPLITTER_AUGMENT_V,total_make_ready_cost,NUMERIC
rpt-network-plng,sitetracker_data,ST_FXP_SPLITTER_AUGMENT_V,total_number_of_poles,NUMERIC
rpt-network-plng,sitetracker_data,ST_FXP_SPLITTER_AUGMENT_V,total_permit_fees,NUMERIC
rpt-network-plng,sitetracker_data,ST_FXP_SPLITTER_AUGMENT_V,total_permits_submitted,NUMERIC
rpt-network-plng,sitetracker_data,ST_FXP_SPLITTER_AUGMENT_V,project_fiber_spl_footage_complete,NUMERIC
rpt-network-plng,sitetracker_data,ST_FXP_SPLITTER_AUGMENT_V,total_poles_denied,NUMERIC
rpt-network-plng,sitetracker_data,ST_FXP_SPLITTER_AUGMENT_V,trench_type,STRING
rpt-network-plng,sitetracker_data,ST_FXP_SPLITTER_AUGMENT_V,turned_up_market_launch_a,TIMESTAMP
rpt-network-plng,sitetracker_data,ST_FXP_SPLITTER_AUGMENT_V,turned_up_market_launch_f,TIMESTAMP
rpt-network-plng,sitetracker_data,ST_FXP_SPLITTER_AUGMENT_V,upload_asbuilts_a,TIMESTAMP
rpt-network-plng,sitetracker_data,ST_FXP_SPLITTER_AUGMENT_V,upload_asbuilts_f,TIMESTAMP
rpt-network-plng,sitetracker_data,ST_FXP_SPLITTER_AUGMENT_V,vendor_assignment_a,TIMESTAMP
rpt-network-plng,sitetracker_data,ST_FXP_SPLITTER_AUGMENT_V,vendor_assignment_f,TIMESTAMP
rpt-network-plng,sitetracker_data,ST_FXP_SPLITTER_AUGMENT_V,project_redlines_completed_a,TIMESTAMP
rpt-network-plng,sitetracker_data,ST_FXP_SPLITTER_AUGMENT_V,project_redlines_completed_f,TIMESTAMP
rpt-network-plng,sitetracker_data,ST_FXP_SPLITTER_AUGMENT_V,vendor_contract_assignment,STRING
rpt-network-plng,sitetracker_data,ST_FXP_SPLITTER_AUGMENT_V,vendor_materials_ordered_a,TIMESTAMP
rpt-network-plng,sitetracker_data,ST_FXP_SPLITTER_AUGMENT_V,vendor_materials_ordered_f,TIMESTAMP
rpt-network-plng,sitetracker_data,ST_FXP_SPLITTER_AUGMENT_V,vendor_materials_received_a,TIMESTAMP
rpt-network-plng,sitetracker_data,ST_FXP_SPLITTER_AUGMENT_V,vendor_materials_received_f,TIMESTAMP
rpt-network-plng,sitetracker_data,ST_FXP_SPLITTER_AUGMENT_V,verb_code_and_description,STRING
rpt-network-plng,sitetracker_data,ST_FXP_SPLITTER_AUGMENT_V,verify_actuals_a,TIMESTAMP
rpt-network-plng,sitetracker_data,ST_FXP_SPLITTER_AUGMENT_V,verify_actuals_f,TIMESTAMP
rpt-network-plng,sitetracker_data,ST_FXP_SPLITTER_AUGMENT_V,vendor_commitment_confirmed_a,TIMESTAMP
rpt-network-plng,sitetracker_data,ST_FXP_SPLITTER_AUGMENT_V,vendor_commitment_confirmed_f,TIMESTAMP
rpt-network-plng,sitetracker_data,ST_FXP_SPLITTER_AUGMENT_V,why,STRING
rpt-network-plng,sitetracker_data,ST_FXP_SPLITTER_AUGMENT_V,why_now,STRING
rpt-network-plng,sitetracker_data,ST_FXP_SPLITTER_AUGMENT_V,what_job_placed_olt,STRING
rpt-network-plng,sitetracker_data,ST_FXP_SPLITTER_AUGMENT_V,won_1st_home,STRING
rpt-network-plng,sitetracker_data,ST_FXP_SPLITTER_AUGMENT_V,work_type,STRING
rpt-network-plng,sitetracker_data,ST_FXP_SPLITTER_AUGMENT_V,wrecking_restoral_a,TIMESTAMP
rpt-network-plng,sitetracker_data,ST_FXP_SPLITTER_AUGMENT_V,wrecking_restoral_f,TIMESTAMP
rpt-network-plng,sitetracker_data,ST_FXP_SPLITTER_AUGMENT_V,st_project_url,STRING
rpt-network-plng,sitetracker_data,ST_FXP_SPLITTER_AUGMENT_V,fw_project_url,STRING
rpt-network-plng,sitetracker_data,ST_FXP_SPLITTER_AUGMENT_V,related_projects,STRING
rpt-network-plng,sitetracker_data,ST_FXP_SPLITTER_AUGMENT_V,meta_load_dttm,DATE
rpt-network-plng,sitetracker_data,ST_FXP_SPLITTER_AUGMENT_V,select_correct_build_type,STRING
rpt-network-plng,sitetracker_data,ST_FXP_SPLITTER_AUGMENT_V,build_type_change_reason,STRING
rpt-network-plng,sitetracker_data,CALENDAR_T,DAY_DATE,TIMESTAMP
rpt-network-plng,sitetracker_data,CALENDAR_T,DAY_OF_WEEK,STRING
rpt-network-plng,sitetracker_data,CALENDAR_T,IS_WEEKEND,INT64
rpt-network-plng,sitetracker_data,CALENDAR_T,IS_BUSINESS_DAY,INT64
rpt-network-plng,sitetracker_data,CALENDAR_T,IS_HOLIDAY,INT64
rpt-network-plng,sitetracker_data,CALENDAR_T,HOLIDAY,STRING
rpt-network-plng,sitetracker_data,CALENDAR_T,IS_HOLIDAY_OBSERVED,INT64
rpt-network-plng,sitetracker_data,CALENDAR_T,HOLIDAY_OBSERVED,STRING
rpt-network-plng,sitetracker_data,ST_ACTIVITY_ALL_T_HIST_SNAP_T,ID_ACTIVITY_TABLE,STRING
rpt-network-plng,sitetracker_data,ST_ACTIVITY_ALL_T_HIST_SNAP_T,ISDELETED,NUMERIC
rpt-network-plng,sitetracker_data,ST_ACTIVITY_ALL_T_HIST_SNAP_T,NAME_ACTIVITY,STRING
rpt-network-plng,sitetracker_data,ST_ACTIVITY_ALL_T_HIST_SNAP_T,CREATEDDATE,TIMESTAMP
rpt-network-plng,sitetracker_data,ST_ACTIVITY_ALL_T_HIST_SNAP_T,CREATEDBYID,STRING
rpt-network-plng,sitetracker_data,ST_ACTIVITY_ALL_T_HIST_SNAP_T,CREATED_BY,STRING
rpt-network-plng,sitetracker_data,ST_ACTIVITY_ALL_T_HIST_SNAP_T,LASTMODIFIEDDATE,TIMESTAMP
rpt-network-plng,sitetracker_data,ST_ACTIVITY_ALL_T_HIST_SNAP_T,LASTMODIFIEDBYID,STRING
rpt-network-plng,sitetracker_data,ST_ACTIVITY_ALL_T_HIST_SNAP_T,LASTMODIFIEDBY,STRING
rpt-network-plng,sitetracker_data,ST_ACTIVITY_ALL_T_HIST_SNAP_T,SYSTEMMODSTAMP,TIMESTAMP
rpt-network-plng,sitetracker_data,ST_ACTIVITY_ALL_T_HIST_SNAP_T,LASTACTIVITYDATE,TIMESTAMP
rpt-network-plng,sitetracker_data,ST_ACTIVITY_ALL_T_HIST_SNAP_T,LASTVIEWEDDATE,TIMESTAMP
rpt-network-plng,sitetracker_data,ST_ACTIVITY_ALL_T_HIST_SNAP_T,LASTREFERENCEDDATE,TIMESTAMP
rpt-network-plng,sitetracker_data,ST_ACTIVITY_ALL_T_HIST_SNAP_T,CONNECTIONRECEIVEDID,STRING
rpt-network-plng,sitetracker_data,ST_ACTIVITY_ALL_T_HIST_SNAP_T,CONNECTIONSENTID,STRING
rpt-network-plng,sitetracker_data,ST_ACTIVITY_ALL_T_HIST_SNAP_T,SITETRACKER__PROJECT,STRING
rpt-network-plng,sitetracker_data,ST_ACTIVITY_ALL_T_HIST_SNAP_T,ST_PROJECT_ID,STRING
rpt-network-plng,sitetracker_data,ST_ACTIVITY_ALL_T_HIST_SNAP_T,PROJECT_TYPE,STRING
rpt-network-plng,sitetracker_data,ST_ACTIVITY_ALL_T_HIST_SNAP_T,GPON_FXP_SITE_PROJECT_TYPE,STRING
rpt-network-plng,sitetracker_data,ST_ACTIVITY_ALL_T_HIST_SNAP_T,SITETRACKER__ACTION_VERB,STRING
rpt-network-plng,sitetracker_data,ST_ACTIVITY_ALL_T_HIST_SNAP_T,SITETRACKER__ACTIVE,NUMERIC
rpt-network-plng,sitetracker_data,ST_ACTIVITY_ALL_T_HIST_SNAP_T,SITETRACKER__ACTIVITYOWNER,STRING
rpt-network-plng,sitetracker_data,ST_ACTIVITY_ALL_T_HIST_SNAP_T,ACTIVITY_OWNER,STRING
rpt-network-plng,sitetracker_data,ST_ACTIVITY_ALL_T_HIST_SNAP_T,SITETRACKER__ACTIVITY_ACTIVE_D,TIMESTAMP
rpt-network-plng,sitetracker_data,ST_ACTIVITY_ALL_T_HIST_SNAP_T,SITETRACKER__ACTIVITY_ACTIVITY,NUMERIC
rpt-network-plng,sitetracker_data,ST_ACTIVITY_ALL_T_HIST_SNAP_T,SITETRACKER__ACTIVITY_CATEGORY,STRING
rpt-network-plng,sitetracker_data,ST_ACTIVITY_ALL_T_HIST_SNAP_T,SITETRACKER__ACTIVITY_OWNER_OV,NUMERIC
rpt-network-plng,sitetracker_data,ST_ACTIVITY_ALL_T_HIST_SNAP_T,SITETRACKER__ACTIVITY_OWNER_RE,STRING
rpt-network-plng,sitetracker_data,ST_ACTIVITY_ALL_T_HIST_SNAP_T,SITETRACKER__ACTIVITY_OWNER,STRING
rpt-network-plng,sitetracker_data,ST_ACTIVITY_ALL_T_HIST_SNAP_T,SITETRACKER__ACTIVITY_SEARCH__,STRING
rpt-network-plng,sitetracker_data,ST_ACTIVITY_ALL_T_HIST_SNAP_T,SITETRACKER__ACTIVITY_SECTION_,STRING
rpt-network-plng,sitetracker_data,ST_ACTIVITY_ALL_T_HIST_SNAP_T,SITETRACKER__ACTIVITY_STATUS__,STRING
rpt-network-plng,sitetracker_data,ST_ACTIVITY_ALL_T_HIST_SNAP_T,SITETRACKER__ACTIVITY_TEMPLATE,STRING
rpt-network-plng,sitetracker_data,ST_ACTIVITY_ALL_T_HIST_SNAP_T,SITETRACKER__ACTIVITY_TYPE,STRING
rpt-network-plng,sitetracker_data,ST_ACTIVITY_ALL_T_HIST_SNAP_T,SITETRACKER__ACTUALDATE,TIMESTAMP
rpt-network-plng,sitetracker_data,ST_ACTIVITY_ALL_T_HIST_SNAP_T,SITETRACKER__ACTUAL_MILESTONE_,STRING
rpt-network-plng,sitetracker_data,ST_ACTIVITY_ALL_T_HIST_SNAP_T,SITETRACKER__APPROVED,NUMERIC
rpt-network-plng,sitetracker_data,ST_ACTIVITY_ALL_T_HIST_SNAP_T,SITETRACKER__APPROVER,STRING
rpt-network-plng,sitetracker_data,ST_ACTIVITY_ALL_T_HIST_SNAP_T,SITETRACKER__ATTACHMENT_COUNT_,NUMERIC
rpt-network-plng,sitetracker_data,ST_ACTIVITY_ALL_T_HIST_SNAP_T,SITETRACKER__BASELINE_DATE,TIMESTAMP
rpt-network-plng,sitetracker_data,ST_ACTIVITY_ALL_T_HIST_SNAP_T,SITETRACKER__BASELINE_TO_ACTUA,NUMERIC
rpt-network-plng,sitetracker_data,ST_ACTIVITY_ALL_T_HIST_SNAP_T,SITETRACKERHECKLIST,STRING
rpt-network-plng,sitetracker_data,ST_ACTIVITY_ALL_T_HIST_SNAP_T,SITETRACKEROMMENTS_HISTORY_,STRING
rpt-network-plng,sitetracker_data,ST_ACTIVITY_ALL_T_HIST_SNAP_T,SITETRACKEROMMENTS,STRING
rpt-network-plng,sitetracker_data,ST_ACTIVITY_ALL_T_HIST_SNAP_T,SITETRACKEROMPLETE,NUMERIC
rpt-network-plng,sitetracker_data,ST_ACTIVITY_ALL_T_HIST_SNAP_T,SITETRACKEROMPLETED_PREDECE,STRING
rpt-network-plng,sitetracker_data,ST_ACTIVITY_ALL_T_HIST_SNAP_T,SITETRACKERRITICAL,STRING
rpt-network-plng,sitetracker_data,ST_ACTIVITY_ALL_T_HIST_SNAP_T,SITETRACKER__DURATION_OVERRIDE,NUMERIC
rpt-network-plng,sitetracker_data,ST_ACTIVITY_ALL_T_HIST_SNAP_T,SITETRACKER__DURATION,NUMERIC
rpt-network-plng,sitetracker_data,ST_ACTIVITY_ALL_T_HIST_SNAP_T,SITETRACKER__FINANCIAL,STRING
rpt-network-plng,sitetracker_data,ST_ACTIVITY_ALL_T_HIST_SNAP_T,SITETRACKER__FORECAST_ACTUAL_F,STRING
rpt-network-plng,sitetracker_data,ST_ACTIVITY_ALL_T_HIST_SNAP_T,SITETRACKER__FORECAST_ACTUAL__,TIMESTAMP
rpt-network-plng,sitetracker_data,ST_ACTIVITY_ALL_T_HIST_SNAP_T,SITETRACKER__FORECAST_DATE_BLA,NUMERIC
rpt-network-plng,sitetracker_data,ST_ACTIVITY_ALL_T_HIST_SNAP_T,SITETRACKER__FORECAST_DATE_CHA,NUMERIC
rpt-network-plng,sitetracker_data,ST_ACTIVITY_ALL_T_HIST_SNAP_T,SITETRACKER__FORECAST_DATE_FIL,NUMERIC
rpt-network-plng,sitetracker_data,ST_ACTIVITY_ALL_T_HIST_SNAP_T,SITETRACKER__FORECAST_DATE_PUL,NUMERIC
rpt-network-plng,sitetracker_data,ST_ACTIVITY_ALL_T_HIST_SNAP_T,SITETRACKER__FORECAST_DATE_PUS,NUMERIC
rpt-network-plng,sitetracker_data,ST_ACTIVITY_ALL_T_HIST_SNAP_T,SITETRACKER__FORECAST_DATE,TIMESTAMP
rpt-network-plng,sitetracker_data,ST_ACTIVITY_ALL_T_HIST_SNAP_T,SITETRACKER__FORECAST_MILESTON,STRING
rpt-network-plng,sitetracker_data,ST_ACTIVITY_ALL_T_HIST_SNAP_T,SITETRACKER__FORECAST_TO_ACTUA,NUMERIC
rpt-network-plng,sitetracker_data,ST_ACTIVITY_ALL_T_HIST_SNAP_T,SITETRACKER__FORM_COMPLETE,NUMERIC
rpt-network-plng,sitetracker_data,ST_ACTIVITY_ALL_T_HIST_SNAP_T,SITETRACKER__FORMATTED_ACTUAL_,STRING
rpt-network-plng,sitetracker_data,ST_ACTIVITY_ALL_T_HIST_SNAP_T,SITETRACKER__FORMATTED_FORECAS,STRING
rpt-network-plng,sitetracker_data,ST_ACTIVITY_ALL_T_HIST_SNAP_T,SITETRACKER__JOB,STRING
rpt-network-plng,sitetracker_data,ST_ACTIVITY_ALL_T_HIST_SNAP_T,SITETRACKER__LATE_ENTRY_DAYS__,NUMERIC
rpt-network-plng,sitetracker_data,ST_ACTIVITY_ALL_T_HIST_SNAP_T,SITETRACKER__LOCK,NUMERIC
rpt-network-plng,sitetracker_data,ST_ACTIVITY_ALL_T_HIST_SNAP_T,SITETRACKER__MILESTONE_ACTUAL_,STRING
rpt-network-plng,sitetracker_data,ST_ACTIVITY_ALL_T_HIST_SNAP_T,SITETRACKER__MILESTONE_FORECAS,STRING
rpt-network-plng,sitetracker_data,ST_ACTIVITY_ALL_T_HIST_SNAP_T,SITETRACKER__MILESTONE_OBJECT_,STRING
rpt-network-plng,sitetracker_data,ST_ACTIVITY_ALL_T_HIST_SNAP_T,SITETRACKER__MILESTONE,STRING
rpt-network-plng,sitetracker_data,ST_ACTIVITY_ALL_T_HIST_SNAP_T,SITETRACKER__MY_ACTIVITY,NUMERIC
rpt-network-plng,sitetracker_data,ST_ACTIVITY_ALL_T_HIST_SNAP_T,SITETRACKER__NA_DATE,TIMESTAMP
rpt-network-plng,sitetracker_data,ST_ACTIVITY_ALL_T_HIST_SNAP_T,SITETRACKER__NA_REASON,STRING
rpt-network-plng,sitetracker_data,ST_ACTIVITY_ALL_T_HIST_SNAP_T,SITETRACKER__NA,NUMERIC
rpt-network-plng,sitetracker_data,ST_ACTIVITY_ALL_T_HIST_SNAP_T,SITETRACKER__NO_ACTIVITY_TEMPL,NUMERIC
rpt-network-plng,sitetracker_data,ST_ACTIVITY_ALL_T_HIST_SNAP_T,SITETRACKER__NUMBER_OF_COMPLET,NUMERIC
rpt-network-plng,sitetracker_data,ST_ACTIVITY_ALL_T_HIST_SNAP_T,SITETRACKER__NUMBER_OF_PREDECE,NUMERIC
rpt-network-plng,sitetracker_data,ST_ACTIVITY_ALL_T_HIST_SNAP_T,SITETRACKER__OPTIONAL,NUMERIC
rpt-network-plng,sitetracker_data,ST_ACTIVITY_ALL_T_HIST_SNAP_T,SITETRACKER__ORDER,NUMERIC
rpt-network-plng,sitetracker_data,ST_ACTIVITY_ALL_T_HIST_SNAP_T,SITETRACKER__OVERDUE,NUMERIC
rpt-network-plng,sitetracker_data,ST_ACTIVITY_ALL_T_HIST_SNAP_T,SITETRACKER__PREDECESSORS_COMP,TIMESTAMP
rpt-network-plng,sitetracker_data,ST_ACTIVITY_ALL_T_HIST_SNAP_T,SITETRACKER__PREDECESSORS,STRING
rpt-network-plng,sitetracker_data,ST_ACTIVITY_ALL_T_HIST_SNAP_T,SITETRACKER__PROJECT_TEMPLATE_,STRING
rpt-network-plng,sitetracker_data,ST_ACTIVITY_ALL_T_HIST_SNAP_T,SITETRACKER__REJECTER,STRING
rpt-network-plng,sitetracker_data,ST_ACTIVITY_ALL_T_HIST_SNAP_T,SITETRACKER__REWORK_COMMENTS__,STRING
rpt-network-plng,sitetracker_data,ST_ACTIVITY_ALL_T_HIST_SNAP_T,SITETRACKER__REWORK_REASON_COD,STRING
rpt-network-plng,sitetracker_data,ST_ACTIVITY_ALL_T_HIST_SNAP_T,SITETRACKER__REWORK,NUMERIC
rpt-network-plng,sitetracker_data,ST_ACTIVITY_ALL_T_HIST_SNAP_T,SITETRACKER__SEND_EMAIL_ON_ACT,NUMERIC
rpt-network-plng,sitetracker_data,ST_ACTIVITY_ALL_T_HIST_SNAP_T,SITETRACKER__WBS_CODE,STRING
rpt-network-plng,sitetracker_data,ST_ACTIVITY_ALL_T_HIST_SNAP_T,ACTIVITY,STRING
rpt-network-plng,sitetracker_data,ST_ACTIVITY_ALL_T_HIST_SNAP_T,COMPANY_CODE,STRING
rpt-network-plng,sitetracker_data,ST_ACTIVITY_ALL_T_HIST_SNAP_T,CRITICAL_ACTIVITY,NUMERIC
rpt-network-plng,sitetracker_data,ST_ACTIVITY_ALL_T_HIST_SNAP_T,MY_DIRECT_REPORT_S_ACTIVITY,NUMERIC
rpt-network-plng,sitetracker_data,ST_ACTIVITY_ALL_T_HIST_SNAP_T,PROJECT_DESCRIPTION,STRING
rpt-network-plng,sitetracker_data,ST_ACTIVITY_ALL_T_HIST_SNAP_T,PROJECT_ID,STRING
rpt-network-plng,sitetracker_data,ST_ACTIVITY_ALL_T_HIST_SNAP_T,PROJECT_RECORD_ID,STRING
rpt-network-plng,sitetracker_data,ST_ACTIVITY_ALL_T_HIST_SNAP_T,ACTIVE_HOLD,NUMERIC
rpt-network-plng,sitetracker_data,ST_ACTIVITY_ALL_T_HIST_SNAP_T,OWNER_OVERRIDE_FORMULA,NUMERIC
rpt-network-plng,sitetracker_data,ST_ACTIVITY_ALL_T_HIST_SNAP_T,MY_TEAM_S_ACTIVITY,NUMERIC
rpt-network-plng,sitetracker_data,ST_ACTIVITY_ALL_T_HIST_SNAP_T,META_LOAD_DTTM,TIMESTAMP
rpt-network-plng,sitetracker_data,ST_ACTIVITY_ALL_T_HIST_SNAP_T,META_SRC_LOAD_DTTM,TIMESTAMP
rpt-network-plng,sitetracker_data,ST_FXP_2DAY_SNAP_PES_V,ST_PROJECT_ID,STRING
rpt-network-plng,sitetracker_data,ST_FXP_2DAY_SNAP_PES_V,PROJECT_TYPE,STRING
rpt-network-plng,sitetracker_data,ST_FXP_2DAY_SNAP_PES_V,REGION,STRING
rpt-network-plng,sitetracker_data,ST_FXP_2DAY_SNAP_PES_V,STATE,STRING
rpt-network-plng,sitetracker_data,ST_FXP_2DAY_SNAP_PES_V,COUNTY,STRING
rpt-network-plng,sitetracker_data,ST_FXP_2DAY_SNAP_PES_V,CITY,STRING
rpt-network-plng,sitetracker_data,ST_FXP_2DAY_SNAP_PES_V,EXCHANGE_NAME,STRING
rpt-network-plng,sitetracker_data,ST_FXP_2DAY_SNAP_PES_V,EXCHANGE,STRING
rpt-network-plng,sitetracker_data,ST_FXP_2DAY_SNAP_PES_V,COMPANY_CODE,STRING
rpt-network-plng,sitetracker_data,ST_FXP_2DAY_SNAP_PES_V,LEGACY_COMPANY,STRING
rpt-network-plng,sitetracker_data,ST_FXP_2DAY_SNAP_PES_V,MARKET_CLUSTER,STRING
rpt-network-plng,sitetracker_data,ST_FXP_2DAY_SNAP_PES_V,PRIMARY_WIRE_CENTER_ID,STRING
rpt-network-plng,sitetracker_data,ST_FXP_2DAY_SNAP_PES_V,PRIMARY_WIRE_CENTER_NAME,STRING
rpt-network-plng,sitetracker_data,ST_FXP_2DAY_SNAP_PES_V,FW_PROJECT_ID,STRING
rpt-network-plng,sitetracker_data,ST_FXP_2DAY_SNAP_PES_V,SITE_OSP_ENGINEER_NAME,STRING
rpt-network-plng,sitetracker_data,ST_FXP_2DAY_SNAP_PES_V,SITE_OSP_ENGINEER_CUID,STRING
rpt-network-plng,sitetracker_data,ST_FXP_2DAY_SNAP_PES_V,PHASE_OSP_ENGINEER_NAME,STRING
rpt-network-plng,sitetracker_data,ST_FXP_2DAY_SNAP_PES_V,PHASE_OSP_ENGINEER_CUID,STRING
rpt-network-plng,sitetracker_data,ST_FXP_2DAY_SNAP_PES_V,SITE_CONSTRUCTION_COORDINATOR_NAME,STRING
rpt-network-plng,sitetracker_data,ST_FXP_2DAY_SNAP_PES_V,SITE_CONSTRUCTION_COORDINATOR_CUID,STRING
rpt-network-plng,sitetracker_data,ST_FXP_2DAY_SNAP_PES_V,PHASE_CONSTRUCTION_COORDINATOR_NAME,STRING
rpt-network-plng,sitetracker_data,ST_FXP_2DAY_SNAP_PES_V,PHASE_CONSTRUCTION_COORDINATOR_CUID,STRING
rpt-network-plng,sitetracker_data,ST_FXP_2DAY_SNAP_PES_V,SITE_GPON_PM_NAME,STRING
rpt-network-plng,sitetracker_data,ST_FXP_2DAY_SNAP_PES_V,SITE_GPON_PM_CUID,STRING
rpt-network-plng,sitetracker_data,ST_FXP_2DAY_SNAP_PES_V,PHASE_GPON_PM_NAME,STRING
rpt-network-plng,sitetracker_data,ST_FXP_2DAY_SNAP_PES_V,PHASE_GPON_PM_CUID,STRING
rpt-network-plng,sitetracker_data,ST_FXP_2DAY_SNAP_PES_V,SITE_IMPLEMENTATION_PM_NAME,STRING
rpt-network-plng,sitetracker_data,ST_FXP_2DAY_SNAP_PES_V,SITE_IMPLEMENTATION_PM_CUID,STRING
rpt-network-plng,sitetracker_data,ST_FXP_2DAY_SNAP_PES_V,PHASE_IMPLEMENTATION_PM_NAME,STRING
rpt-network-plng,sitetracker_data,ST_FXP_2DAY_SNAP_PES_V,PHASE_IMPLEMENTATION_PM_CUID,STRING
rpt-network-plng,sitetracker_data,ST_FXP_2DAY_SNAP_PES_V,SITE_MARKETING_PM_NAME,STRING
rpt-network-plng,sitetracker_data,ST_FXP_2DAY_SNAP_PES_V,SITE_MARKETING_PM_CUID,STRING
rpt-network-plng,sitetracker_data,ST_FXP_2DAY_SNAP_PES_V,PHASE_MARKETING_PM_NAME,STRING
rpt-network-plng,sitetracker_data,ST_FXP_2DAY_SNAP_PES_V,PHASE_MARKETING_PM_CUID,STRING
rpt-network-plng,sitetracker_data,ST_FXP_2DAY_SNAP_PES_V,SITE_OSP_ENG_DIRECTOR_NAME,STRING
rpt-network-plng,sitetracker_data,ST_FXP_2DAY_SNAP_PES_V,SITE_OSP_ENG_DIRECTOR_CUID,STRING
rpt-network-plng,sitetracker_data,ST_FXP_2DAY_SNAP_PES_V,PHASE_OSP_ENG_DIRECTOR_NAME,STRING
rpt-network-plng,sitetracker_data,ST_FXP_2DAY_SNAP_PES_V,PHASE_OSP_ENG_DIRECTOR_CUID,STRING
rpt-network-plng,sitetracker_data,ST_FXP_2DAY_SNAP_PES_V,SITE_OSP_MANAGER_NAME,STRING
rpt-network-plng,sitetracker_data,ST_FXP_2DAY_SNAP_PES_V,SITE_OSP_MANAGER_CUID,STRING
rpt-network-plng,sitetracker_data,ST_FXP_2DAY_SNAP_PES_V,PHASE_OSP_MANAGER_NAME,STRING
rpt-network-plng,sitetracker_data,ST_FXP_2DAY_SNAP_PES_V,PHASE_OSP_MANAGER_CUID,STRING
rpt-network-plng,sitetracker_data,ST_FXP_2DAY_SNAP_PES_V,SITE_PLANNER_NAME,STRING
rpt-network-plng,sitetracker_data,ST_FXP_2DAY_SNAP_PES_V,SITE_PLANNER_CUID,STRING
rpt-network-plng,sitetracker_data,ST_FXP_2DAY_SNAP_PES_V,PHASE_PLANNER_NAME,STRING
rpt-network-plng,sitetracker_data,ST_FXP_2DAY_SNAP_PES_V,PHASE_PLANNER_CUID,STRING
rpt-network-plng,sitetracker_data,ST_FXP_2DAY_SNAP_PES_V,SITE_PLANNING_MANAGER_NAME,STRING
rpt-network-plng,sitetracker_data,ST_FXP_2DAY_SNAP_PES_V,SITE_PLANNING_MANAGER_CUID,STRING
rpt-network-plng,sitetracker_data,ST_FXP_2DAY_SNAP_PES_V,PHASE_PLANNING_MANAGER_NAME,STRING
rpt-network-plng,sitetracker_data,ST_FXP_2DAY_SNAP_PES_V,PHASE_PLANNING_MANAGER_CUID,STRING
rpt-network-plng,sitetracker_data,ST_FXP_2DAY_SNAP_PES_V,SITE_RESPONSIBLE_PERSON_NAME,STRING
rpt-network-plng,sitetracker_data,ST_FXP_2DAY_SNAP_PES_V,SITE_RESPONSIBLE_PERSON_CUID,STRING
rpt-network-plng,sitetracker_data,ST_FXP_2DAY_SNAP_PES_V,PHASE_RESPONSIBLE_PERSON_NAME,STRING
rpt-network-plng,sitetracker_data,ST_FXP_2DAY_SNAP_PES_V,PHASE_RESPONSIBLE_PERSON_CUID,STRING
rpt-network-plng,sitetracker_data,ST_FXP_2DAY_SNAP_PES_V,SITE_SALES_ENGINEER_NAME,STRING
rpt-network-plng,sitetracker_data,ST_FXP_2DAY_SNAP_PES_V,SITE_SALES_ENGINEER_CUID,STRING
rpt-network-plng,sitetracker_data,ST_FXP_2DAY_SNAP_PES_V,PHASE_SALES_ENGINEER_NAME,STRING
rpt-network-plng,sitetracker_data,ST_FXP_2DAY_SNAP_PES_V,PHASE_SALES_ENGINEER_CUID,STRING
rpt-network-plng,sitetracker_data,ST_FXP_2DAY_SNAP_PES_V,SITE_SPLICING_SUPERVISOR_NAME,STRING
rpt-network-plng,sitetracker_data,ST_FXP_2DAY_SNAP_PES_V,SITE_SPLICING_SUPERVISOR_CUID,STRING
rpt-network-plng,sitetracker_data,ST_FXP_2DAY_SNAP_PES_V,PHASE_SPLICING_SUPERVISOR_NAME,STRING
rpt-network-plng,sitetracker_data,ST_FXP_2DAY_SNAP_PES_V,PHASE_SPLICING_SUPERVISOR_CUID,STRING
rpt-network-plng,sitetracker_data,ST_FXP_2DAY_SNAP_PES_V,SITE_LAST_MODIFIED_BY_NAME,STRING
rpt-network-plng,sitetracker_data,ST_FXP_2DAY_SNAP_PES_V,SITE_LAST_MODIFIED_BY_CUID,STRING
rpt-network-plng,sitetracker_data,ST_FXP_2DAY_SNAP_PES_V,PHASE_LAST_MODIFIED_BY_NAME,STRING
rpt-network-plng,sitetracker_data,ST_FXP_2DAY_SNAP_PES_V,PHASE_LAST_MODIFIED_BY_CUID,STRING
rpt-network-plng,sitetracker_data,ST_FXP_2DAY_SNAP_PES_V,SITE_SL_NAME,STRING
rpt-network-plng,sitetracker_data,ST_FXP_2DAY_SNAP_PES_V,SITE_SL_CUID,STRING
rpt-network-plng,sitetracker_data,ST_FXP_2DAY_SNAP_PES_V,PHASE_SL_NAME,STRING
rpt-network-plng,sitetracker_data,ST_FXP_2DAY_SNAP_PES_V,PHASE_SL_CUID,STRING
rpt-network-plng,sitetracker_data,ST_FXP_2DAY_SNAP_PES_V,SITE_ORIGINAL_ECD_NCD,DATE
rpt-network-plng,sitetracker_data,ST_FXP_2DAY_SNAP_PES_V,SITE_MODIFIED_ECD,DATE
rpt-network-plng,sitetracker_data,ST_FXP_2DAY_SNAP_PES_V,SITE_ECD_LOGIC,DATE
rpt-network-plng,sitetracker_data,ST_FXP_2DAY_SNAP_PES_V,SITE_ML_ECD_LOGIC,DATE
rpt-network-plng,sitetracker_data,ST_FXP_2DAY_SNAP_PES_V,PHASE_ORIGINAL_ECD_NCD,DATE
rpt-network-plng,sitetracker_data,ST_FXP_2DAY_SNAP_PES_V,PHASE_MODIFIED_ECD,DATE
rpt-network-plng,sitetracker_data,ST_FXP_2DAY_SNAP_PES_V,PHASE_ECD_LOGIC,DATE
rpt-network-plng,sitetracker_data,ST_FXP_2DAY_SNAP_PES_V,PHASE_ML_ECD_LOGIC,DATE
rpt-network-plng,sitetracker_data,ST_FXP_2DAY_SNAP_PES_V,ADDRESS,STRING
rpt-network-plng,sitetracker_data,ST_FXP_2DAY_SNAP_PES_V,ADDRESS_QUALIFICATION,STRING
rpt-network-plng,sitetracker_data,ST_FXP_2DAY_SNAP_PES_V,AERIAL_ATTACHMENT_REQUIRED,STRING
rpt-network-plng,sitetracker_data,ST_FXP_2DAY_SNAP_PES_V,AID_TO_CONSTRUCTION_REQUIRED,STRING
rpt-network-plng,sitetracker_data,ST_FXP_2DAY_SNAP_PES_V,APO_AUDIT_A,DATE
rpt-network-plng,sitetracker_data,ST_FXP_2DAY_SNAP_PES_V,APO_AUDIT_F,DATE
rpt-network-plng,sitetracker_data,ST_FXP_2DAY_SNAP_PES_V,ATC_APPROVED,STRING
rpt-network-plng,sitetracker_data,ST_FXP_2DAY_SNAP_PES_V,ATC_COST_SENT_TO_DEVELOPER_A,DATE
rpt-network-plng,sitetracker_data,ST_FXP_2DAY_SNAP_PES_V,ATC_COST_SENT_TO_DEVELOPER_F,DATE
rpt-network-plng,sitetracker_data,ST_FXP_2DAY_SNAP_PES_V,ATC_RECEIVED_FROM_DEVELOPER_A,DATE
rpt-network-plng,sitetracker_data,ST_FXP_2DAY_SNAP_PES_V,ATC_RECEIVED_FROM_DEVELOPER_F,DATE
rpt-network-plng,sitetracker_data,ST_FXP_2DAY_SNAP_PES_V,BID_ACCEPTANCE_A,DATE
rpt-network-plng,sitetracker_data,ST_FXP_2DAY_SNAP_PES_V,BID_ACCEPTANCE_F,DATE
rpt-network-plng,sitetracker_data,ST_FXP_2DAY_SNAP_PES_V,BID_CREATION_A,DATE
rpt-network-plng,sitetracker_data,ST_FXP_2DAY_SNAP_PES_V,BID_CREATION_F,DATE
rpt-network-plng,sitetracker_data,ST_FXP_2DAY_SNAP_PES_V,BID_POSTING_A,DATE
rpt-network-plng,sitetracker_data,ST_FXP_2DAY_SNAP_PES_V,BID_POSTING_F,DATE
rpt-network-plng,sitetracker_data,ST_FXP_2DAY_SNAP_PES_V,BID_VS_LEC_VENDOR_ASSIGNMENT,STRING
rpt-network-plng,sitetracker_data,ST_FXP_2DAY_SNAP_PES_V,BUILDER_EMAIL,STRING
rpt-network-plng,sitetracker_data,ST_FXP_2DAY_SNAP_PES_V,BUILDER_NAME_SITE_NAME,STRING
rpt-network-plng,sitetracker_data,ST_FXP_2DAY_SNAP_PES_V,BUILDER_PHONE,STRING
rpt-network-plng,sitetracker_data,ST_FXP_2DAY_SNAP_PES_V,BUILDER_SITE_CONTACT_INFO,STRING
rpt-network-plng,sitetracker_data,ST_FXP_2DAY_SNAP_PES_V,BUILD_OR_NO_BUILD,STRING
rpt-network-plng,sitetracker_data,ST_FXP_2DAY_SNAP_PES_V,BURIED_AERIAL_CONDUIT,STRING
rpt-network-plng,sitetracker_data,ST_FXP_2DAY_SNAP_PES_V,BUSINESS_CASE,STRING
rpt-network-plng,sitetracker_data,ST_FXP_2DAY_SNAP_PES_V,CABLE_TYPE,STRING
rpt-network-plng,sitetracker_data,ST_FXP_2DAY_SNAP_PES_V,CAD_DESIGN_COMPLETE_A,DATE
rpt-network-plng,sitetracker_data,ST_FXP_2DAY_SNAP_PES_V,CAD_DESIGN_COMPLETE_F,DATE
rpt-network-plng,sitetracker_data,ST_FXP_2DAY_SNAP_PES_V,CAD_DESIGN_STARTED_A,DATE
rpt-network-plng,sitetracker_data,ST_FXP_2DAY_SNAP_PES_V,CAD_DESIGN_STARTED_F,DATE
rpt-network-plng,sitetracker_data,ST_FXP_2DAY_SNAP_PES_V,CAPITAL_APPROVAL_CODE,STRING
rpt-network-plng,sitetracker_data,ST_FXP_2DAY_SNAP_PES_V,CAPITAL_DESIGN_COMPLETE_A,DATE
rpt-network-plng,sitetracker_data,ST_FXP_2DAY_SNAP_PES_V,CAPITAL_DESIGN_COMPLETE_F,DATE
rpt-network-plng,sitetracker_data,ST_FXP_2DAY_SNAP_PES_V,CAPITAL_DESIGN_REQUEST_A,DATE
rpt-network-plng,sitetracker_data,ST_FXP_2DAY_SNAP_PES_V,CAPITAL_DESIGN_REQUEST_F,DATE
rpt-network-plng,sitetracker_data,ST_FXP_2DAY_SNAP_PES_V,CCID,STRING
rpt-network-plng,sitetracker_data,ST_FXP_2DAY_SNAP_PES_V,CET_OPPORTUNITY_ID,STRING
rpt-network-plng,sitetracker_data,ST_FXP_2DAY_SNAP_PES_V,CLOSE_FINANCIAL_TOOL_A,DATE
rpt-network-plng,sitetracker_data,ST_FXP_2DAY_SNAP_PES_V,CLOSE_FINANCIAL_TOOL_F,DATE
rpt-network-plng,sitetracker_data,ST_FXP_2DAY_SNAP_PES_V,CMS_REVIEW_E7_2_SHELVES_ONLY_A,DATE
rpt-network-plng,sitetracker_data,ST_FXP_2DAY_SNAP_PES_V,CMS_REVIEW_E7_2_SHELVES_ONLY_F,DATE
rpt-network-plng,sitetracker_data,ST_FXP_2DAY_SNAP_PES_V,CO_ADDRESS,STRING
rpt-network-plng,sitetracker_data,ST_FXP_2DAY_SNAP_PES_V,CO_CLLI,STRING
rpt-network-plng,sitetracker_data,ST_FXP_2DAY_SNAP_PES_V,CO_EQUIP_CLLI,STRING
rpt-network-plng,sitetracker_data,ST_FXP_2DAY_SNAP_PES_V,COMMUNITY_OR_SERVING_AREA_NAME,STRING
rpt-network-plng,sitetracker_data,ST_FXP_2DAY_SNAP_PES_V,COMPETITOR,STRING
rpt-network-plng,sitetracker_data,ST_FXP_2DAY_SNAP_PES_V,SITE_CONSTRUCTION_CATEGORY_1,STRING
rpt-network-plng,sitetracker_data,ST_FXP_2DAY_SNAP_PES_V,SITE_CONSTRUCTION_CATEGORY_2,STRING
rpt-network-plng,sitetracker_data,ST_FXP_2DAY_SNAP_PES_V,PHASE_CONSTRUCTION_CATEGORY_1,STRING
rpt-network-plng,sitetracker_data,ST_FXP_2DAY_SNAP_PES_V,PHASE_CONSTRUCTION_CATEGORY_2,STRING
rpt-network-plng,sitetracker_data,ST_FXP_2DAY_SNAP_PES_V,CONSTRUCTION_COORD_SPLICING_SUPERVISOR,NUMERIC
rpt-network-plng,sitetracker_data,ST_FXP_2DAY_SNAP_PES_V,CONSTRUCTION_FUNDED,STRING
rpt-network-plng,sitetracker_data,ST_FXP_2DAY_SNAP_PES_V,SITE_CONSTRUCTION_VENDOR_1,STRING
rpt-network-plng,sitetracker_data,ST_FXP_2DAY_SNAP_PES_V,SITE_CONSTRUCTION_VENDOR_2,STRING
rpt-network-plng,sitetracker_data,ST_FXP_2DAY_SNAP_PES_V,PHASE_CONSTRUCTION_VENDOR_1,STRING
rpt-network-plng,sitetracker_data,ST_FXP_2DAY_SNAP_PES_V,PHASE_CONSTRUCTION_VENDOR_2,STRING
rpt-network-plng,sitetracker_data,ST_FXP_2DAY_SNAP_PES_V,CONTRACT_AGREEMENT_STATUS,STRING
rpt-network-plng,sitetracker_data,ST_FXP_2DAY_SNAP_PES_V,COST_CENTER,STRING
rpt-network-plng,sitetracker_data,ST_FXP_2DAY_SNAP_PES_V,COST_ESTIMATE_A,DATE
rpt-network-plng,sitetracker_data,ST_FXP_2DAY_SNAP_PES_V,COST_ESTIMATE_F,DATE
rpt-network-plng,sitetracker_data,ST_FXP_2DAY_SNAP_PES_V,COSTING_APPROVAL_UPLOADED,NUMERIC
rpt-network-plng,sitetracker_data,ST_FXP_2DAY_SNAP_PES_V,CREATED_DATE,DATE
rpt-network-plng,sitetracker_data,ST_FXP_2DAY_SNAP_PES_V,SITE_CREATE_POLYGON_A,DATE
rpt-network-plng,sitetracker_data,ST_FXP_2DAY_SNAP_PES_V,SITE_CREATE_POLYGON_F,DATE
rpt-network-plng,sitetracker_data,ST_FXP_2DAY_SNAP_PES_V,PHASE_CREATE_POLYGON_A,DATE
rpt-network-plng,sitetracker_data,ST_FXP_2DAY_SNAP_PES_V,PHASE_CREATE_POLYGON_F,DATE
rpt-network-plng,sitetracker_data,ST_FXP_2DAY_SNAP_PES_V,SITE_CURRENT_OPEN_ACTIVITY,STRING
rpt-network-plng,sitetracker_data,ST_FXP_2DAY_SNAP_PES_V,PHASE_CURRENT_OPEN_ACTIVITY,STRING
rpt-network-plng,sitetracker_data,ST_FXP_2DAY_SNAP_PES_V,DATE_AUDIT_COMPLETED,DATE
rpt-network-plng,sitetracker_data,ST_FXP_2DAY_SNAP_PES_V,DATE_AUDIT_STARTED,DATE
rpt-network-plng,sitetracker_data,ST_FXP_2DAY_SNAP_PES_V,DATE_OF_POST,DATE
rpt-network-plng,sitetracker_data,ST_FXP_2DAY_SNAP_PES_V,DEV_TYPE,STRING
rpt-network-plng,sitetracker_data,ST_FXP_2DAY_SNAP_PES_V,DEVELOPER_CONTACT_INFO,STRING
rpt-network-plng,sitetracker_data,ST_FXP_2DAY_SNAP_PES_V,DEVELOPER_FINAL_PLATS_RECEIVED_A,DATE
rpt-network-plng,sitetracker_data,ST_FXP_2DAY_SNAP_PES_V,DEVELOPER_FINAL_PLATS_RECEIVED_F,DATE
rpt-network-plng,sitetracker_data,ST_FXP_2DAY_SNAP_PES_V,DEVELOPER_EMAIL,STRING
rpt-network-plng,sitetracker_data,ST_FXP_2DAY_SNAP_PES_V,DEVELOPER_NAME,STRING
rpt-network-plng,sitetracker_data,ST_FXP_2DAY_SNAP_PES_V,DEVELOPER_PHONE,STRING
rpt-network-plng,sitetracker_data,ST_FXP_2DAY_SNAP_PES_V,DEVELOPMENT_ADDRESS,STRING
rpt-network-plng,sitetracker_data,ST_FXP_2DAY_SNAP_PES_V,EASEMENT_REQUIRED,STRING
rpt-network-plng,sitetracker_data,ST_FXP_2DAY_SNAP_PES_V,EASEMENT_ROW_RECEIVED_A,DATE
rpt-network-plng,sitetracker_data,ST_FXP_2DAY_SNAP_PES_V,EASEMENT_ROW_RECEIVED_F,DATE
rpt-network-plng,sitetracker_data,ST_FXP_2DAY_SNAP_PES_V,EASEMENT_ROW_REQUESTED_A,DATE
rpt-network-plng,sitetracker_data,ST_FXP_2DAY_SNAP_PES_V,EASEMENT_ROW_REQUESTED_F,DATE
rpt-network-plng,sitetracker_data,ST_FXP_2DAY_SNAP_PES_V,EASEMENT_ROW_REQUIRED,STRING
rpt-network-plng,sitetracker_data,ST_FXP_2DAY_SNAP_PES_V,ENGINEER_REVIEWS_POLYGON_COMPLETE_A,DATE
rpt-network-plng,sitetracker_data,ST_FXP_2DAY_SNAP_PES_V,ENGINEER_REVIEWS_POLYGON_COMPLETE_F,DATE
rpt-network-plng,sitetracker_data,ST_FXP_2DAY_SNAP_PES_V,ENGINEERING_CATEGORY_1,STRING
rpt-network-plng,sitetracker_data,ST_FXP_2DAY_SNAP_PES_V,ENGINEERING_CATEGORY_2,STRING
rpt-network-plng,sitetracker_data,ST_FXP_2DAY_SNAP_PES_V,ENGINEERING_COMPLETE_A,DATE
rpt-network-plng,sitetracker_data,ST_FXP_2DAY_SNAP_PES_V,ENGINEERING_COMPLETE_F,DATE
rpt-network-plng,sitetracker_data,ST_FXP_2DAY_SNAP_PES_V,ENGINEERING_FUNDED,STRING
rpt-network-plng,sitetracker_data,ST_FXP_2DAY_SNAP_PES_V,ENGINEERING_FUNDING_COMMENTS,INT64
rpt-network-plng,sitetracker_data,ST_FXP_2DAY_SNAP_PES_V,ENGINEERING_STATE,STRING
rpt-network-plng,sitetracker_data,ST_FXP_2DAY_SNAP_PES_V,ENGINEERING_VENDOR_1,STRING
rpt-network-plng,sitetracker_data,ST_FXP_2DAY_SNAP_PES_V,ENGINEERING_VENDOR_2,STRING
rpt-network-plng,sitetracker_data,ST_FXP_2DAY_SNAP_PES_V,F1_FOOTAGE_PLCG_COMPLETE,NUMERIC
rpt-network-plng,sitetracker_data,ST_FXP_2DAY_SNAP_PES_V,F1_FOOTAGE_SPL_COMPLETE,NUMERIC
rpt-network-plng,sitetracker_data,ST_FXP_2DAY_SNAP_PES_V,F1_PLCG_PERCENTAGE_COMPLETE,NUMERIC
rpt-network-plng,sitetracker_data,ST_FXP_2DAY_SNAP_PES_V,F1_SPL_PERCENTAGE_COMPLETE,NUMERIC
rpt-network-plng,sitetracker_data,ST_FXP_2DAY_SNAP_PES_V,F2_FOOTAGE_PLCG_COMPLETE,NUMERIC
rpt-network-plng,sitetracker_data,ST_FXP_2DAY_SNAP_PES_V,F2_FOOTAGE_SPL_COMPLETE,NUMERIC
rpt-network-plng,sitetracker_data,ST_FXP_2DAY_SNAP_PES_V,F2_PLCG_PERCENTAGE_COMPLETE,NUMERIC
rpt-network-plng,sitetracker_data,ST_FXP_2DAY_SNAP_PES_V,F2_SPL_PERCENTAGE_COMPLETE,NUMERIC
rpt-network-plng,sitetracker_data,ST_FXP_2DAY_SNAP_PES_V,FEED_FIBER_NAME_AND_COUNT,STRING
rpt-network-plng,sitetracker_data,ST_FXP_2DAY_SNAP_PES_V,FEEDER_PLANNING_A,DATE
rpt-network-plng,sitetracker_data,ST_FXP_2DAY_SNAP_PES_V,FEEDER_PLANNING_F,DATE
rpt-network-plng,sitetracker_data,ST_FXP_2DAY_SNAP_PES_V,FIBER_DB_LOSS,STRING
rpt-network-plng,sitetracker_data,ST_FXP_2DAY_SNAP_PES_V,FIBER_DISTANCE,STRING
rpt-network-plng,sitetracker_data,ST_FXP_2DAY_SNAP_PES_V,FIELD_TYPE,STRING
rpt-network-plng,sitetracker_data,ST_FXP_2DAY_SNAP_PES_V,FINALIZE_ALL_VENDOR_INVOICING_A,DATE
rpt-network-plng,sitetracker_data,ST_FXP_2DAY_SNAP_PES_V,FINALIZE_ALL_VENDOR_INVOICING_F,DATE
rpt-network-plng,sitetracker_data,ST_FXP_2DAY_SNAP_PES_V,FINALIZE_NETWORK_DESIGN_A,DATE
rpt-network-plng,sitetracker_data,ST_FXP_2DAY_SNAP_PES_V,FINALIZE_NETWORK_DESIGN_F,DATE
rpt-network-plng,sitetracker_data,ST_FXP_2DAY_SNAP_PES_V,FIRST_OCC_OUT_OF_SYNC_WITH_SALESFORCE,NUMERIC
rpt-network-plng,sitetracker_data,ST_FXP_2DAY_SNAP_PES_V,SITE_FIRST_OCCUPANCY_TGT_DT,DATE
rpt-network-plng,sitetracker_data,ST_FXP_2DAY_SNAP_PES_V,PHASE_FIRST_OCCUPANCY_TGT_DT,DATE
rpt-network-plng,sitetracker_data,ST_FXP_2DAY_SNAP_PES_V,FIRST_SERVICE_FIRE_ALARM_ELEVATOR,STRING
rpt-network-plng,sitetracker_data,ST_FXP_2DAY_SNAP_PES_V,SITE_FLAG_FOR_DELETION,NUMERIC
rpt-network-plng,sitetracker_data,ST_FXP_2DAY_SNAP_PES_V,SITE_FLAG_FOR_MIGRATION,NUMERIC
rpt-network-plng,sitetracker_data,ST_FXP_2DAY_SNAP_PES_V,PHASE_FLAG_FOR_DELETION,NUMERIC
rpt-network-plng,sitetracker_data,ST_FXP_2DAY_SNAP_PES_V,PHASE_FLAG_FOR_MIGRATION,NUMERIC
rpt-network-plng,sitetracker_data,ST_FXP_2DAY_SNAP_PES_V,FRAME,STRING
rpt-network-plng,sitetracker_data,ST_FXP_2DAY_SNAP_PES_V,FSAI_ADDRESS,STRING
rpt-network-plng,sitetracker_data,ST_FXP_2DAY_SNAP_PES_V,FSAI_CLLI,STRING
rpt-network-plng,sitetracker_data,ST_FXP_2DAY_SNAP_PES_V,FSAI_MANUFACTURER,STRING
rpt-network-plng,sitetracker_data,ST_FXP_2DAY_SNAP_PES_V,FSAI_SIZE,STRING
rpt-network-plng,sitetracker_data,ST_FXP_2DAY_SNAP_PES_V,FSAI_TAPER_DA_CODE,STRING
rpt-network-plng,sitetracker_data,ST_FXP_2DAY_SNAP_PES_V,FSAI_TO_ONT_S,STRING
rpt-network-plng,sitetracker_data,ST_FXP_2DAY_SNAP_PES_V,FTHGN_NAME_AND_COUNT,STRING
rpt-network-plng,sitetracker_data,ST_FXP_2DAY_SNAP_PES_V,FUNDING_DOCUMENTS_PREP_PRECHECKS_A,DATE
rpt-network-plng,sitetracker_data,ST_FXP_2DAY_SNAP_PES_V,FUNDING_DOCUMENTS_PREP_PRECHECKS_F,DATE
rpt-network-plng,sitetracker_data,ST_FXP_2DAY_SNAP_PES_V,FUNDING_REQUEST_RECEIVED_A,DATE
rpt-network-plng,sitetracker_data,ST_FXP_2DAY_SNAP_PES_V,FUNDING_REQUEST_RECEIVED_F,DATE
rpt-network-plng,sitetracker_data,ST_FXP_2DAY_SNAP_PES_V,FUNDING_REQUEST_SUBMITTED_A,DATE
rpt-network-plng,sitetracker_data,ST_FXP_2DAY_SNAP_PES_V,FUNDING_REQUEST_SUBMITTED_F,DATE
rpt-network-plng,sitetracker_data,ST_FXP_2DAY_SNAP_PES_V,SITE_FURTHEST_COMPLETED_ACTIVITY,STRING
rpt-network-plng,sitetracker_data,ST_FXP_2DAY_SNAP_PES_V,PHASE_FURTHEST_COMPLETED_ACTIVITY,STRING
rpt-network-plng,sitetracker_data,ST_FXP_2DAY_SNAP_PES_V,GEOSPATIAL_CHECKS_PASSED_A,DATE
rpt-network-plng,sitetracker_data,ST_FXP_2DAY_SNAP_PES_V,GEOSPATIAL_CHECKS_PASSED_F,DATE
rpt-network-plng,sitetracker_data,ST_FXP_2DAY_SNAP_PES_V,GEOSPATIAL_SUBMITTED_TO_BRAIN_A,DATE
rpt-network-plng,sitetracker_data,ST_FXP_2DAY_SNAP_PES_V,GEOSPATIAL_SUBMITTED_TO_BRAIN_F,DATE
rpt-network-plng,sitetracker_data,ST_FXP_2DAY_SNAP_PES_V,GOOGLE_ADDRESS_VALIDATION_FALLOUT_A,DATE
rpt-network-plng,sitetracker_data,ST_FXP_2DAY_SNAP_PES_V,GOOGLE_ADDRESS_VALIDATION_FALLOUT_F,DATE
rpt-network-plng,sitetracker_data,ST_FXP_2DAY_SNAP_PES_V,GOOGLE_UPDATE_REQUEST_A,DATE
rpt-network-plng,sitetracker_data,ST_FXP_2DAY_SNAP_PES_V,GOOGLE_UPDATE_REQUEST_F,DATE
rpt-network-plng,sitetracker_data,ST_FXP_2DAY_SNAP_PES_V,GRATIS,STRING
rpt-network-plng,sitetracker_data,ST_FXP_2DAY_SNAP_PES_V,GRATIS_ORDER,STRING
rpt-network-plng,sitetracker_data,ST_FXP_2DAY_SNAP_PES_V,HANDED_OFF_TO_ENGINEER_A,DATE
rpt-network-plng,sitetracker_data,ST_FXP_2DAY_SNAP_PES_V,HANDED_OFF_TO_ENGINEER_F,DATE
rpt-network-plng,sitetracker_data,ST_FXP_2DAY_SNAP_PES_V,HANDOFF_TO_PLANNING_A,DATE
rpt-network-plng,sitetracker_data,ST_FXP_2DAY_SNAP_PES_V,HANDOFF_TO_PLANNING_F,DATE
rpt-network-plng,sitetracker_data,ST_FXP_2DAY_SNAP_PES_V,SITE_HELD_ORDER_ID,STRING
rpt-network-plng,sitetracker_data,ST_FXP_2DAY_SNAP_PES_V,PHASE_HELD_ORDER_ID,STRING
rpt-network-plng,sitetracker_data,ST_FXP_2DAY_SNAP_PES_V,HIGH_COST_REVIEW,STRING
rpt-network-plng,sitetracker_data,ST_FXP_2DAY_SNAP_PES_V,IMP_LUS_OUT_OF_SYNC_WITH_SALESFORCE,NUMERIC
rpt-network-plng,sitetracker_data,ST_FXP_2DAY_SNAP_PES_V,IMP_PM_OUT_OF_SYNC_WITH_SALESFORCE,NUMERIC
rpt-network-plng,sitetracker_data,ST_FXP_2DAY_SNAP_PES_V,SITE_IMPLEMENTATION_A,DATE
rpt-network-plng,sitetracker_data,ST_FXP_2DAY_SNAP_PES_V,SITE_IMPLEMENTATION_F,DATE
rpt-network-plng,sitetracker_data,ST_FXP_2DAY_SNAP_PES_V,PHASE_IMPLEMENTATION_A,DATE
rpt-network-plng,sitetracker_data,ST_FXP_2DAY_SNAP_PES_V,PHASE_IMPLEMENTATION_F,DATE
rpt-network-plng,sitetracker_data,ST_FXP_2DAY_SNAP_PES_V,INVENTORY_COMPLETE_A,DATE
rpt-network-plng,sitetracker_data,ST_FXP_2DAY_SNAP_PES_V,INVENTORY_COMPLETE_F,DATE
rpt-network-plng,sitetracker_data,ST_FXP_2DAY_SNAP_PES_V,SITE_INVENTORY_STACK,STRING
rpt-network-plng,sitetracker_data,ST_FXP_2DAY_SNAP_PES_V,PHASE_INVENTORY_STACK,STRING
rpt-network-plng,sitetracker_data,ST_FXP_2DAY_SNAP_PES_V,INVESTMENT_REASON,STRING
rpt-network-plng,sitetracker_data,ST_FXP_2DAY_SNAP_PES_V,JOINT_TRENCH_MEETING_DATE_A,DATE
rpt-network-plng,sitetracker_data,ST_FXP_2DAY_SNAP_PES_V,JOINT_TRENCH_MEETING_DATE_F,DATE
rpt-network-plng,sitetracker_data,ST_FXP_2DAY_SNAP_PES_V,JOINT_TRENCH_MEETING,STRING
rpt-network-plng,sitetracker_data,ST_FXP_2DAY_SNAP_PES_V,SITE_JOINT_TRENCH_READY_DATE,DATE
rpt-network-plng,sitetracker_data,ST_FXP_2DAY_SNAP_PES_V,PHASE_JOINT_TRENCH_READY_DATE,DATE
rpt-network-plng,sitetracker_data,ST_FXP_2DAY_SNAP_PES_V,LANDBASE_REQUEST_COMPLETED_A,DATE
rpt-network-plng,sitetracker_data,ST_FXP_2DAY_SNAP_PES_V,LANDBASE_REQUEST_COMPLETED_F,DATE
rpt-network-plng,sitetracker_data,ST_FXP_2DAY_SNAP_PES_V,LAST_MODIFIED_DATE,DATE
rpt-network-plng,sitetracker_data,ST_FXP_2DAY_SNAP_PES_V,LATITUDE,STRING
rpt-network-plng,sitetracker_data,ST_FXP_2DAY_SNAP_PES_V,LEEP_F1_PORTION_A,DATE
rpt-network-plng,sitetracker_data,ST_FXP_2DAY_SNAP_PES_V,LEEP_F1_PORTION_F,DATE
rpt-network-plng,sitetracker_data,ST_FXP_2DAY_SNAP_PES_V,LEEP_F2_PORTION_A,DATE
rpt-network-plng,sitetracker_data,ST_FXP_2DAY_SNAP_PES_V,LEEP_F2_PORTION_F,DATE
rpt-network-plng,sitetracker_data,ST_FXP_2DAY_SNAP_PES_V,LEN_ASSIGNMENTS,STRING
rpt-network-plng,sitetracker_data,ST_FXP_2DAY_SNAP_PES_V,LOAD_KMZ_FILE_INTERVAL_TABLES_A,DATE
rpt-network-plng,sitetracker_data,ST_FXP_2DAY_SNAP_PES_V,LOAD_KMZ_FILE_INTERVAL_TABLES_F,DATE
rpt-network-plng,sitetracker_data,ST_FXP_2DAY_SNAP_PES_V,LONGITUDE,STRING
rpt-network-plng,sitetracker_data,ST_FXP_2DAY_SNAP_PES_V,LU_MISSED_ON_COMPLETE,NUMERIC
rpt-network-plng,sitetracker_data,ST_FXP_2DAY_SNAP_PES_V,MAKE_READY_CONSTRUCTION_EST_CMP_P,DATE
rpt-network-plng,sitetracker_data,ST_FXP_2DAY_SNAP_PES_V,MAKE_READY_CONSTRUCTION_EST_CMP_S,DATE
rpt-network-plng,sitetracker_data,ST_FXP_2DAY_SNAP_PES_V,MAKE_READY_COST_P,NUMERIC
rpt-network-plng,sitetracker_data,ST_FXP_2DAY_SNAP_PES_V,MAKE_READY_COST_S,NUMERIC
rpt-network-plng,sitetracker_data,ST_FXP_2DAY_SNAP_PES_V,MAKE_READY_ESTIMATE_RECEIVED_A,DATE
rpt-network-plng,sitetracker_data,ST_FXP_2DAY_SNAP_PES_V,MAKE_READY_ESTIMATE_RECEIVED_F,DATE
rpt-network-plng,sitetracker_data,ST_FXP_2DAY_SNAP_PES_V,MAKE_READY_PAYMENT_SUBMITTED_A,DATE
rpt-network-plng,sitetracker_data,ST_FXP_2DAY_SNAP_PES_V,MAKE_READY_PAYMENT_SUBMITTED_F,DATE
rpt-network-plng,sitetracker_data,ST_FXP_2DAY_SNAP_PES_V,MAKE_READY_REQUIRED,STRING
rpt-network-plng,sitetracker_data,ST_FXP_2DAY_SNAP_PES_V,MANUAL_OLS_LOAD_LAYER_1_A,DATE
rpt-network-plng,sitetracker_data,ST_FXP_2DAY_SNAP_PES_V,MANUAL_OLS_LOAD_LAYER_1_F,DATE
rpt-network-plng,sitetracker_data,ST_FXP_2DAY_SNAP_PES_V,MANUAL_OLS_RECEIVED,DATE
rpt-network-plng,sitetracker_data,ST_FXP_2DAY_SNAP_PES_V,MATERIALS_RECEIVED_A,DATE
rpt-network-plng,sitetracker_data,ST_FXP_2DAY_SNAP_PES_V,MATERIALS_RECEIVED_F,DATE
rpt-network-plng,sitetracker_data,ST_FXP_2DAY_SNAP_PES_V,MKTG_PM_NAME,STRING
rpt-network-plng,sitetracker_data,ST_FXP_2DAY_SNAP_PES_V,MKTG_PM_CONTACT_COMPANY,STRING
rpt-network-plng,sitetracker_data,ST_FXP_2DAY_SNAP_PES_V,MKTG_PM_COMPANY_ADDRESS,STRING
rpt-network-plng,sitetracker_data,ST_FXP_2DAY_SNAP_PES_V,MKTG_PM_CONTACT_EMAIL,STRING
rpt-network-plng,sitetracker_data,ST_FXP_2DAY_SNAP_PES_V,MKTG_PM_CONTACT_PHONE,STRING
rpt-network-plng,sitetracker_data,ST_FXP_2DAY_SNAP_PES_V,MKTG_PM_CONTACT_TYPE,STRING
rpt-network-plng,sitetracker_data,ST_FXP_2DAY_SNAP_PES_V,SITE_NDS_PROJECT_NAME,STRING
rpt-network-plng,sitetracker_data,ST_FXP_2DAY_SNAP_PES_V,SITE_NDS_PROJECT_NUMBER,STRING
rpt-network-plng,sitetracker_data,ST_FXP_2DAY_SNAP_PES_V,PHASE_NDS_PROJECT_NAME,STRING
rpt-network-plng,sitetracker_data,ST_FXP_2DAY_SNAP_PES_V,PHASE_NDS_PROJECT_NUMBER,STRING
rpt-network-plng,sitetracker_data,ST_FXP_2DAY_SNAP_PES_V,NDS_QF_QM_ERROR_CLEANUP_A,DATE
rpt-network-plng,sitetracker_data,ST_FXP_2DAY_SNAP_PES_V,NDS_QF_QM_ERROR_CLEANUP_F,DATE
rpt-network-plng,sitetracker_data,ST_FXP_2DAY_SNAP_PES_V,SITE_NDS_USER_ID,STRING
rpt-network-plng,sitetracker_data,ST_FXP_2DAY_SNAP_PES_V,PHASE_NDS_USER_ID,STRING
rpt-network-plng,sitetracker_data,ST_FXP_2DAY_SNAP_PES_V,NEW_OR_EXISTING_FSAI,STRING
rpt-network-plng,sitetracker_data,ST_FXP_2DAY_SNAP_PES_V,NI_ACCEPTED_HANDOFF_A,DATE
rpt-network-plng,sitetracker_data,ST_FXP_2DAY_SNAP_PES_V,NI_ACCEPTED_HANDOFF_F,DATE
rpt-network-plng,sitetracker_data,ST_FXP_2DAY_SNAP_PES_V,SITE_NO_BUILD_COMMENTS,INT64
rpt-network-plng,sitetracker_data,ST_FXP_2DAY_SNAP_PES_V,NO_BUILD_NOTIFICATION_A,DATE
rpt-network-plng,sitetracker_data,ST_FXP_2DAY_SNAP_PES_V,NO_BUILD_NOTIFICATION_F,DATE
rpt-network-plng,sitetracker_data,ST_FXP_2DAY_SNAP_PES_V,NO_BUILD_PUN_FORM_SUBMITTED_A,DATE
rpt-network-plng,sitetracker_data,ST_FXP_2DAY_SNAP_PES_V,NO_BUILD_PUN_FORM_SUBMITTED_F,DATE
rpt-network-plng,sitetracker_data,ST_FXP_2DAY_SNAP_PES_V,NOTIFY_MARKETING_A,DATE
rpt-network-plng,sitetracker_data,ST_FXP_2DAY_SNAP_PES_V,NOTIFY_MARKETING_F,DATE
rpt-network-plng,sitetracker_data,ST_FXP_2DAY_SNAP_PES_V,SITE_NUMBER_OF_BUILD_LUS,NUMERIC
rpt-network-plng,sitetracker_data,ST_FXP_2DAY_SNAP_PES_V,PHASE_NUMBER_OF_BUILD_LUS,NUMERIC
rpt-network-plng,sitetracker_data,ST_FXP_2DAY_SNAP_PES_V,SITE_NUMBER_OF_CONSTRUCTED_SERVICE_LOCATIONS,NUMERIC
rpt-network-plng,sitetracker_data,ST_FXP_2DAY_SNAP_PES_V,SITE_NUMBER_OF_INVENTORIED_SERVICE_LOCATIONS,NUMERIC
rpt-network-plng,sitetracker_data,ST_FXP_2DAY_SNAP_PES_V,PHASE_NUMBER_OF_CONSTRUCTED_SERVICE_LOCATIONS,NUMERIC
rpt-network-plng,sitetracker_data,ST_FXP_2DAY_SNAP_PES_V,PHASE_NUMBER_OF_INVENTORIED_SERVICE_LOCATIONS,NUMERIC
rpt-network-plng,sitetracker_data,ST_FXP_2DAY_SNAP_PES_V,SITE_NUM_OF_LUS,NUMERIC
rpt-network-plng,sitetracker_data,ST_FXP_2DAY_SNAP_PES_V,PHASE_NUM_OF_LUS,NUMERIC
rpt-network-plng,sitetracker_data,ST_FXP_2DAY_SNAP_PES_V,NUMBER_OF_POLES_P,NUMERIC
rpt-network-plng,sitetracker_data,ST_FXP_2DAY_SNAP_PES_V,NUMBER_OF_POLES_S,NUMERIC
rpt-network-plng,sitetracker_data,ST_FXP_2DAY_SNAP_PES_V,ODIN_LAYER_2_3_TA_PATH_DEVICE_A,DATE
rpt-network-plng,sitetracker_data,ST_FXP_2DAY_SNAP_PES_V,ODIN_LAYER_2_3_TA_PATH_DEVICE_F,DATE
rpt-network-plng,sitetracker_data,ST_FXP_2DAY_SNAP_PES_V,ODIN_LOAD_LAYER_1_A,DATE
rpt-network-plng,sitetracker_data,ST_FXP_2DAY_SNAP_PES_V,ODIN_LOAD_LAYER_1_F,DATE
rpt-network-plng,sitetracker_data,ST_FXP_2DAY_SNAP_PES_V,ODIN_LOAD_LAYER_2_3_SASKTEL_LOAD_A,DATE
rpt-network-plng,sitetracker_data,ST_FXP_2DAY_SNAP_PES_V,ODIN_LOAD_LAYER_2_3_SASKTEL_LOAD_F,DATE
rpt-network-plng,sitetracker_data,ST_FXP_2DAY_SNAP_PES_V,NUM_OF_LUS_SOW,NUMERIC
rpt-network-plng,sitetracker_data,ST_FXP_2DAY_SNAP_PES_V,NUM_OF_PERMITS_SUBMITTED_P,NUMERIC
rpt-network-plng,sitetracker_data,ST_FXP_2DAY_SNAP_PES_V,NUM_OF_PERMITS_SUBMITTED_S,NUMERIC
rpt-network-plng,sitetracker_data,ST_FXP_2DAY_SNAP_PES_V,NUM_OF_SPLITTERS_BEING_PLACED,NUMERIC
rpt-network-plng,sitetracker_data,ST_FXP_2DAY_SNAP_PES_V,OFFER_CONFIRMATION_A,DATE
rpt-network-plng,sitetracker_data,ST_FXP_2DAY_SNAP_PES_V,OFFER_CONFIRMATION_F,DATE
rpt-network-plng,sitetracker_data,ST_FXP_2DAY_SNAP_PES_V,OLT,STRING
rpt-network-plng,sitetracker_data,ST_FXP_2DAY_SNAP_PES_V,OLT_ADDRESS,STRING
rpt-network-plng,sitetracker_data,ST_FXP_2DAY_SNAP_PES_V,OLT_CARD,STRING
rpt-network-plng,sitetracker_data,ST_FXP_2DAY_SNAP_PES_V,OLT_CLLI,STRING
rpt-network-plng,sitetracker_data,ST_FXP_2DAY_SNAP_PES_V,OLT_CONFIGURATION,STRING
rpt-network-plng,sitetracker_data,ST_FXP_2DAY_SNAP_PES_V,OLT_COUNT,STRING
rpt-network-plng,sitetracker_data,ST_FXP_2DAY_SNAP_PES_V,OLT_F1_FIBER_SPLITTER_ASSIGNMENT,INT64
rpt-network-plng,sitetracker_data,ST_FXP_2DAY_SNAP_PES_V,OLT_LOCATION,STRING
rpt-network-plng,sitetracker_data,ST_FXP_2DAY_SNAP_PES_V,OLT_MANUFACTURER_TYPE,STRING
rpt-network-plng,sitetracker_data,ST_FXP_2DAY_SNAP_PES_V,OLT_PORTS,STRING
rpt-network-plng,sitetracker_data,ST_FXP_2DAY_SNAP_PES_V,OLT_SHELF,STRING
rpt-network-plng,sitetracker_data,ST_FXP_2DAY_SNAP_PES_V,OLT_TO_FSAI,STRING
rpt-network-plng,sitetracker_data,ST_FXP_2DAY_SNAP_PES_V,OLT_TYPE,STRING
rpt-network-plng,sitetracker_data,ST_FXP_2DAY_SNAP_PES_V,ON_TIME,STRING
rpt-network-plng,sitetracker_data,ST_FXP_2DAY_SNAP_PES_V,ONA,STRING
rpt-network-plng,sitetracker_data,ST_FXP_2DAY_SNAP_PES_V,ONA_CUID,STRING
rpt-network-plng,sitetracker_data,ST_FXP_2DAY_SNAP_PES_V,ONT_TYPE,STRING
rpt-network-plng,sitetracker_data,ST_FXP_2DAY_SNAP_PES_V,OPPORTUNITY_CREATED_A,DATE
rpt-network-plng,sitetracker_data,ST_FXP_2DAY_SNAP_PES_V,OPPORTUNITY_CREATED_F,DATE
rpt-network-plng,sitetracker_data,ST_FXP_2DAY_SNAP_PES_V,ORDER_MATERIALS_A,DATE
rpt-network-plng,sitetracker_data,ST_FXP_2DAY_SNAP_PES_V,ORDER_MATERIALS_F,DATE
rpt-network-plng,sitetracker_data,ST_FXP_2DAY_SNAP_PES_V,OSP_CONSTRUCTION_COMPLETE_A,DATE
rpt-network-plng,sitetracker_data,ST_FXP_2DAY_SNAP_PES_V,OSP_CONSTRUCTION_COMPLETE_F,DATE
rpt-network-plng,sitetracker_data,ST_FXP_2DAY_SNAP_PES_V,OSP_CONSTRUCTION_START_A,DATE
rpt-network-plng,sitetracker_data,ST_FXP_2DAY_SNAP_PES_V,OSP_CONSTRUCTION_START_F,DATE
rpt-network-plng,sitetracker_data,ST_FXP_2DAY_SNAP_PES_V,SITE_PARTIAL_RFS_RECEIVED,DATE
rpt-network-plng,sitetracker_data,ST_FXP_2DAY_SNAP_PES_V,PHASE_PARTIAL_RFS_RECEIVED,DATE
rpt-network-plng,sitetracker_data,ST_FXP_2DAY_SNAP_PES_V,PATH_TO_LAYER_1,STRING
rpt-network-plng,sitetracker_data,ST_FXP_2DAY_SNAP_PES_V,PERMIT_FEE,NUMERIC
rpt-network-plng,sitetracker_data,ST_FXP_2DAY_SNAP_PES_V,PERMIT_FEE_S,NUMERIC
rpt-network-plng,sitetracker_data,ST_FXP_2DAY_SNAP_PES_V,PERMITS_RECEIVED_A,DATE
rpt-network-plng,sitetracker_data,ST_FXP_2DAY_SNAP_PES_V,PERMITS_RECEIVED_F,DATE
rpt-network-plng,sitetracker_data,ST_FXP_2DAY_SNAP_PES_V,PERMITS_REQUIRED,STRING
rpt-network-plng,sitetracker_data,ST_FXP_2DAY_SNAP_PES_V,PERMITS_SUBMITTED_A,DATE
rpt-network-plng,sitetracker_data,ST_FXP_2DAY_SNAP_PES_V,PERMITS_SUBMITTED_F,DATE
rpt-network-plng,sitetracker_data,ST_FXP_2DAY_SNAP_PES_V,PERMITTING_RIGHT_OF_WAY_DEPENDENCIES_A,DATE
rpt-network-plng,sitetracker_data,ST_FXP_2DAY_SNAP_PES_V,PERMITTING_RIGHT_OF_WAY_DEPENDENCIES_F,DATE
rpt-network-plng,sitetracker_data,ST_FXP_2DAY_SNAP_PES_V,PHASE_LUS_OUT_OF_SYNC_WITH_SALESFORCE,NUMERIC
rpt-network-plng,sitetracker_data,ST_FXP_2DAY_SNAP_PES_V,PHASE_S_IMPLEMENTATION_A,DATE
rpt-network-plng,sitetracker_data,ST_FXP_2DAY_SNAP_PES_V,PHASE_S_IMPLEMENTATION_F,DATE
rpt-network-plng,sitetracker_data,ST_FXP_2DAY_SNAP_PES_V,PLACING_A,DATE
rpt-network-plng,sitetracker_data,ST_FXP_2DAY_SNAP_PES_V,PLACING_F,DATE
rpt-network-plng,sitetracker_data,ST_FXP_2DAY_SNAP_PES_V,PLANNER_REVIEWS_OFFER_DECISION_A,DATE
rpt-network-plng,sitetracker_data,ST_FXP_2DAY_SNAP_PES_V,PLANNER_REVIEWS_OFFER_DECISION_F,DATE
rpt-network-plng,sitetracker_data,ST_FXP_2DAY_SNAP_PES_V,PLANNING_ACCEPTS_HANDOFF_A,DATE
rpt-network-plng,sitetracker_data,ST_FXP_2DAY_SNAP_PES_V,PLANNING_ACCEPTS_HANDOFF_F,DATE
rpt-network-plng,sitetracker_data,ST_FXP_2DAY_SNAP_PES_V,PLANNING_GATE_DECISION_A,DATE
rpt-network-plng,sitetracker_data,ST_FXP_2DAY_SNAP_PES_V,PLANNING_GATE_DECISION_F,DATE
rpt-network-plng,sitetracker_data,ST_FXP_2DAY_SNAP_PES_V,PLANNING_GATE_SUBMITTAL_A,DATE
rpt-network-plng,sitetracker_data,ST_FXP_2DAY_SNAP_PES_V,PLANNING_GATE_SUBMITTAL_F,DATE
rpt-network-plng,sitetracker_data,ST_FXP_2DAY_SNAP_PES_V,PLANNING_HANDOFF_COMPLETE_A,DATE
rpt-network-plng,sitetracker_data,ST_FXP_2DAY_SNAP_PES_V,PLANNING_HANDOFF_COMPLETE_F,DATE
rpt-network-plng,sitetracker_data,ST_FXP_2DAY_SNAP_PES_V,PLATS_UPLOADED,NUMERIC
rpt-network-plng,sitetracker_data,ST_FXP_2DAY_SNAP_PES_V,POLES_DENIED_S,NUMERIC
rpt-network-plng,sitetracker_data,ST_FXP_2DAY_SNAP_PES_V,SITE_POLYGON_ECD,DATE
rpt-network-plng,sitetracker_data,ST_FXP_2DAY_SNAP_PES_V,PHASE_POLYGON_ECD,DATE
rpt-network-plng,sitetracker_data,ST_FXP_2DAY_SNAP_PES_V,SITE_POLYGON_ID,STRING
rpt-network-plng,sitetracker_data,ST_FXP_2DAY_SNAP_PES_V,PHASE_POLYGON_ID,STRING
rpt-network-plng,sitetracker_data,ST_FXP_2DAY_SNAP_PES_V,POLYGON_IN_PRODUCTION_A,DATE
rpt-network-plng,sitetracker_data,ST_FXP_2DAY_SNAP_PES_V,POLYGON_IN_PRODUCTION_F,DATE
rpt-network-plng,sitetracker_data,ST_FXP_2DAY_SNAP_PES_V,SITE_POLYGON_IN_SERVICE,STRING
rpt-network-plng,sitetracker_data,ST_FXP_2DAY_SNAP_PES_V,PHASE_POLYGON_IN_SERVICE,STRING
rpt-network-plng,sitetracker_data,ST_FXP_2DAY_SNAP_PES_V,SITE_POLYGON_IN_SERVICE_DATE,DATE
rpt-network-plng,sitetracker_data,ST_FXP_2DAY_SNAP_PES_V,PHASE_POLYGON_IN_SERVICE_DATE,DATE
rpt-network-plng,sitetracker_data,ST_FXP_2DAY_SNAP_PES_V,SITE_POLYGON_STATUS,STRING
rpt-network-plng,sitetracker_data,ST_FXP_2DAY_SNAP_PES_V,PHASE_POLYGON_STATUS,STRING
rpt-network-plng,sitetracker_data,ST_FXP_2DAY_SNAP_PES_V,POM_DECISION_A,DATE
rpt-network-plng,sitetracker_data,ST_FXP_2DAY_SNAP_PES_V,POM_DECISION_F,DATE
rpt-network-plng,sitetracker_data,ST_FXP_2DAY_SNAP_PES_V,POM_REVIEW_A,DATE
rpt-network-plng,sitetracker_data,ST_FXP_2DAY_SNAP_PES_V,POM_REVIEW_F,DATE
rpt-network-plng,sitetracker_data,ST_FXP_2DAY_SNAP_PES_V,PORTS,STRING
rpt-network-plng,sitetracker_data,ST_FXP_2DAY_SNAP_PES_V,POWER_COMPANY_NAME,STRING
rpt-network-plng,sitetracker_data,ST_FXP_2DAY_SNAP_PES_V,POWER_SOURCE,STRING
rpt-network-plng,sitetracker_data,ST_FXP_2DAY_SNAP_PES_V,POWER_SOURCE_LOCATION,STRING
rpt-network-plng,sitetracker_data,ST_FXP_2DAY_SNAP_PES_V,PREMISE_EQUIPMENT_INSTALLED_A,DATE
rpt-network-plng,sitetracker_data,ST_FXP_2DAY_SNAP_PES_V,PREMISE_EQUIPMENT_INSTALLED_F,DATE
rpt-network-plng,sitetracker_data,ST_FXP_2DAY_SNAP_PES_V,SITE_PREMISE_READY,DATE
rpt-network-plng,sitetracker_data,ST_FXP_2DAY_SNAP_PES_V,PHASE_PREMISE_READY,DATE
rpt-network-plng,sitetracker_data,ST_FXP_2DAY_SNAP_PES_V,PRIMARY_POWER_COMPANY_NAME,STRING
rpt-network-plng,sitetracker_data,ST_FXP_2DAY_SNAP_PES_V,SITE_PROGRAM_NAME,STRING
rpt-network-plng,sitetracker_data,ST_FXP_2DAY_SNAP_PES_V,PHASE_PROGRAM_NAME,STRING
rpt-network-plng,sitetracker_data,ST_FXP_2DAY_SNAP_PES_V,SITE_PROJECT_AUDIT_COMMENTS,STRING
rpt-network-plng,sitetracker_data,ST_FXP_2DAY_SNAP_PES_V,PHASE_PROJECT_AUDIT_COMMENTS,STRING
rpt-network-plng,sitetracker_data,ST_FXP_2DAY_SNAP_PES_V,SITE_PROJECT_AUDIT_REQUESTED,NUMERIC
rpt-network-plng,sitetracker_data,ST_FXP_2DAY_SNAP_PES_V,PHASE_PROJECT_AUDIT_REQUESTED,NUMERIC
rpt-network-plng,sitetracker_data,ST_FXP_2DAY_SNAP_PES_V,PROJECT_BOUNDARY_CREATED_A,DATE
rpt-network-plng,sitetracker_data,ST_FXP_2DAY_SNAP_PES_V,PROJECT_BOUNDARY_CREATED_F,DATE
rpt-network-plng,sitetracker_data,ST_FXP_2DAY_SNAP_PES_V,SITE_PROJECT_COMMENTS_HISTORY_LONG_TEXT,INT64
rpt-network-plng,sitetracker_data,ST_FXP_2DAY_SNAP_PES_V,PHASE_PROJECT_COMMENTS_HISTORY_LONG_TEXT,INT64
rpt-network-plng,sitetracker_data,ST_FXP_2DAY_SNAP_PES_V,SITE_PROJECT_COMMENTS_LONG_TEXT,INT64
rpt-network-plng,sitetracker_data,ST_FXP_2DAY_SNAP_PES_V,PHASE_PROJECT_COMMENTS_LONG_TEXT,INT64
rpt-network-plng,sitetracker_data,ST_FXP_2DAY_SNAP_PES_V,SITE_PROJECT_DESCRIPTION,STRING
rpt-network-plng,sitetracker_data,ST_FXP_2DAY_SNAP_PES_V,PHASE_PROJECT_DESCRIPTION,STRING
rpt-network-plng,sitetracker_data,ST_FXP_2DAY_SNAP_PES_V,PROJECT_FIBER_AERIAL_FOOTAGE,NUMERIC
rpt-network-plng,sitetracker_data,ST_FXP_2DAY_SNAP_PES_V,PROJECT_FIBER_BURIED_UG_FOOTAGE,NUMERIC
rpt-network-plng,sitetracker_data,ST_FXP_2DAY_SNAP_PES_V,PROJECT_FIBER_FOOTAGE,NUMERIC
rpt-network-plng,sitetracker_data,ST_FXP_2DAY_SNAP_PES_V,PROJECT_FIBER_PLCG_FOOTAGE_COMPLETE,NUMERIC
rpt-network-plng,sitetracker_data,ST_FXP_2DAY_SNAP_PES_V,PROJECT_FIBER_PLCG_PERCENTAGE,NUMERIC
rpt-network-plng,sitetracker_data,ST_FXP_2DAY_SNAP_PES_V,PROJECT_FIBER_SPL_FOOTAGE_COMPLETE,NUMERIC
rpt-network-plng,sitetracker_data,ST_FXP_2DAY_SNAP_PES_V,PROJECT_FIBER_SPL_PERCENTAGE,NUMERIC
rpt-network-plng,sitetracker_data,ST_FXP_2DAY_SNAP_PES_V,PROJECT_INITIATED_IN_SAP_FIREWORKS_A,DATE
rpt-network-plng,sitetracker_data,ST_FXP_2DAY_SNAP_PES_V,PROJECT_INITIATED_IN_SAP_FIREWORKS_F,DATE
rpt-network-plng,sitetracker_data,ST_FXP_2DAY_SNAP_PES_V,SITE_PROJECT_NAME,STRING
rpt-network-plng,sitetracker_data,ST_FXP_2DAY_SNAP_PES_V,PHASE_PROJECT_NAME,STRING
rpt-network-plng,sitetracker_data,ST_FXP_2DAY_SNAP_PES_V,PROJECT_REDLINES_COMPLETED_A,DATE
rpt-network-plng,sitetracker_data,ST_FXP_2DAY_SNAP_PES_V,PROJECT_REDLINES_COMPLETED_F,DATE
rpt-network-plng,sitetracker_data,ST_FXP_2DAY_SNAP_PES_V,PROVISIONING_COMPLETE_A,DATE
rpt-network-plng,sitetracker_data,ST_FXP_2DAY_SNAP_PES_V,PROVISIONING_COMPLETE_F,DATE
rpt-network-plng,sitetracker_data,ST_FXP_2DAY_SNAP_PES_V,PTA_POLE_APPLICATION_SUBMITTED_A,DATE
rpt-network-plng,sitetracker_data,ST_FXP_2DAY_SNAP_PES_V,PTA_POLE_APPLICATION_SUBMITTED_F,DATE
rpt-network-plng,sitetracker_data,ST_FXP_2DAY_SNAP_PES_V,PTA_RECEIVED_FROM_POLE_OWNER_A,DATE
rpt-network-plng,sitetracker_data,ST_FXP_2DAY_SNAP_PES_V,PTA_RECEIVED_FROM_POLE_OWNER_F,DATE
rpt-network-plng,sitetracker_data,ST_FXP_2DAY_SNAP_PES_V,PTA_VENDOR_ASSIGNMENT_P,STRING
rpt-network-plng,sitetracker_data,ST_FXP_2DAY_SNAP_PES_V,PTA_VENDOR_ASSIGNMENT_S,STRING
rpt-network-plng,sitetracker_data,ST_FXP_2DAY_SNAP_PES_V,PTA_VENDOR_P,STRING
rpt-network-plng,sitetracker_data,ST_FXP_2DAY_SNAP_PES_V,PTA_VENDOR_S,STRING
rpt-network-plng,sitetracker_data,ST_FXP_2DAY_SNAP_PES_V,PUN_FORM_A,DATE
rpt-network-plng,sitetracker_data,ST_FXP_2DAY_SNAP_PES_V,PUN_FORM_F,DATE
rpt-network-plng,sitetracker_data,ST_FXP_2DAY_SNAP_PES_V,QF_AUTOMATION_POSTED_TO_TOP_A,DATE
rpt-network-plng,sitetracker_data,ST_FXP_2DAY_SNAP_PES_V,QF_AUTOMATION_POSTED_TO_TOP_F,DATE
rpt-network-plng,sitetracker_data,ST_FXP_2DAY_SNAP_PES_V,RECORD_UPDATES_FINAL_POST_A,DATE
rpt-network-plng,sitetracker_data,ST_FXP_2DAY_SNAP_PES_V,RECORD_UPDATES_FINAL_POST_F,DATE
rpt-network-plng,sitetracker_data,ST_FXP_2DAY_SNAP_PES_V,REDLINES_TO_DESIGN_A,DATE
rpt-network-plng,sitetracker_data,ST_FXP_2DAY_SNAP_PES_V,REDLINES_TO_DESIGN_F,DATE
rpt-network-plng,sitetracker_data,ST_FXP_2DAY_SNAP_PES_V,SITE_REJECT_FLAG,NUMERIC
rpt-network-plng,sitetracker_data,ST_FXP_2DAY_SNAP_PES_V,PHASE_REJECT_FLAG,NUMERIC
rpt-network-plng,sitetracker_data,ST_FXP_2DAY_SNAP_PES_V,RELATED_F1_FOOTAGE_PLCG_COMPLETE,NUMERIC
rpt-network-plng,sitetracker_data,ST_FXP_2DAY_SNAP_PES_V,RELATED_F1_FOOTAGE_SPL_COMPLETE,NUMERIC
rpt-network-plng,sitetracker_data,ST_FXP_2DAY_SNAP_PES_V,RELATED_F1_PLCG_PERCENTAGE_COMPLETE,NUMERIC
rpt-network-plng,sitetracker_data,ST_FXP_2DAY_SNAP_PES_V,RELATED_F1_SPL_PERCENTAGE_COMPLETE,NUMERIC
rpt-network-plng,sitetracker_data,ST_FXP_2DAY_SNAP_PES_V,RELATED_F2_FOOTAGE_PLCG_COMPLETE,NUMERIC
rpt-network-plng,sitetracker_data,ST_FXP_2DAY_SNAP_PES_V,RELATED_F2_FOOTAGE_SPL_COMPLETE,NUMERIC
rpt-network-plng,sitetracker_data,ST_FXP_2DAY_SNAP_PES_V,RELATED_F2_PLCG_PERCENTAGE_COMPLETE,NUMERIC
rpt-network-plng,sitetracker_data,ST_FXP_2DAY_SNAP_PES_V,RELATED_F2_SPL_PERCENTAGE_COMPLETE,NUMERIC
rpt-network-plng,sitetracker_data,ST_FXP_2DAY_SNAP_PES_V,RELATED_FIBER_AERIAL_FOOTAGE,NUMERIC
rpt-network-plng,sitetracker_data,ST_FXP_2DAY_SNAP_PES_V,RELATED_FIBER_BURIED_UG_FOOTAGE,NUMERIC
rpt-network-plng,sitetracker_data,ST_FXP_2DAY_SNAP_PES_V,RELATED_FIBER_FOOTAGE,NUMERIC
rpt-network-plng,sitetracker_data,ST_FXP_2DAY_SNAP_PES_V,RELATED_FIBER_PLCG_FOOTAGE_COMPLETE,NUMERIC
rpt-network-plng,sitetracker_data,ST_FXP_2DAY_SNAP_PES_V,RELATED_FIBER_PLCG_PERCENTAGE,NUMERIC
rpt-network-plng,sitetracker_data,ST_FXP_2DAY_SNAP_PES_V,RELATED_FIBER_SPL_FOOTAGE_COMPLETE,NUMERIC
rpt-network-plng,sitetracker_data,ST_FXP_2DAY_SNAP_PES_V,RELATED_FIBER_SPL_PERCENTAGE,NUMERIC
rpt-network-plng,sitetracker_data,ST_FXP_2DAY_SNAP_PES_V,RELATED_PROJECT_S_IMPLEMENTATION_A,DATE
rpt-network-plng,sitetracker_data,ST_FXP_2DAY_SNAP_PES_V,RELATED_PROJECT_S_IMPLEMENTATION_F,DATE
rpt-network-plng,sitetracker_data,ST_FXP_2DAY_SNAP_PES_V,RELAY_RACK,STRING
rpt-network-plng,sitetracker_data,ST_FXP_2DAY_SNAP_PES_V,RELEASED_TO_CONSTRUCTION_A,DATE
rpt-network-plng,sitetracker_data,ST_FXP_2DAY_SNAP_PES_V,RELEASED_TO_CONSTRUCTION_F,DATE
rpt-network-plng,sitetracker_data,ST_FXP_2DAY_SNAP_PES_V,REVIEW_CAPITAL_DESIGN_AND_ADD_F1_COS_A,DATE
rpt-network-plng,sitetracker_data,ST_FXP_2DAY_SNAP_PES_V,REVIEW_CAPITAL_DESIGN_AND_ADD_F1_COS_F,DATE
rpt-network-plng,sitetracker_data,ST_FXP_2DAY_SNAP_PES_V,REVIEW_IN_STAGING_A,DATE
rpt-network-plng,sitetracker_data,ST_FXP_2DAY_SNAP_PES_V,REVIEW_IN_STAGING_F,DATE
rpt-network-plng,sitetracker_data,ST_FXP_2DAY_SNAP_PES_V,SF_PHASE_RECORD,STRING
rpt-network-plng,sitetracker_data,ST_FXP_2DAY_SNAP_PES_V,SALES_OSR_CONTACT,STRING
rpt-network-plng,sitetracker_data,ST_FXP_2DAY_SNAP_PES_V,SF_IMPLEMENTATION_RECORD,STRING
rpt-network-plng,sitetracker_data,ST_FXP_2DAY_SNAP_PES_V,SAP_SYSTEM_STATUS,STRING
rpt-network-plng,sitetracker_data,ST_FXP_2DAY_SNAP_PES_V,SECONDARY_POWER_COMPANY_NAME,STRING
rpt-network-plng,sitetracker_data,ST_FXP_2DAY_SNAP_PES_V,SEGMENT,STRING
rpt-network-plng,sitetracker_data,ST_FXP_2DAY_SNAP_PES_V,SERVICE_AREA,STRING
rpt-network-plng,sitetracker_data,ST_FXP_2DAY_SNAP_PES_V,SHELF,STRING
rpt-network-plng,sitetracker_data,ST_FXP_2DAY_SNAP_PES_V,SITE_PROJECT_STATUS,STRING
rpt-network-plng,sitetracker_data,ST_FXP_2DAY_SNAP_PES_V,PHASE_PROJECT_STATUS,STRING
rpt-network-plng,sitetracker_data,ST_FXP_2DAY_SNAP_PES_V,SITE_PROJECT_STATUS_OVERRIDE,NUMERIC
rpt-network-plng,sitetracker_data,ST_FXP_2DAY_SNAP_PES_V,SITE_PROJECT_STATUS_OVERRIDE_REASON,STRING
rpt-network-plng,sitetracker_data,ST_FXP_2DAY_SNAP_PES_V,PHASE_PROJECT_STATUS_OVERRIDE,NUMERIC
rpt-network-plng,sitetracker_data,ST_FXP_2DAY_SNAP_PES_V,PHASE_PROJECT_STATUS_OVERRIDE_REASON,STRING
rpt-network-plng,sitetracker_data,ST_FXP_2DAY_SNAP_PES_V,SITE_NAME,STRING
rpt-network-plng,sitetracker_data,ST_FXP_2DAY_SNAP_PES_V,SITEWALK_CATEGORY_1,STRING
rpt-network-plng,sitetracker_data,ST_FXP_2DAY_SNAP_PES_V,SITEWALK_CATEGORY_2,STRING
rpt-network-plng,sitetracker_data,ST_FXP_2DAY_SNAP_PES_V,SITEWALK_COMPLETED_A,DATE
rpt-network-plng,sitetracker_data,ST_FXP_2DAY_SNAP_PES_V,SITEWALK_COMPLETED_F,DATE
rpt-network-plng,sitetracker_data,ST_FXP_2DAY_SNAP_PES_V,SITEWALK_HANDED_OFF_A,DATE
rpt-network-plng,sitetracker_data,ST_FXP_2DAY_SNAP_PES_V,SITEWALK_HANDED_OFF_F,DATE
rpt-network-plng,sitetracker_data,ST_FXP_2DAY_SNAP_PES_V,SITEWALK_REQUIRED,STRING
rpt-network-plng,sitetracker_data,ST_FXP_2DAY_SNAP_PES_V,SITEWALK_START_A,DATE
rpt-network-plng,sitetracker_data,ST_FXP_2DAY_SNAP_PES_V,SITEWALK_START_F,DATE
rpt-network-plng,sitetracker_data,ST_FXP_2DAY_SNAP_PES_V,SITEWALK_VENDOR_1,STRING
rpt-network-plng,sitetracker_data,ST_FXP_2DAY_SNAP_PES_V,SITEWALK_VENDOR_2,STRING
rpt-network-plng,sitetracker_data,ST_FXP_2DAY_SNAP_PES_V,SOW_FORM,STRING
rpt-network-plng,sitetracker_data,ST_FXP_2DAY_SNAP_PES_V,SPLICING_A,DATE
rpt-network-plng,sitetracker_data,ST_FXP_2DAY_SNAP_PES_V,SPLICING_F,DATE
rpt-network-plng,sitetracker_data,ST_FXP_2DAY_SNAP_PES_V,SPLITTER_SIZE,STRING
rpt-network-plng,sitetracker_data,ST_FXP_2DAY_SNAP_PES_V,SITE_STAR_ID_1,STRING
rpt-network-plng,sitetracker_data,ST_FXP_2DAY_SNAP_PES_V,SITE_STAR_ID_2,STRING
rpt-network-plng,sitetracker_data,ST_FXP_2DAY_SNAP_PES_V,SITE_STAR_ID_3,STRING
rpt-network-plng,sitetracker_data,ST_FXP_2DAY_SNAP_PES_V,SITE_STAR_ID_4,STRING
rpt-network-plng,sitetracker_data,ST_FXP_2DAY_SNAP_PES_V,SITE_STAR_ID_5,STRING
rpt-network-plng,sitetracker_data,ST_FXP_2DAY_SNAP_PES_V,SITE_STAR_ID_6,STRING
rpt-network-plng,sitetracker_data,ST_FXP_2DAY_SNAP_PES_V,SITE_STAR_ID_7,STRING
rpt-network-plng,sitetracker_data,ST_FXP_2DAY_SNAP_PES_V,SITE_STAR_ID_8,STRING
rpt-network-plng,sitetracker_data,ST_FXP_2DAY_SNAP_PES_V,SITE_STAR_ID_9,STRING
rpt-network-plng,sitetracker_data,ST_FXP_2DAY_SNAP_PES_V,SITE_STAR_ID_10,STRING
rpt-network-plng,sitetracker_data,ST_FXP_2DAY_SNAP_PES_V,SITE_STAR_ID_11,STRING
rpt-network-plng,sitetracker_data,ST_FXP_2DAY_SNAP_PES_V,SITE_STAR_ID_12,STRING
rpt-network-plng,sitetracker_data,ST_FXP_2DAY_SNAP_PES_V,SITE_STAR_ID_13,STRING
rpt-network-plng,sitetracker_data,ST_FXP_2DAY_SNAP_PES_V,SITE_STAR_ID_14,STRING
rpt-network-plng,sitetracker_data,ST_FXP_2DAY_SNAP_PES_V,SITE_STAR_ID_15,STRING
rpt-network-plng,sitetracker_data,ST_FXP_2DAY_SNAP_PES_V,SITE_STAR_ID_16,STRING
rpt-network-plng,sitetracker_data,ST_FXP_2DAY_SNAP_PES_V,SITE_STAR_ID_17,STRING
rpt-network-plng,sitetracker_data,ST_FXP_2DAY_SNAP_PES_V,SITE_STAR_ID_18,STRING
rpt-network-plng,sitetracker_data,ST_FXP_2DAY_SNAP_PES_V,SITE_STAR_ID_19,STRING
rpt-network-plng,sitetracker_data,ST_FXP_2DAY_SNAP_PES_V,SITE_STAR_ID_20,STRING
rpt-network-plng,sitetracker_data,ST_FXP_2DAY_SNAP_PES_V,PHASE_STAR_ID_1,STRING
rpt-network-plng,sitetracker_data,ST_FXP_2DAY_SNAP_PES_V,PHASE_STAR_ID_2,STRING
rpt-network-plng,sitetracker_data,ST_FXP_2DAY_SNAP_PES_V,PHASE_STAR_ID_3,STRING
rpt-network-plng,sitetracker_data,ST_FXP_2DAY_SNAP_PES_V,PHASE_STAR_ID_4,STRING
rpt-network-plng,sitetracker_data,ST_FXP_2DAY_SNAP_PES_V,PHASE_STAR_ID_5,STRING
rpt-network-plng,sitetracker_data,ST_FXP_2DAY_SNAP_PES_V,PHASE_STAR_ID_6,STRING
rpt-network-plng,sitetracker_data,ST_FXP_2DAY_SNAP_PES_V,PHASE_STAR_ID_7,STRING
rpt-network-plng,sitetracker_data,ST_FXP_2DAY_SNAP_PES_V,PHASE_STAR_ID_8,STRING
rpt-network-plng,sitetracker_data,ST_FXP_2DAY_SNAP_PES_V,PHASE_STAR_ID_9,STRING
rpt-network-plng,sitetracker_data,ST_FXP_2DAY_SNAP_PES_V,PHASE_STAR_ID_10,STRING
rpt-network-plng,sitetracker_data,ST_FXP_2DAY_SNAP_PES_V,PHASE_STAR_ID_11,STRING
rpt-network-plng,sitetracker_data,ST_FXP_2DAY_SNAP_PES_V,PHASE_STAR_ID_12,STRING
rpt-network-plng,sitetracker_data,ST_FXP_2DAY_SNAP_PES_V,PHASE_STAR_ID_13,STRING
rpt-network-plng,sitetracker_data,ST_FXP_2DAY_SNAP_PES_V,PHASE_STAR_ID_14,STRING
rpt-network-plng,sitetracker_data,ST_FXP_2DAY_SNAP_PES_V,PHASE_STAR_ID_15,STRING
rpt-network-plng,sitetracker_data,ST_FXP_2DAY_SNAP_PES_V,PHASE_STAR_ID_16,STRING
rpt-network-plng,sitetracker_data,ST_FXP_2DAY_SNAP_PES_V,PHASE_STAR_ID_17,STRING
rpt-network-plng,sitetracker_data,ST_FXP_2DAY_SNAP_PES_V,PHASE_STAR_ID_18,STRING
rpt-network-plng,sitetracker_data,ST_FXP_2DAY_SNAP_PES_V,PHASE_STAR_ID_19,STRING
rpt-network-plng,sitetracker_data,ST_FXP_2DAY_SNAP_PES_V,PHASE_STAR_ID_20,STRING
rpt-network-plng,sitetracker_data,ST_FXP_2DAY_SNAP_PES_V,SUBMIT_CAPITAL_DESIGN_FOR_ASSESSMENT_A,DATE
rpt-network-plng,sitetracker_data,ST_FXP_2DAY_SNAP_PES_V,SUBMIT_CAPITAL_DESIGN_FOR_ASSESSMENT_F,DATE
rpt-network-plng,sitetracker_data,ST_FXP_2DAY_SNAP_PES_V,SUBMITS_PROPOSAL_TO_DEVELOPER_A,DATE
rpt-network-plng,sitetracker_data,ST_FXP_2DAY_SNAP_PES_V,SUBMITS_PROPOSAL_TO_DEVELOPER_F,DATE
rpt-network-plng,sitetracker_data,ST_FXP_2DAY_SNAP_PES_V,SUBMITTED_TO_PROD_A,DATE
rpt-network-plng,sitetracker_data,ST_FXP_2DAY_SNAP_PES_V,SUBMITTED_TO_PROD_F,DATE
rpt-network-plng,sitetracker_data,ST_FXP_2DAY_SNAP_PES_V,SUBMITTED_TO_STAGING_A,DATE
rpt-network-plng,sitetracker_data,ST_FXP_2DAY_SNAP_PES_V,SUBMITTED_TO_STAGING_F,DATE
rpt-network-plng,sitetracker_data,ST_FXP_2DAY_SNAP_PES_V,SUCCESS_IN_PROD_A,DATE
rpt-network-plng,sitetracker_data,ST_FXP_2DAY_SNAP_PES_V,SUCCESS_IN_PROD_F,DATE
rpt-network-plng,sitetracker_data,ST_FXP_2DAY_SNAP_PES_V,SERVICE_DELIVERY,STRING
rpt-network-plng,sitetracker_data,ST_FXP_2DAY_SNAP_PES_V,TDM_REQUIRED,STRING
rpt-network-plng,sitetracker_data,ST_FXP_2DAY_SNAP_PES_V,TECH_RESOURCES_IN_SALESFORCE,STRING
rpt-network-plng,sitetracker_data,ST_FXP_2DAY_SNAP_PES_V,TECHNICALLY_COMPLETE_A,DATE
rpt-network-plng,sitetracker_data,ST_FXP_2DAY_SNAP_PES_V,TECHNICALLY_COMPLETE_F,DATE
rpt-network-plng,sitetracker_data,ST_FXP_2DAY_SNAP_PES_V,SITE_THIRD_PARTY_MAKE_READY_ESTIMATE_COMPLETE,DATE
rpt-network-plng,sitetracker_data,ST_FXP_2DAY_SNAP_PES_V,PHASE_THIRD_PARTY_MAKE_READY_ESTIMATE_COMPLETE,DATE
rpt-network-plng,sitetracker_data,ST_FXP_2DAY_SNAP_PES_V,TID,STRING
rpt-network-plng,sitetracker_data,ST_FXP_2DAY_SNAP_PES_V,TIE_PAIR_NAME,STRING
rpt-network-plng,sitetracker_data,ST_FXP_2DAY_SNAP_PES_V,TIRKS_CIRCUITS_REQUESTED_A,DATE
rpt-network-plng,sitetracker_data,ST_FXP_2DAY_SNAP_PES_V,TIRKS_CIRCUITS_REQUESTED_F,DATE
rpt-network-plng,sitetracker_data,ST_FXP_2DAY_SNAP_PES_V,TIRKS_FIBER_INVENTORY_F1_SUBMITTED_A,DATE
rpt-network-plng,sitetracker_data,ST_FXP_2DAY_SNAP_PES_V,TIRKS_FIBER_INVENTORY_F1_SUBMITTED_F,DATE
rpt-network-plng,sitetracker_data,ST_FXP_2DAY_SNAP_PES_V,TOTAL_FIBER_AERIAL_FOOTAGE,NUMERIC
rpt-network-plng,sitetracker_data,ST_FXP_2DAY_SNAP_PES_V,TOTAL_FIBER_BURIED_UG_FOOTAGE,NUMERIC
rpt-network-plng,sitetracker_data,ST_FXP_2DAY_SNAP_PES_V,TOTAL_FIBER_FOOTAGE,NUMERIC
rpt-network-plng,sitetracker_data,ST_FXP_2DAY_SNAP_PES_V,TOTAL_FIBER_PLCG_FOOTAGE_COMPLETE,NUMERIC
rpt-network-plng,sitetracker_data,ST_FXP_2DAY_SNAP_PES_V,TOTAL_FIBER_PLCG_PERCENTAGE,NUMERIC
rpt-network-plng,sitetracker_data,ST_FXP_2DAY_SNAP_PES_V,TOTAL_FIBER_SPL_FOOTAGE_COMPLETE,NUMERIC
rpt-network-plng,sitetracker_data,ST_FXP_2DAY_SNAP_PES_V,TOTAL_FIBER_SPL_PERCENTAGE,NUMERIC
rpt-network-plng,sitetracker_data,ST_FXP_2DAY_SNAP_PES_V,TOTAL_MAKE_READY_COST,NUMERIC
rpt-network-plng,sitetracker_data,ST_FXP_2DAY_SNAP_PES_V,TOTAL_NUMBER_OF_POLES,NUMERIC
rpt-network-plng,sitetracker_data,ST_FXP_2DAY_SNAP_PES_V,TOTAL_PERMIT_FEES,NUMERIC
rpt-network-plng,sitetracker_data,ST_FXP_2DAY_SNAP_PES_V,TOTAL_PERMITS_SUBMITTED,NUMERIC
rpt-network-plng,sitetracker_data,ST_FXP_2DAY_SNAP_PES_V,TOTAL_POLES_DENIED,NUMERIC
rpt-network-plng,sitetracker_data,ST_FXP_2DAY_SNAP_PES_V,TRENCH_TYPE,STRING
rpt-network-plng,sitetracker_data,ST_FXP_2DAY_SNAP_PES_V,TURNED_UP_MARKET_LAUNCH_A,DATE
rpt-network-plng,sitetracker_data,ST_FXP_2DAY_SNAP_PES_V,TURNED_UP_MARKET_LAUNCH_F,DATE
rpt-network-plng,sitetracker_data,ST_FXP_2DAY_SNAP_PES_V,UPLOAD_ASBUILTS_A,DATE
rpt-network-plng,sitetracker_data,ST_FXP_2DAY_SNAP_PES_V,UPLOAD_ASBUILTS_F,DATE
rpt-network-plng,sitetracker_data,ST_FXP_2DAY_SNAP_PES_V,VALIDATE_QUAL_TYPE_IN_THE_QF_PORTAL_A,DATE
rpt-network-plng,sitetracker_data,ST_FXP_2DAY_SNAP_PES_V,VALIDATE_QUAL_TYPE_IN_THE_QF_PORTAL_F,DATE
rpt-network-plng,sitetracker_data,ST_FXP_2DAY_SNAP_PES_V,VENDOR_ASSIGNMENT_A,DATE
rpt-network-plng,sitetracker_data,ST_FXP_2DAY_SNAP_PES_V,VENDOR_ASSIGNMENT_F,DATE
rpt-network-plng,sitetracker_data,ST_FXP_2DAY_SNAP_PES_V,VENDOR_COMMITMENT_CONFIRMED_A,DATE
rpt-network-plng,sitetracker_data,ST_FXP_2DAY_SNAP_PES_V,VENDOR_COMMITMENT_CONFIRMED_F,DATE
rpt-network-plng,sitetracker_data,ST_FXP_2DAY_SNAP_PES_V,SITE_VENDOR_CONTRACT_ASSIGNMENT,INT64
rpt-network-plng,sitetracker_data,ST_FXP_2DAY_SNAP_PES_V,PHASE_VENDOR_CONTRACT_ASSIGNMENT,INT64
rpt-network-plng,sitetracker_data,ST_FXP_2DAY_SNAP_PES_V,VENDOR_MATERIALS_ORDERED_A,DATE
rpt-network-plng,sitetracker_data,ST_FXP_2DAY_SNAP_PES_V,VENDOR_MATERIALS_ORDERED_F,DATE
rpt-network-plng,sitetracker_data,ST_FXP_2DAY_SNAP_PES_V,VENDOR_MATERIALS_RECEIVED_A,DATE
rpt-network-plng,sitetracker_data,ST_FXP_2DAY_SNAP_PES_V,VENDOR_MATERIALS_RECEIVED_F,DATE
rpt-network-plng,sitetracker_data,ST_FXP_2DAY_SNAP_PES_V,VERB_CODE_AND_DESCRIPTION,STRING
rpt-network-plng,sitetracker_data,ST_FXP_2DAY_SNAP_PES_V,VERIFY_ACTUALS_A,DATE
rpt-network-plng,sitetracker_data,ST_FXP_2DAY_SNAP_PES_V,VERIFY_ACTUALS_F,DATE
rpt-network-plng,sitetracker_data,ST_FXP_2DAY_SNAP_PES_V,WHAT_JOB_PLACED_OLT,STRING
rpt-network-plng,sitetracker_data,ST_FXP_2DAY_SNAP_PES_V,SITE_WHY,INT64
rpt-network-plng,sitetracker_data,ST_FXP_2DAY_SNAP_PES_V,PHASE_WHY,INT64
rpt-network-plng,sitetracker_data,ST_FXP_2DAY_SNAP_PES_V,SITE_WHY_NOW,INT64
rpt-network-plng,sitetracker_data,ST_FXP_2DAY_SNAP_PES_V,PHASE_WHY_NOW,INT64
rpt-network-plng,sitetracker_data,ST_FXP_2DAY_SNAP_PES_V,WON_1ST_HOME,STRING
rpt-network-plng,sitetracker_data,ST_FXP_2DAY_SNAP_PES_V,SITE_WORK_TYPE,STRING
rpt-network-plng,sitetracker_data,ST_FXP_2DAY_SNAP_PES_V,PHASE_WORK_TYPE,STRING
rpt-network-plng,sitetracker_data,ST_FXP_2DAY_SNAP_PES_V,WRECKING_RESTORAL_A,DATE
rpt-network-plng,sitetracker_data,ST_FXP_2DAY_SNAP_PES_V,WRECKING_RESTORAL_F,DATE
rpt-network-plng,sitetracker_data,ST_FXP_2DAY_SNAP_PES_V,X3RD_PARTY_AERIAL_MAKE_READY_COMPLETED_A,DATE
rpt-network-plng,sitetracker_data,ST_FXP_2DAY_SNAP_PES_V,X3RD_PARTY_AERIAL_MAKE_READY_COMPLETED_F,DATE
rpt-network-plng,sitetracker_data,ST_FXP_2DAY_SNAP_PES_V,ST_PROJECT_URL,STRING
rpt-network-plng,sitetracker_data,ST_FXP_2DAY_SNAP_PES_V,FW_PROJECT_URL,STRING
rpt-network-plng,sitetracker_data,ST_FXP_2DAY_SNAP_PES_V,SITE_ST_PROJECT_ID,STRING
rpt-network-plng,sitetracker_data,ST_FXP_2DAY_SNAP_PES_V,SITE_PROJECT_TYPE,STRING
rpt-network-plng,sitetracker_data,ST_FXP_2DAY_SNAP_PES_V,SITE_ST_PROJECT_URL,STRING
rpt-network-plng,sitetracker_data,ST_FXP_2DAY_SNAP_PES_V,SITE_FW_PROJ_URL,STRING
rpt-network-plng,sitetracker_data,ST_FXP_2DAY_SNAP_PES_V,PHASE_PROJECTS,STRING
rpt-network-plng,sitetracker_data,ST_FXP_2DAY_SNAP_PES_V,RELATED_PROJECTS,STRING
rpt-network-plng,sitetracker_data,ST_FXP_2DAY_SNAP_PES_V,ST_SITE_PHASE,STRING
rpt-network-plng,sitetracker_data,ST_FXP_2DAY_SNAP_PES_V,META_LOAD_DTTM,DATE
rpt-network-plng,sitetracker_data,CALENDAR_T_STG,DAY_DATE,TIMESTAMP
rpt-network-plng,sitetracker_data,CALENDAR_T_STG,DAY_OF_WEEK,STRING
rpt-network-plng,sitetracker_data,CALENDAR_T_STG,IS_WEEKEND,INT64
rpt-network-plng,sitetracker_data,CALENDAR_T_STG,IS_BUSINESS_DAY,INT64
rpt-network-plng,sitetracker_data,CALENDAR_T_STG,IS_HOLIDAY,STRING
rpt-network-plng,sitetracker_data,CALENDAR_T_STG,HOLIDAY,STRING
rpt-network-plng,sitetracker_data,CALENDAR_T_STG,IS_HOLIDAY_OBSERVED,STRING
rpt-network-plng,sitetracker_data,CALENDAR_T_STG,HOLIDAY_OBSERVED,STRING
rpt-network-plng,sitetracker_data,CALENDAR_T_STG,COLUMN5,STRING
rpt-network-plng,sitetracker_data,CALENDAR_T_STG,COLUMN6,STRING
rpt-network-plng,sitetracker_data,CALENDAR_T_STG,COLUMN7,STRING
rpt-network-plng,sitetracker_data,CALENDAR_T_STG,COLUMN8,STRING
rpt-network-plng,sitetracker_data,CALENDAR_T_STG,COLUMN9,STRING
rpt-network-plng,sitetracker_data,CALENDAR_T_STG,COLUMN10,STRING
rpt-network-plng,sitetracker_data,CALENDAR_T_STG,COLUMN11,STRING
rpt-network-plng,sitetracker_data,CALENDAR_T_STG,COLUMN12,STRING
rpt-network-plng,sitetracker_data,CALENDAR_T_STG,COLUMN13,STRING
rpt-network-plng,sitetracker_data,CALENDAR_T_STG,COLUMN14,STRING
rpt-network-plng,sitetracker_data,LDR_ST_DAMAGES_V,st_project_id,STRING
rpt-network-plng,sitetracker_data,LDR_ST_DAMAGES_V,claims_jumper_number,STRING
rpt-network-plng,sitetracker_data,LDR_ST_DAMAGES_V,network,STRING
rpt-network-plng,sitetracker_data,LDR_ST_DAMAGES_V,event_ticket_number,STRING
rpt-network-plng,sitetracker_data,LDR_ST_DAMAGES_V,collection_manager,STRING
rpt-network-plng,sitetracker_data,LDR_ST_DAMAGES_V,collection_vendor_pm_assigned,STRING
rpt-network-plng,sitetracker_data,LDR_ST_DAMAGES_V,contractor_services_used,STRING
rpt-network-plng,sitetracker_data,LDR_ST_DAMAGES_V,cr_vendor_invoiced_a,TIMESTAMP
rpt-network-plng,sitetracker_data,LDR_ST_DAMAGES_V,cr_vendor_invoiced_f,TIMESTAMP
rpt-network-plng,sitetracker_data,LDR_ST_DAMAGES_V,cup_sheet_received_from_contractor_a,TIMESTAMP
rpt-network-plng,sitetracker_data,LDR_ST_DAMAGES_V,cup_sheet_received_from_contractor_f,TIMESTAMP
rpt-network-plng,sitetracker_data,LDR_ST_DAMAGES_V,damage_date_a,TIMESTAMP
rpt-network-plng,sitetracker_data,LDR_ST_DAMAGES_V,damage_date_f,TIMESTAMP
rpt-network-plng,sitetracker_data,LDR_ST_DAMAGES_V,emergency_record_updates_a,TIMESTAMP
rpt-network-plng,sitetracker_data,LDR_ST_DAMAGES_V,emergency_record_updates_f,TIMESTAMP
rpt-network-plng,sitetracker_data,LDR_ST_DAMAGES_V,emergency_vendor_invoicing_a,TIMESTAMP
rpt-network-plng,sitetracker_data,LDR_ST_DAMAGES_V,emergency_vendor_invoicing_f,TIMESTAMP
rpt-network-plng,sitetracker_data,LDR_ST_DAMAGES_V,engineering_completed_a,TIMESTAMP
rpt-network-plng,sitetracker_data,LDR_ST_DAMAGES_V,engineering_completed_f,TIMESTAMP
rpt-network-plng,sitetracker_data,LDR_ST_DAMAGES_V,financial_project_creation_deploy_a,TIMESTAMP
rpt-network-plng,sitetracker_data,LDR_ST_DAMAGES_V,financial_project_creation_deploy_f,TIMESTAMP
rpt-network-plng,sitetracker_data,LDR_ST_DAMAGES_V,postbill,STRING
rpt-network-plng,sitetracker_data,LDR_ST_DAMAGES_V,prebill,STRING
rpt-network-plng,sitetracker_data,LDR_ST_DAMAGES_V,prebill_manager,STRING
rpt-network-plng,sitetracker_data,LDR_ST_DAMAGES_V,stb_financially_actionable_a,TIMESTAMP
rpt-network-plng,sitetracker_data,LDR_ST_DAMAGES_V,stb_financially_actionable_f,TIMESTAMP
rpt-network-plng,sitetracker_data,LDR_ST_DAMAGES_V,x3rd_party_invoiced_date,TIMESTAMP
rpt-network-plng,sitetracker_data,LDR_ST_DAMAGES_V,xrd_party_fees,NUMERIC
rpt-network-plng,sitetracker_data,LDR_ST_DAMAGES_V,activity_causing_damage,STRING
rpt-network-plng,sitetracker_data,LDR_ST_DAMAGES_V,arbitration_date,TIMESTAMP
rpt-network-plng,sitetracker_data,LDR_ST_DAMAGES_V,arbitration_decision,STRING
rpt-network-plng,sitetracker_data,LDR_ST_DAMAGES_V,arbitration_request_date,TIMESTAMP
rpt-network-plng,sitetracker_data,LDR_ST_DAMAGES_V,assigned_to,STRING
rpt-network-plng,sitetracker_data,LDR_ST_DAMAGES_V,ops_sro_name,STRING
rpt-network-plng,sitetracker_data,LDR_ST_DAMAGES_V,ops_sroemail,STRING
rpt-network-plng,sitetracker_data,LDR_ST_DAMAGES_V,ops_mro_nm,STRING
rpt-network-plng,sitetracker_data,LDR_ST_DAMAGES_V,ops_dir_nm,STRING
rpt-network-plng,sitetracker_data,LDR_ST_DAMAGES_V,ops_vpo_nm,STRING
rpt-network-plng,sitetracker_data,LDR_ST_DAMAGES_V,ops_rgn_nm,STRING
rpt-network-plng,sitetracker_data,LDR_ST_DAMAGES_V,attorney_assigned,STRING
rpt-network-plng,sitetracker_data,LDR_ST_DAMAGES_V,bill_to,STRING
rpt-network-plng,sitetracker_data,LDR_ST_DAMAGES_V,alt_bill_to_email,STRING
rpt-network-plng,sitetracker_data,LDR_ST_DAMAGES_V,bill_to_other,STRING
rpt-network-plng,sitetracker_data,LDR_ST_DAMAGES_V,alt_bill_to_party,STRING
rpt-network-plng,sitetracker_data,LDR_ST_DAMAGES_V,alt_bill_to_party_address,STRING
rpt-network-plng,sitetracker_data,LDR_ST_DAMAGES_V,alt_bill_to_party_city,STRING
rpt-network-plng,sitetracker_data,LDR_ST_DAMAGES_V,alt_bill_to_party_insurance_company,STRING
rpt-network-plng,sitetracker_data,LDR_ST_DAMAGES_V,alt_bill_to_party_phone,STRING
rpt-network-plng,sitetracker_data,LDR_ST_DAMAGES_V,alt_bill_to_party_state,STRING
rpt-network-plng,sitetracker_data,LDR_ST_DAMAGES_V,alt_bill_to_party_zip,STRING
rpt-network-plng,sitetracker_data,LDR_ST_DAMAGES_V,cable_fiber_count_description_1,STRING
rpt-network-plng,sitetracker_data,LDR_ST_DAMAGES_V,cable_fiber_count_description_2,STRING
rpt-network-plng,sitetracker_data,LDR_ST_DAMAGES_V,cable_fiber_count_description_3,STRING
rpt-network-plng,sitetracker_data,LDR_ST_DAMAGES_V,cable_fiber_count_description_4,STRING
rpt-network-plng,sitetracker_data,LDR_ST_DAMAGES_V,cable_fiber_count_description_5,STRING
rpt-network-plng,sitetracker_data,LDR_ST_DAMAGES_V,claim_class_type,STRING
rpt-network-plng,sitetracker_data,LDR_ST_DAMAGES_V,claim_status,STRING
rpt-network-plng,sitetracker_data,LDR_ST_DAMAGES_V,close_date,TIMESTAMP
rpt-network-plng,sitetracker_data,LDR_ST_DAMAGES_V,closed_date,TIMESTAMP
rpt-network-plng,sitetracker_data,LDR_ST_DAMAGES_V,cms_contractor_cost_formula,NUMERIC
rpt-network-plng,sitetracker_data,LDR_ST_DAMAGES_V,cms_bsw_cups_number_1,STRING
rpt-network-plng,sitetracker_data,LDR_ST_DAMAGES_V,cms_bsw_cups_number_2,STRING
rpt-network-plng,sitetracker_data,LDR_ST_DAMAGES_V,cms_num1_clean,STRING
rpt-network-plng,sitetracker_data,LDR_ST_DAMAGES_V,cms_num2_clean,STRING
rpt-network-plng,sitetracker_data,LDR_ST_DAMAGES_V,cms_num3_clean,STRING
rpt-network-plng,sitetracker_data,LDR_ST_DAMAGES_V,cmsbswcups_total_1,NUMERIC
rpt-network-plng,sitetracker_data,LDR_ST_DAMAGES_V,cmsbswcups_total_2,NUMERIC
rpt-network-plng,sitetracker_data,LDR_ST_DAMAGES_V,cups_status1,STRING
rpt-network-plng,sitetracker_data,LDR_ST_DAMAGES_V,cups_status2,STRING
rpt-network-plng,sitetracker_data,LDR_ST_DAMAGES_V,cups_status3,STRING
rpt-network-plng,sitetracker_data,LDR_ST_DAMAGES_V,cms_cups1,NUMERIC
rpt-network-plng,sitetracker_data,LDR_ST_DAMAGES_V,cms_cups2,NUMERIC
rpt-network-plng,sitetracker_data,LDR_ST_DAMAGES_V,cms_cups3,NUMERIC
rpt-network-plng,sitetracker_data,LDR_ST_DAMAGES_V,collection_commission,NUMERIC
rpt-network-plng,sitetracker_data,LDR_ST_DAMAGES_V,collection_vendor_bill_sent,TIMESTAMP
rpt-network-plng,sitetracker_data,LDR_ST_DAMAGES_V,commission_amount,NUMERIC
rpt-network-plng,sitetracker_data,LDR_ST_DAMAGES_V,commission_override_reason,STRING
rpt-network-plng,sitetracker_data,LDR_ST_DAMAGES_V,commission_paid_date,TIMESTAMP
rpt-network-plng,sitetracker_data,LDR_ST_DAMAGES_V,commission_percentage_category,STRING
rpt-network-plng,sitetracker_data,LDR_ST_DAMAGES_V,cost_1,NUMERIC
rpt-network-plng,sitetracker_data,LDR_ST_DAMAGES_V,cost_2,NUMERIC
rpt-network-plng,sitetracker_data,LDR_ST_DAMAGES_V,cost_3,NUMERIC
rpt-network-plng,sitetracker_data,LDR_ST_DAMAGES_V,cost_4,NUMERIC
rpt-network-plng,sitetracker_data,LDR_ST_DAMAGES_V,cost_5,NUMERIC
rpt-network-plng,sitetracker_data,LDR_ST_DAMAGES_V,cost_center,STRING
rpt-network-plng,sitetracker_data,LDR_ST_DAMAGES_V,cost_dispute,STRING
rpt-network-plng,sitetracker_data,LDR_ST_DAMAGES_V,cost_recovery_moved_back,NUMERIC
rpt-network-plng,sitetracker_data,LDR_ST_DAMAGES_V,count_size_1,NUMERIC
rpt-network-plng,sitetracker_data,LDR_ST_DAMAGES_V,count_size_2,NUMERIC
rpt-network-plng,sitetracker_data,LDR_ST_DAMAGES_V,count_size_3,NUMERIC
rpt-network-plng,sitetracker_data,LDR_ST_DAMAGES_V,count_size_4,NUMERIC
rpt-network-plng,sitetracker_data,LDR_ST_DAMAGES_V,count_size_5,NUMERIC
rpt-network-plng,sitetracker_data,LDR_ST_DAMAGES_V,damage_address,STRING
rpt-network-plng,sitetracker_data,LDR_ST_DAMAGES_V,damage_city,STRING
rpt-network-plng,sitetracker_data,LDR_ST_DAMAGES_V,damage_claims_number_auto,STRING
rpt-network-plng,sitetracker_data,LDR_ST_DAMAGES_V,damage_county,STRING
rpt-network-plng,sitetracker_data,LDR_ST_DAMAGES_V,damage_date,TIMESTAMP
rpt-network-plng,sitetracker_data,LDR_ST_DAMAGES_V,aging,STRING
rpt-network-plng,sitetracker_data,LDR_ST_DAMAGES_V,curr_status_aging,STRING
rpt-network-plng,sitetracker_data,LDR_ST_DAMAGES_V,curr_status_age,INT64
rpt-network-plng,sitetracker_data,LDR_ST_DAMAGES_V,damage_investigation_fee,NUMERIC
rpt-network-plng,sitetracker_data,LDR_ST_DAMAGES_V,damage_investigation_received,TIMESTAMP
rpt-network-plng,sitetracker_data,LDR_ST_DAMAGES_V,damage_investigation_response,STRING
rpt-network-plng,sitetracker_data,LDR_ST_DAMAGES_V,damage_investigation_sub_response,STRING
rpt-network-plng,sitetracker_data,LDR_ST_DAMAGES_V,damage_state,STRING
rpt-network-plng,sitetracker_data,LDR_ST_DAMAGES_V,damage_state_sol_years,NUMERIC
rpt-network-plng,sitetracker_data,LDR_ST_DAMAGES_V,damager_a_lumen_customer,STRING
rpt-network-plng,sitetracker_data,LDR_ST_DAMAGES_V,damager_a_muni_or_gov_entity,STRING
rpt-network-plng,sitetracker_data,LDR_ST_DAMAGES_V,damager_address,STRING
rpt-network-plng,sitetracker_data,LDR_ST_DAMAGES_V,damager_category,STRING
rpt-network-plng,sitetracker_data,LDR_ST_DAMAGES_V,damager_category_other,STRING
rpt-network-plng,sitetracker_data,LDR_ST_DAMAGES_V,damager_city,STRING
rpt-network-plng,sitetracker_data,LDR_ST_DAMAGES_V,damager_email,STRING
rpt-network-plng,sitetracker_data,LDR_ST_DAMAGES_V,damager_insurance_co,STRING
rpt-network-plng,sitetracker_data,LDR_ST_DAMAGES_V,damager_known,STRING
rpt-network-plng,sitetracker_data,LDR_ST_DAMAGES_V,damager_name,STRING
rpt-network-plng,sitetracker_data,LDR_ST_DAMAGES_V,damager_phone,STRING
rpt-network-plng,sitetracker_data,LDR_ST_DAMAGES_V,damager_state,STRING
rpt-network-plng,sitetracker_data,LDR_ST_DAMAGES_V,damager_working_for_lumen,STRING
rpt-network-plng,sitetracker_data,LDR_ST_DAMAGES_V,damager_zip,STRING
rpt-network-plng,sitetracker_data,LDR_ST_DAMAGES_V,damaging_company,STRING
rpt-network-plng,sitetracker_data,LDR_ST_DAMAGES_V,date_paid,TIMESTAMP
rpt-network-plng,sitetracker_data,LDR_ST_DAMAGES_V,date_sent_to_attorney,TIMESTAMP
rpt-network-plng,sitetracker_data,LDR_ST_DAMAGES_V,date_work_started_1,TIMESTAMP
rpt-network-plng,sitetracker_data,LDR_ST_DAMAGES_V,date_work_started_2,TIMESTAMP
rpt-network-plng,sitetracker_data,LDR_ST_DAMAGES_V,date_work_started_3,TIMESTAMP
rpt-network-plng,sitetracker_data,LDR_ST_DAMAGES_V,date_work_started_4,TIMESTAMP
rpt-network-plng,sitetracker_data,LDR_ST_DAMAGES_V,date_work_started_5,TIMESTAMP
rpt-network-plng,sitetracker_data,LDR_ST_DAMAGES_V,date_work_stopped_1,TIMESTAMP
rpt-network-plng,sitetracker_data,LDR_ST_DAMAGES_V,date_work_stopped_2,TIMESTAMP
rpt-network-plng,sitetracker_data,LDR_ST_DAMAGES_V,date_work_stopped_3,TIMESTAMP
rpt-network-plng,sitetracker_data,LDR_ST_DAMAGES_V,date_work_stopped_4,TIMESTAMP
rpt-network-plng,sitetracker_data,LDR_ST_DAMAGES_V,date_work_stopped_5,TIMESTAMP
rpt-network-plng,sitetracker_data,LDR_ST_DAMAGES_V,days_in_status,NUMERIC
rpt-network-plng,sitetracker_data,LDR_ST_DAMAGES_V,dct_number,STRING
rpt-network-plng,sitetracker_data,LDR_ST_DAMAGES_V,denial_write_off_review_date,TIMESTAMP
rpt-network-plng,sitetracker_data,LDR_ST_DAMAGES_V,description_of_emergency_repair,STRING
rpt-network-plng,sitetracker_data,LDR_ST_DAMAGES_V,dig_ticket_for_location,STRING
rpt-network-plng,sitetracker_data,LDR_ST_DAMAGES_V,discovery_date,TIMESTAMP
rpt-network-plng,sitetracker_data,LDR_ST_DAMAGES_V,discovery_needed,STRING
rpt-network-plng,sitetracker_data,LDR_ST_DAMAGES_V,division,STRING
rpt-network-plng,sitetracker_data,LDR_ST_DAMAGES_V,employee_name_1,STRING
rpt-network-plng,sitetracker_data,LDR_ST_DAMAGES_V,employee_name_2,STRING
rpt-network-plng,sitetracker_data,LDR_ST_DAMAGES_V,employee_name_3,STRING
rpt-network-plng,sitetracker_data,LDR_ST_DAMAGES_V,employee_name_4,STRING
rpt-network-plng,sitetracker_data,LDR_ST_DAMAGES_V,employee_name_5,STRING
rpt-network-plng,sitetracker_data,LDR_ST_DAMAGES_V,entered_on_mobile_or_browser,STRING
rpt-network-plng,sitetracker_data,LDR_ST_DAMAGES_V,equipment_causing_damage,STRING
rpt-network-plng,sitetracker_data,LDR_ST_DAMAGES_V,facility_type_1,STRING
rpt-network-plng,sitetracker_data,LDR_ST_DAMAGES_V,facility_type_2,STRING
rpt-network-plng,sitetracker_data,LDR_ST_DAMAGES_V,facility_type_3,STRING
rpt-network-plng,sitetracker_data,LDR_ST_DAMAGES_V,facility_type_4,STRING
rpt-network-plng,sitetracker_data,LDR_ST_DAMAGES_V,facility_type_5,STRING
rpt-network-plng,sitetracker_data,LDR_ST_DAMAGES_V,financial_documents_attached,STRING
rpt-network-plng,sitetracker_data,LDR_ST_DAMAGES_V,fireworks_actuals,NUMERIC
rpt-network-plng,sitetracker_data,LDR_ST_DAMAGES_V,fireworks_adjustment,NUMERIC
rpt-network-plng,sitetracker_data,LDR_ST_DAMAGES_V,fireworks_billed_formula,NUMERIC
rpt-network-plng,sitetracker_data,LDR_ST_DAMAGES_V,flat_rate_billing,STRING
rpt-network-plng,sitetracker_data,LDR_ST_DAMAGES_V,ga_fee,NUMERIC
rpt-network-plng,sitetracker_data,LDR_ST_DAMAGES_V,hours_worked_1,NUMERIC
rpt-network-plng,sitetracker_data,LDR_ST_DAMAGES_V,hours_worked_2,NUMERIC
rpt-network-plng,sitetracker_data,LDR_ST_DAMAGES_V,hours_worked_3,NUMERIC
rpt-network-plng,sitetracker_data,LDR_ST_DAMAGES_V,hours_worked_4,NUMERIC
rpt-network-plng,sitetracker_data,LDR_ST_DAMAGES_V,hours_worked_5,NUMERIC
rpt-network-plng,sitetracker_data,LDR_ST_DAMAGES_V,how_did_damage_occur,STRING
rpt-network-plng,sitetracker_data,LDR_ST_DAMAGES_V,how_was_damager_identified,STRING
rpt-network-plng,sitetracker_data,LDR_ST_DAMAGES_V,how_was_the_repair_completed,STRING
rpt-network-plng,sitetracker_data,LDR_ST_DAMAGES_V,internal_attorney_assigned,STRING
rpt-network-plng,sitetracker_data,LDR_ST_DAMAGES_V,internal_materials_1,STRING
rpt-network-plng,sitetracker_data,LDR_ST_DAMAGES_V,internal_materials_2,STRING
rpt-network-plng,sitetracker_data,LDR_ST_DAMAGES_V,internal_materials_3,STRING
rpt-network-plng,sitetracker_data,LDR_ST_DAMAGES_V,internal_materials_4,STRING
rpt-network-plng,sitetracker_data,LDR_ST_DAMAGES_V,internal_materials_5,STRING
rpt-network-plng,sitetracker_data,LDR_ST_DAMAGES_V,is_this_a_service_affecting_damage,STRING
rpt-network-plng,sitetracker_data,LDR_ST_DAMAGES_V,jurisdiction,STRING
rpt-network-plng,sitetracker_data,LDR_ST_DAMAGES_V,labor_cost_1,NUMERIC
rpt-network-plng,sitetracker_data,LDR_ST_DAMAGES_V,labor_cost_2,NUMERIC
rpt-network-plng,sitetracker_data,LDR_ST_DAMAGES_V,labor_cost_3,NUMERIC
rpt-network-plng,sitetracker_data,LDR_ST_DAMAGES_V,labor_cost_4,NUMERIC
rpt-network-plng,sitetracker_data,LDR_ST_DAMAGES_V,labor_cost_5,NUMERIC
rpt-network-plng,sitetracker_data,LDR_ST_DAMAGES_V,labor_rate_1,NUMERIC
rpt-network-plng,sitetracker_data,LDR_ST_DAMAGES_V,labor_rate_2,NUMERIC
rpt-network-plng,sitetracker_data,LDR_ST_DAMAGES_V,labor_rate_3,NUMERIC
rpt-network-plng,sitetracker_data,LDR_ST_DAMAGES_V,labor_rate_4,NUMERIC
rpt-network-plng,sitetracker_data,LDR_ST_DAMAGES_V,labor_rate_5,NUMERIC
rpt-network-plng,sitetracker_data,LDR_ST_DAMAGES_V,legacy_company_1,STRING
rpt-network-plng,sitetracker_data,LDR_ST_DAMAGES_V,legacy_company_2,STRING
rpt-network-plng,sitetracker_data,LDR_ST_DAMAGES_V,legacy_company_3,STRING
rpt-network-plng,sitetracker_data,LDR_ST_DAMAGES_V,legacy_company_4,STRING
rpt-network-plng,sitetracker_data,LDR_ST_DAMAGES_V,legacy_company_5,STRING
rpt-network-plng,sitetracker_data,LDR_ST_DAMAGES_V,legal_review_date,TIMESTAMP
rpt-network-plng,sitetracker_data,LDR_ST_DAMAGES_V,liability_accepted,STRING
rpt-network-plng,sitetracker_data,LDR_ST_DAMAGES_V,litigation_notes,STRING
rpt-network-plng,sitetracker_data,LDR_ST_DAMAGES_V,litigation_status,STRING
rpt-network-plng,sitetracker_data,LDR_ST_DAMAGES_V,locate_company,STRING
rpt-network-plng,sitetracker_data,LDR_ST_DAMAGES_V,locate_investigation_code,STRING
rpt-network-plng,sitetracker_data,LDR_ST_DAMAGES_V,locate_investigation_fee,NUMERIC
rpt-network-plng,sitetracker_data,LDR_ST_DAMAGES_V,locate_ticket_number,STRING
rpt-network-plng,sitetracker_data,LDR_ST_DAMAGES_V,locator_notice_sent,TIMESTAMP
rpt-network-plng,sitetracker_data,LDR_ST_DAMAGES_V,loss_of_use,NUMERIC
rpt-network-plng,sitetracker_data,LDR_ST_DAMAGES_V,material_type_1,STRING
rpt-network-plng,sitetracker_data,LDR_ST_DAMAGES_V,material_type_2,STRING
rpt-network-plng,sitetracker_data,LDR_ST_DAMAGES_V,material_type_3,STRING
rpt-network-plng,sitetracker_data,LDR_ST_DAMAGES_V,material_type_4,STRING
rpt-network-plng,sitetracker_data,LDR_ST_DAMAGES_V,material_type_5,STRING
rpt-network-plng,sitetracker_data,LDR_ST_DAMAGES_V,mobile_claim_number,STRING
rpt-network-plng,sitetracker_data,LDR_ST_DAMAGES_V,mobile_create_date,TIMESTAMP
rpt-network-plng,sitetracker_data,LDR_ST_DAMAGES_V,nearest_intersection,STRING
rpt-network-plng,sitetracker_data,LDR_ST_DAMAGES_V,no_bill_closure_codes,STRING
rpt-network-plng,sitetracker_data,LDR_ST_DAMAGES_V,notice_letter,STRING
rpt-network-plng,sitetracker_data,LDR_ST_DAMAGES_V,notice_letter_sent_date,TIMESTAMP
rpt-network-plng,sitetracker_data,LDR_ST_DAMAGES_V,otherno_bill_description,STRING
rpt-network-plng,sitetracker_data,LDR_ST_DAMAGES_V,outage_credits,NUMERIC
rpt-network-plng,sitetracker_data,LDR_ST_DAMAGES_V,override_damage_investigation,NUMERIC
rpt-network-plng,sitetracker_data,LDR_ST_DAMAGES_V,override_g_a_fee,NUMERIC
rpt-network-plng,sitetracker_data,LDR_ST_DAMAGES_V,paid_amount,NUMERIC
rpt-network-plng,sitetracker_data,LDR_ST_DAMAGES_V,paid_date,TIMESTAMP
rpt-network-plng,sitetracker_data,LDR_ST_DAMAGES_V,payment_plan,STRING
rpt-network-plng,sitetracker_data,LDR_ST_DAMAGES_V,payment_plan_approval_date,TIMESTAMP
rpt-network-plng,sitetracker_data,LDR_ST_DAMAGES_V,payment_plan_terms,STRING
rpt-network-plng,sitetracker_data,LDR_ST_DAMAGES_V,payment_release_document_date,TIMESTAMP
rpt-network-plng,sitetracker_data,LDR_ST_DAMAGES_V,police_report_called_in,STRING
rpt-network-plng,sitetracker_data,LDR_ST_DAMAGES_V,police_report_received,TIMESTAMP
rpt-network-plng,sitetracker_data,LDR_ST_DAMAGES_V,police_report_requested,TIMESTAMP
rpt-network-plng,sitetracker_data,LDR_ST_DAMAGES_V,preventable_class,STRING
rpt-network-plng,sitetracker_data,LDR_ST_DAMAGES_V,preventable_date,TIMESTAMP
rpt-network-plng,sitetracker_data,LDR_ST_DAMAGES_V,rebill_date,TIMESTAMP
rpt-network-plng,sitetracker_data,LDR_ST_DAMAGES_V,rebilled_to,STRING
rpt-network-plng,sitetracker_data,LDR_ST_DAMAGES_V,recovered_by,STRING
rpt-network-plng,sitetracker_data,LDR_ST_DAMAGES_V,recovered_net,NUMERIC
rpt-network-plng,sitetracker_data,LDR_ST_DAMAGES_V,referred_to,STRING
rpt-network-plng,sitetracker_data,LDR_ST_DAMAGES_V,referred_to_date,TIMESTAMP
rpt-network-plng,sitetracker_data,LDR_ST_DAMAGES_V,region,STRING
rpt-network-plng,sitetracker_data,LDR_ST_DAMAGES_V,related_fw_or_cmscups_number,STRING
rpt-network-plng,sitetracker_data,LDR_ST_DAMAGES_V,repair_ticket_number,STRING
rpt-network-plng,sitetracker_data,LDR_ST_DAMAGES_V,report_number,STRING
rpt-network-plng,sitetracker_data,LDR_ST_DAMAGES_V,report_type_1,STRING
rpt-network-plng,sitetracker_data,LDR_ST_DAMAGES_V,report_type_2,STRING
rpt-network-plng,sitetracker_data,LDR_ST_DAMAGES_V,report_type_3,STRING
rpt-network-plng,sitetracker_data,LDR_ST_DAMAGES_V,report_type_4,STRING
rpt-network-plng,sitetracker_data,LDR_ST_DAMAGES_V,report_type_5,STRING
rpt-network-plng,sitetracker_data,LDR_ST_DAMAGES_V,root_cause,STRING
rpt-network-plng,sitetracker_data,LDR_ST_DAMAGES_V,settled_payment_in_process_date,TIMESTAMP
rpt-network-plng,sitetracker_data,LDR_ST_DAMAGES_V,settled_amount,NUMERIC
rpt-network-plng,sitetracker_data,LDR_ST_DAMAGES_V,settled_date,TIMESTAMP
rpt-network-plng,sitetracker_data,LDR_ST_DAMAGES_V,settlement_percentage,NUMERIC
rpt-network-plng,sitetracker_data,LDR_ST_DAMAGES_V,sitetracker_locator,STRING
rpt-network-plng,sitetracker_data,LDR_ST_DAMAGES_V,sol_date,TIMESTAMP
rpt-network-plng,sitetracker_data,LDR_ST_DAMAGES_V,status_code,STRING
rpt-network-plng,sitetracker_data,LDR_ST_DAMAGES_V,status_last_changed_date,TIMESTAMP
rpt-network-plng,sitetracker_data,LDR_ST_DAMAGES_V,stb_financially_actionable_date,TIMESTAMP
rpt-network-plng,sitetracker_data,LDR_ST_DAMAGES_V,stb_return_to_field_date,TIMESTAMP
rpt-network-plng,sitetracker_data,LDR_ST_DAMAGES_V,stb_return_to_locator_date,TIMESTAMP
rpt-network-plng,sitetracker_data,LDR_ST_DAMAGES_V,suit_filed_date,TIMESTAMP
rpt-network-plng,sitetracker_data,LDR_ST_DAMAGES_V,total_labor_cost,NUMERIC
rpt-network-plng,sitetracker_data,LDR_ST_DAMAGES_V,total_material_cost,NUMERIC
rpt-network-plng,sitetracker_data,LDR_ST_DAMAGES_V,vendor_invoiced_date,TIMESTAMP
rpt-network-plng,sitetracker_data,LDR_ST_DAMAGES_V,who_hired_damaging_contractor,STRING
rpt-network-plng,sitetracker_data,LDR_ST_DAMAGES_V,who_should_receive_bill,STRING
rpt-network-plng,sitetracker_data,LDR_ST_DAMAGES_V,witness_company,STRING
rpt-network-plng,sitetracker_data,LDR_ST_DAMAGES_V,witness_name,STRING
rpt-network-plng,sitetracker_data,LDR_ST_DAMAGES_V,witness_phone_number,STRING
rpt-network-plng,sitetracker_data,LDR_ST_DAMAGES_V,agency_name,STRING
rpt-network-plng,sitetracker_data,LDR_ST_DAMAGES_V,as_built_team_name,STRING
rpt-network-plng,sitetracker_data,LDR_ST_DAMAGES_V,as_built_team_cuid,STRING
rpt-network-plng,sitetracker_data,LDR_ST_DAMAGES_V,capital_approval_code,STRING
rpt-network-plng,sitetracker_data,LDR_ST_DAMAGES_V,city,STRING
rpt-network-plng,sitetracker_data,LDR_ST_DAMAGES_V,close_financial_tool_a,TIMESTAMP
rpt-network-plng,sitetracker_data,LDR_ST_DAMAGES_V,close_financial_tool_f,TIMESTAMP
rpt-network-plng,sitetracker_data,LDR_ST_DAMAGES_V,company_code,STRING
rpt-network-plng,sitetracker_data,LDR_ST_DAMAGES_V,complete_splicing_cutover_a,TIMESTAMP
rpt-network-plng,sitetracker_data,LDR_ST_DAMAGES_V,complete_splicing_cutover_f,TIMESTAMP
rpt-network-plng,sitetracker_data,LDR_ST_DAMAGES_V,construction_coordinator_cuid,STRING
rpt-network-plng,sitetracker_data,LDR_ST_DAMAGES_V,construction_coordinator_name,STRING
rpt-network-plng,sitetracker_data,LDR_ST_DAMAGES_V,create_project_a,TIMESTAMP
rpt-network-plng,sitetracker_data,LDR_ST_DAMAGES_V,created_by_cuid,STRING
rpt-network-plng,sitetracker_data,LDR_ST_DAMAGES_V,created_by_name,STRING
rpt-network-plng,sitetracker_data,LDR_ST_DAMAGES_V,current_open_activity,STRING
rpt-network-plng,sitetracker_data,LDR_ST_DAMAGES_V,date_audit_completed,TIMESTAMP
rpt-network-plng,sitetracker_data,LDR_ST_DAMAGES_V,date_audit_started,TIMESTAMP
rpt-network-plng,sitetracker_data,LDR_ST_DAMAGES_V,exchange,STRING
rpt-network-plng,sitetracker_data,LDR_ST_DAMAGES_V,exchange_name,STRING
rpt-network-plng,sitetracker_data,LDR_ST_DAMAGES_V,fw_project_id,STRING
rpt-network-plng,sitetracker_data,LDR_ST_DAMAGES_V,fw_project_url,STRING
rpt-network-plng,sitetracker_data,LDR_ST_DAMAGES_V,fw_date_created,DATE
rpt-network-plng,sitetracker_data,LDR_ST_DAMAGES_V,fw_date_released,DATE
rpt-network-plng,sitetracker_data,LDR_ST_DAMAGES_V,fw_date_eng_released,DATE
rpt-network-plng,sitetracker_data,LDR_ST_DAMAGES_V,fw_date_tecod,DATE
rpt-network-plng,sitetracker_data,LDR_ST_DAMAGES_V,fw_date_closed,DATE
rpt-network-plng,sitetracker_data,LDR_ST_DAMAGES_V,fw_status,STRING
rpt-network-plng,sitetracker_data,LDR_ST_DAMAGES_V,fw_status_dt,DATE
rpt-network-plng,sitetracker_data,LDR_ST_DAMAGES_V,fw_plan_amount,NUMERIC
rpt-network-plng,sitetracker_data,LDR_ST_DAMAGES_V,fw_actual_ptd,NUMERIC
rpt-network-plng,sitetracker_data,LDR_ST_DAMAGES_V,fw_eng_responsible_person,STRING
rpt-network-plng,sitetracker_data,LDR_ST_DAMAGES_V,fw_rp_cuid,STRING
rpt-network-plng,sitetracker_data,LDR_ST_DAMAGES_V,fw_eng_create_person,STRING
rpt-network-plng,sitetracker_data,LDR_ST_DAMAGES_V,fw_eng_constr_cord,STRING
rpt-network-plng,sitetracker_data,LDR_ST_DAMAGES_V,eng_emp_status,STRING
rpt-network-plng,sitetracker_data,LDR_ST_DAMAGES_V,eng_sro_nm,STRING
rpt-network-plng,sitetracker_data,LDR_ST_DAMAGES_V,eng_mro_nm,STRING
rpt-network-plng,sitetracker_data,LDR_ST_DAMAGES_V,eng_dir_nm,STRING
rpt-network-plng,sitetracker_data,LDR_ST_DAMAGES_V,eng_vpo_nm,STRING
rpt-network-plng,sitetracker_data,LDR_ST_DAMAGES_V,eng_rgn_nm,STRING
rpt-network-plng,sitetracker_data,LDR_ST_DAMAGES_V,total_invoiced,NUMERIC
rpt-network-plng,sitetracker_data,LDR_ST_DAMAGES_V,actionable_flag,STRING
rpt-network-plng,sitetracker_data,LDR_ST_DAMAGES_V,flag_for_deletion,NUMERIC
rpt-network-plng,sitetracker_data,LDR_ST_DAMAGES_V,investment_reason,STRING
rpt-network-plng,sitetracker_data,LDR_ST_DAMAGES_V,materials_received_a,TIMESTAMP
rpt-network-plng,sitetracker_data,LDR_ST_DAMAGES_V,materials_received_f,TIMESTAMP
rpt-network-plng,sitetracker_data,LDR_ST_DAMAGES_V,order_materials_a,TIMESTAMP
rpt-network-plng,sitetracker_data,LDR_ST_DAMAGES_V,order_materials_f,TIMESTAMP
rpt-network-plng,sitetracker_data,LDR_ST_DAMAGES_V,osp_eng_director_name,STRING
rpt-network-plng,sitetracker_data,LDR_ST_DAMAGES_V,osp_manager_name,STRING
rpt-network-plng,sitetracker_data,LDR_ST_DAMAGES_V,permitting_right_of_way_dependencies_a,TIMESTAMP
rpt-network-plng,sitetracker_data,LDR_ST_DAMAGES_V,permitting_right_of_way_dependencies_f,TIMESTAMP
rpt-network-plng,sitetracker_data,LDR_ST_DAMAGES_V,placing_a,TIMESTAMP
rpt-network-plng,sitetracker_data,LDR_ST_DAMAGES_V,placing_f,TIMESTAMP
rpt-network-plng,sitetracker_data,LDR_ST_DAMAGES_V,primary_wire_center_id,STRING
rpt-network-plng,sitetracker_data,LDR_ST_DAMAGES_V,primary_wire_center_name,STRING
rpt-network-plng,sitetracker_data,LDR_ST_DAMAGES_V,program_name,STRING
rpt-network-plng,sitetracker_data,LDR_ST_DAMAGES_V,project_audit_comments,STRING
rpt-network-plng,sitetracker_data,LDR_ST_DAMAGES_V,project_audit_requested,NUMERIC
rpt-network-plng,sitetracker_data,LDR_ST_DAMAGES_V,project_description,STRING
rpt-network-plng,sitetracker_data,LDR_ST_DAMAGES_V,project_name,STRING
rpt-network-plng,sitetracker_data,LDR_ST_DAMAGES_V,project_status_override,NUMERIC
rpt-network-plng,sitetracker_data,LDR_ST_DAMAGES_V,project_status_override_reason,STRING
rpt-network-plng,sitetracker_data,LDR_ST_DAMAGES_V,record_updates_final_post_a,TIMESTAMP
rpt-network-plng,sitetracker_data,LDR_ST_DAMAGES_V,record_updates_final_post_f,TIMESTAMP
rpt-network-plng,sitetracker_data,LDR_ST_DAMAGES_V,released_to_construction_a,TIMESTAMP
rpt-network-plng,sitetracker_data,LDR_ST_DAMAGES_V,released_to_construction_f,TIMESTAMP
rpt-network-plng,sitetracker_data,LDR_ST_DAMAGES_V,responsible_person_name,STRING
rpt-network-plng,sitetracker_data,LDR_ST_DAMAGES_V,sap_system_status,STRING
rpt-network-plng,sitetracker_data,LDR_ST_DAMAGES_V,service_area,STRING
rpt-network-plng,sitetracker_data,LDR_ST_DAMAGES_V,project_status,STRING
rpt-network-plng,sitetracker_data,LDR_ST_DAMAGES_V,sow_form,STRING
rpt-network-plng,sitetracker_data,LDR_ST_DAMAGES_V,st_project_url,STRING
rpt-network-plng,sitetracker_data,LDR_ST_DAMAGES_V,project_type,STRING
rpt-network-plng,sitetracker_data,LDR_ST_DAMAGES_V,state,STRING
rpt-network-plng,sitetracker_data,LDR_ST_DAMAGES_V,submit_splicing_cutover_a,TIMESTAMP
rpt-network-plng,sitetracker_data,LDR_ST_DAMAGES_V,submit_splicing_cutover_f,TIMESTAMP
rpt-network-plng,sitetracker_data,LDR_ST_DAMAGES_V,technically_complete_a,TIMESTAMP
rpt-network-plng,sitetracker_data,LDR_ST_DAMAGES_V,technically_complete_f,TIMESTAMP
rpt-network-plng,sitetracker_data,LDR_ST_DAMAGES_V,upload_asbuilts_a,TIMESTAMP
rpt-network-plng,sitetracker_data,LDR_ST_DAMAGES_V,upload_asbuilts_f,TIMESTAMP
rpt-network-plng,sitetracker_data,LDR_ST_DAMAGES_V,vendor_contract_assignment,STRING
rpt-network-plng,sitetracker_data,LDR_ST_DAMAGES_V,verb_code_and_description,STRING
rpt-network-plng,sitetracker_data,LDR_ST_DAMAGES_V,verify_actuals_a,TIMESTAMP
rpt-network-plng,sitetracker_data,LDR_ST_DAMAGES_V,verify_actuals_f,TIMESTAMP
rpt-network-plng,sitetracker_data,LDR_ST_DAMAGES_V,wrecking_restoral_a,TIMESTAMP
rpt-network-plng,sitetracker_data,LDR_ST_DAMAGES_V,wrecking_restoral_f,TIMESTAMP
rpt-network-plng,sitetracker_data,LDR_ST_DAMAGES_V,funding_request_received_a,TIMESTAMP
rpt-network-plng,sitetracker_data,LDR_ST_DAMAGES_V,funding_request_received_f,TIMESTAMP
rpt-network-plng,sitetracker_data,LDR_ST_DAMAGES_V,funding_request_submitted_a,TIMESTAMP
rpt-network-plng,sitetracker_data,LDR_ST_DAMAGES_V,funding_request_submitted_f,TIMESTAMP
rpt-network-plng,sitetracker_data,LDR_ST_DAMAGES_V,furthest_completed_activity,STRING
rpt-network-plng,sitetracker_data,LDR_ST_DAMAGES_V,finalize_all_vendor_invoicing_a,TIMESTAMP
rpt-network-plng,sitetracker_data,LDR_ST_DAMAGES_V,finalize_all_vendor_invoicing_f,TIMESTAMP